totalHoles = 50;
zeroHoleID = 6;
C = [[0.0, 1.0, 1.118033988749895, 1.8027756377319946, 5.451385099499519, 4.0, 4.123105625617661, 4.47213595499958, 5.101742621671322, 5.897268670984712, 4.970160963188214, 5.543489675085341, 6.283333333333333, 5.024937810560445, 5.220153254455275, 5.478138369920935, 6.003147322678145, 6.69236712813768, 5.99353818708115, 6.476903409637802, 7.120412753329528, 6.514598989960933, 6.961880333485903, 7.56424337113619, 7.0400639201643616, 7.4558887986461935, 8.021239167222094, 7.569015788066505, 7.957246871737598, 8.489274278628168, 7.371178377539156, 8.10077156819028, 8.464648709649905, 8.966620198144772, 11.113068219947086, 8.634813257969162, 8.977069554023617, 9.451866364786257, 9.170741518546905, 9.49369673929907, 9.94385628304119, 9.5, 9.5524865872714, 9.7082439194738, 10.013879257199868, 10.44163673845139, 10.51189802081432, 10.606601717798213, 12.710955453853312, 13.636917305584971], [1.0, 0.0, 1.118033988749895, 1.118033988749895, 4.494218100653855, 4.123105625617661, 4.0, 4.123105625617661, 4.549114687985393, 5.2068331172711035, 4.658594208556911, 5.039538118165637, 5.640355583747456, 5.024937810560445, 5.024937810560445, 5.197114584074513, 5.541159124627666, 6.092709669031597, 5.737813172280882, 6.0511936379894875, 6.560000846883415, 6.280127387243033, 6.567681816626354, 7.039255011086835, 6.823672031978091, 7.089213245801289, 7.52818777071289, 7.368174807915459, 7.6147517651230405, 8.02503028723949, 7.361538698629393, 7.913437938089868, 8.14352162423877, 8.52840026682092, 10.461988235992196, 8.459314393022641, 8.674931956185272, 9.037207041509623, 9.005692644100174, 9.208525639017596, 9.550581715849098, 9.5524865872714, 9.5, 9.5524865872714, 9.74394398816231, 10.067825540359305, 10.51189802081432, 10.51189802081432, 12.434629074101203, 13.284909087292997], [1.118033988749895, 1.118033988749895, 0.0, 1.0, 4.779411740891406, 3.0413812651491097, 3.0413812651491097, 3.3541019662496847, 4.013864859597432, 4.8676939555034116, 3.853894134508627, 4.440001251251076, 5.224647781855198, 4.0, 4.123105625617661, 4.365775990588615, 4.890921294716478, 5.61288200877628, 4.8859492424707, 5.36037415775346, 6.026354158564235, 5.412023651093923, 5.8438952002163, 6.460220154487342, 5.942432162002357, 6.338265623268807, 6.910639944639313, 6.476109943476872, 6.841133759188686, 7.374580967380076, 6.349425522180712, 7.012310603502958, 7.350755819037328, 7.849646134982422, 10.043339893739564, 7.550496672405068, 7.865819163387315, 8.333933311734889, 8.09027193609708, 8.385321169228469, 8.82592456598426, 8.514693182963201, 8.514693182963201, 8.631338250816034, 8.908485343261844, 9.324400487132909, 9.5, 9.5524865872714, 11.605895034490391, 12.521813161000003], [1.8027756377319946, 1.118033988749895, 1.0, 0.0, 3.784596863890523, 3.3541019662496847, 3.0413812651491097, 3.0413812651491097, 3.4318767136623336, 4.126472801046649, 3.5850383540486703, 3.921769725236016, 4.542056558187907, 4.123105625617661, 4.0, 4.1303752856126765, 4.425808149680438, 4.983751375999588, 4.6768044645890425, 4.9396637312450515, 5.445206862716767, 5.223983154643591, 5.460565701260061, 5.921805280299056, 5.771698190307598, 5.986675018553937, 6.410169871210729, 6.319810123729985, 6.516730604971928, 6.907805568903759, 6.416633525427268, 6.868223933448881, 7.049842393825396, 7.412845457567411, 9.37131734656456, 7.416872656315464, 7.585366027936805, 7.923873912284179, 7.965707752610561, 8.12282449507422, 8.439803183592481, 8.631338250816034, 8.514693182963201, 8.514693182963201, 8.661857640124188, 8.959786703810408, 9.5524865872714, 9.5, 11.34673570734105, 12.178632956833457], [5.451385099499519, 4.494218100653855, 4.779411740891406, 3.784596863890523, 0.0, 5.8529918999044925, 4.973722048280037, 4.149494890555516, 3.312584378284831, 2.729531993215924, 4.510548316432869, 3.7549904835279886, 3.2522427907704476, 5.948335167613947, 5.182961325291962, 4.906810000703557, 4.222758790117523, 3.7827002839568724, 5.330433626932568, 4.708336231371319, 4.318050452041576, 5.775401364343656, 5.20674258397445, 4.8566756093551815, 6.237146718443587, 5.714622175078767, 5.397595413018149, 6.712208090898305, 6.229658487592321, 5.940183036806495, 7.549169183960475, 7.197949411023235, 6.750213562559344, 6.484019800933114, 7.116184899059452, 7.692347755515138, 7.275102845203574, 7.028815764196821, 8.193836235848739, 7.803451779592041, 7.574363954494845, 9.630674787450678, 9.12306383266266, 8.701189029554346, 8.334602446700577, 8.120512766031457, 10.24085318455271, 9.816082252139228, 10.718565288695476, 11.158188295757329], [4.0, 4.123105625617661, 3.0413812651491097, 3.3541019662496847, 5.8529918999044925, 0.0, 1.0, 2.0, 3.166666666666667, 4.333333333333334, 2.074246851269154, 3.2140749489981997, 4.368097729879424, 1.118033988749895, 1.8027756377319946, 2.2825424421026654, 3.3522794898065675, 4.470769260180823, 2.592778432492835, 3.5707531107285733, 4.636839201199216, 2.973213749463701, 3.8558757471912632, 4.859812524962026, 3.400367627183861, 4.1940765107205396, 5.132278030054274, 3.858756276314948, 4.5735957164771115, 5.446813543511269, 3.3973582605521884, 4.338490520907014, 4.985005293655945, 5.796574659035954, 8.606278169072072, 4.833218389437829, 5.421049508884583, 6.175579145131069, 5.338773267333985, 5.876246912594618, 6.5787747930581855, 5.5, 5.5901699437494745, 5.852349955359813, 6.346477588219924, 7.001983845866669, 6.519202405202649, 6.670832032063167, 8.99882265830513, 10.061813297876709], [4.123105625617661, 4.0, 3.0413812651491097, 3.0413812651491097, 4.973722048280037, 1.0, 0.0, 1.0, 2.166666666666667, 3.333333333333334, 1.1412712210513327, 2.2353846300904117, 3.3784036335392362, 1.118033988749895, 1.118033988749895, 1.4866068747318502, 2.429906262481013, 3.5101440299667352, 1.929378138157474, 2.7234067717556343, 3.7193562764423516, 2.4166091947189146, 3.0877895725655344, 3.9938842135333763, 2.9261749776799064, 3.5009919229333346, 4.321297387488058, 3.4481879299133342, 3.947713825044117, 4.6905342031703725, 3.3763922296527618, 3.9777506206397617, 4.41779859708933, 5.092505386458725, 7.7473180205983345, 4.512205669071391, 4.904533050601703, 5.520064411862521, 5.05, 5.4034196990835754, 5.967714060769929, 5.5901699437494745, 5.5, 5.5901699437494745, 5.9113826169894, 6.431260460524913, 6.519202405202649, 6.519202405202649, 8.604093264038083, 9.579320576095451], [4.47213595499958, 4.123105625617661, 3.3541019662496847, 3.0413812651491097, 4.149494890555516, 2.0, 1.0, 0.0, 1.166666666666667, 2.333333333333334, 0.5499999999999998, 1.289810494263057, 2.397278549615052, 1.8027756377319946, 1.118033988749895, 1.0999999999999996, 1.6034684627740925, 2.579620988526114, 1.6500000000000004, 2.0207946731697195, 2.857786633820735, 2.2, 2.490203026082635, 3.2069369255481854, 2.75, 2.9872413881558204, 3.606514168063734, 3.3000000000000007, 3.500158726559571, 4.041589346339439, 3.6411544634053774, 3.8500000000000014, 4.022885918232224, 4.5018823223674405, 6.926315694590369, 4.4, 4.5520447176089025, 4.98040605216527, 4.949999999999999, 5.085627897429294, 5.472380144365379, 5.852349955359813, 5.5901699437494745, 5.5, 5.622375931144333, 5.974482776311641, 6.670832032063167, 6.519202405202649, 8.311560175857789, 9.18077766629183], [5.101742621671322, 4.549114687985393, 4.013864859597432, 3.4318767136623336, 3.312584378284831, 3.166666666666667, 2.166666666666667, 1.166666666666667, 0.0, 1.166666666666667, 1.289810494263057, 0.5499999999999998, 1.289810494263057, 2.8480012484391772, 1.9436506316151003, 1.6034684627740925, 1.0999999999999996, 1.6034684627740925, 2.0207946731697195, 1.6500000000000004, 2.0207946731697195, 2.490203026082635, 2.2, 2.490203026082635, 2.9872413881558204, 2.75, 2.9872413881558204, 3.500158726559571, 3.3000000000000007, 3.500158726559571, 4.237148628310269, 4.022885918232224, 3.8500000000000014, 4.022885918232224, 6.037109537343845, 4.5520447176089025, 4.4, 4.5520447176089025, 5.085627897429294, 4.949999999999999, 5.085627897429294, 6.346477588219924, 5.9113826169894, 5.622375931144333, 5.5, 5.622375931144333, 7.025746302785998, 6.710274046399132, 8.11398118098811, 8.83694714462998], [5.897268670984712, 5.2068331172711035, 4.8676939555034116, 4.126472801046649, 2.729531993215924, 4.333333333333334, 3.333333333333334, 2.333333333333334, 1.166666666666667, 0.0, 2.397278549615052, 1.289810494263057, 0.5499999999999998, 3.9616214413349047, 3.004626062886658, 2.579620988526114, 1.6034684627740925, 1.0999999999999996, 2.857786633820735, 2.0207946731697195, 1.6500000000000004, 3.2069369255481854, 2.490203026082635, 2.2, 3.606514168063734, 2.9872413881558204, 2.75, 4.041589346339439, 3.500158726559571, 3.3000000000000007, 5.036970656319978, 4.5018823223674405, 4.022885918232224, 3.8500000000000014, 5.25754279610441, 4.98040605216527, 4.5520447176089025, 4.4, 5.472380144365379, 5.085627897429294, 4.949999999999999, 7.001983845866669, 6.431260460524913, 5.974482776311641, 5.622375931144333, 5.5, 7.546154281781181, 7.090682462060882, 8.081681191198742, 8.638218180753904], [4.970160963188214, 4.658594208556911, 3.853894134508627, 3.5850383540486703, 4.510548316432869, 2.074246851269154, 1.1412712210513327, 0.5499999999999998, 1.289810494263057, 2.397278549615052, 0.0, 1.166666666666667, 2.333333333333334, 1.5660459763365826, 0.6726812023536856, 0.5499999999999998, 1.289810494263057, 2.397278549615052, 1.1000000000000005, 1.603468462774093, 2.5796209885261145, 1.6500000000000004, 2.0207946731697195, 2.857786633820735, 2.2, 2.490203026082635, 3.2069369255481854, 2.750000000000001, 2.9872413881558213, 3.6065141680637347, 3.142701790175151, 3.3000000000000016, 3.500158726559572, 4.04158934633944, 6.609040260672351, 3.8500000000000005, 4.022885918232223, 4.50188232236744, 4.3999999999999995, 4.552044717608902, 4.980406052165269, 5.338773267333986, 5.05, 4.95, 5.085627897429295, 5.4723801443653795, 6.136163296392951, 5.970971445250765, 7.7783973542883675, 8.668300431956261], [5.543489675085341, 5.039538118165637, 4.440001251251076, 3.921769725236016, 3.7549904835279886, 3.2140749489981997, 2.2353846300904117, 1.289810494263057, 0.5499999999999998, 1.289810494263057, 1.166666666666667, 0.0, 1.166666666666667, 2.7043688933115453, 1.7263481044614897, 1.289810494263057, 0.5499999999999998, 1.289810494263057, 1.603468462774093, 1.1000000000000005, 1.603468462774093, 2.0207946731697195, 1.6500000000000004, 2.0207946731697195, 2.490203026082635, 2.2, 2.490203026082635, 2.9872413881558213, 2.750000000000001, 2.9872413881558213, 3.817328544150319, 3.500158726559572, 3.3000000000000016, 3.500158726559572, 5.670295903385219, 4.022885918232223, 3.8500000000000005, 4.022885918232223, 4.552044717608902, 4.3999999999999995, 4.552044717608902, 5.876246912594619, 5.403419699083576, 5.085627897429295, 4.95, 5.085627897429295, 6.520246246201988, 6.179019159848736, 7.566909768837232, 8.30327577873662], [6.283333333333333, 5.640355583747456, 5.224647781855198, 4.542056558187907, 3.2522427907704476, 4.368097729879424, 3.3784036335392362, 2.397278549615052, 1.289810494263057, 0.5499999999999998, 2.333333333333334, 1.166666666666667, 0.0, 3.8596560007913205, 2.868846070770926, 2.397278549615052, 1.289810494263057, 0.5499999999999998, 2.5796209885261145, 1.603468462774093, 1.1000000000000005, 2.857786633820735, 2.0207946731697195, 1.6500000000000004, 3.2069369255481854, 2.490203026082635, 2.2, 3.6065141680637347, 2.9872413881558213, 2.750000000000001, 4.689311474856592, 4.04158934633944, 3.500158726559572, 3.3000000000000016, 4.8319064890505246, 4.50188232236744, 4.022885918232223, 3.8500000000000005, 4.980406052165269, 4.552044717608902, 4.3999999999999995, 6.578774793058186, 5.967714060769929, 5.4723801443653795, 5.085627897429295, 4.95, 7.077919499714902, 6.590165231447371, 7.532264182864978, 8.091450250670615], [5.024937810560445, 5.024937810560445, 4.0, 4.123105625617661, 5.948335167613947, 1.118033988749895, 1.118033988749895, 1.8027756377319946, 2.8480012484391772, 3.9616214413349047, 1.5660459763365826, 2.7043688933115453, 3.8596560007913205, 0.0, 1.0, 1.5033296378372907, 2.668541007950058, 3.834637459323169, 1.6347782724271815, 2.744742448957846, 3.8880514971440965, 1.9209372712298547, 2.924228293261508, 4.016770399767013, 2.3048861143232218, 3.1896098681674396, 4.213898959923511, 2.745906043549197, 3.52152113597393, 4.4703964527147315, 2.350101474141324, 3.2206365830375843, 3.903025891678291, 4.776708536685534, 7.709501597602095, 3.7161808352124095, 4.321008112826348, 5.123909097988025, 4.225221887664598, 4.765879888447788, 5.504266022318002, 4.527692569068709, 4.527692569068709, 4.743416490252569, 5.230784942158405, 5.911382616989401, 5.5, 5.5901699437494745, 7.880813424856047, 8.948205299441813], [5.220153254455275, 5.024937810560445, 4.123105625617661, 4.0, 5.182961325291962, 1.8027756377319946, 1.118033988749895, 1.118033988749895, 1.9436506316151003, 3.004626062886658, 0.6726812023536856, 1.7263481044614897, 2.868846070770926, 1.0, 0.0, 0.5099019513592784, 1.6696639715157593, 2.8350974899953227, 0.8200609733428366, 1.788932021564201, 2.9069361495873594, 1.3, 2.053722906766582, 3.076975426905093, 1.8200274723201295, 2.416666666666667, 3.3302068671146814, 2.3537204591879646, 2.840383385703025, 3.6493530629109845, 2.5260558736256367, 2.8935272592460586, 3.301556871807267, 4.0187408199307635, 6.810971110808681, 3.4365680554879168, 3.7865258189767808, 4.425808149680438, 3.9815198103236904, 4.287222618173422, 4.861098412681827, 4.743416490252569, 4.527692569068709, 4.527692569068709, 4.7987266829626565, 5.317685377847939, 5.5901699437494745, 5.5, 7.4939196618345845, 8.461304505762435], [5.478138369920935, 5.197114584074513, 4.365775990588615, 4.1303752856126765, 4.906810000703557, 2.2825424421026654, 1.4866068747318502, 1.0999999999999996, 1.6034684627740925, 2.579620988526114, 0.5499999999999998, 1.289810494263057, 2.397278549615052, 1.5033296378372907, 0.5099019513592784, 0.0, 1.166666666666667, 2.333333333333334, 0.5500000000000007, 1.2898104942630575, 2.397278549615052, 1.1000000000000005, 1.603468462774093, 2.5796209885261145, 1.6500000000000004, 2.0207946731697195, 2.857786633820735, 2.200000000000001, 2.4902030260826358, 3.206936925548186, 2.6646094005619836, 2.7500000000000018, 2.9872413881558217, 3.606514168063735, 6.323762901409827, 3.3000000000000007, 3.500158726559571, 4.041589346339439, 3.8499999999999996, 4.022885918232222, 4.501882322367439, 4.833218389437829, 4.512205669071391, 4.4, 4.5520447176089025, 4.98040605216527, 5.604462507680822, 5.4230987451825, 7.247751254388866, 8.1607099078097], [6.003147322678145, 5.541159124627666, 4.890921294716478, 4.425808149680438, 4.222758790117523, 3.3522794898065675, 2.429906262481013, 1.6034684627740925, 1.0999999999999996, 1.6034684627740925, 1.289810494263057, 0.5499999999999998, 1.289810494263057, 2.668541007950058, 1.6696639715157593, 1.166666666666667, 0.0, 1.166666666666667, 1.2898104942630575, 0.5500000000000007, 1.2898104942630575, 1.603468462774093, 1.1000000000000005, 1.603468462774093, 2.0207946731697195, 1.6500000000000004, 2.0207946731697195, 2.4902030260826358, 2.200000000000001, 2.4902030260826358, 3.4344673429191297, 2.9872413881558217, 2.7500000000000018, 2.9872413881558217, 5.335055735229613, 3.500158726559571, 3.3000000000000007, 3.500158726559571, 4.022885918232222, 3.8499999999999996, 4.022885918232222, 5.421049508884583, 4.904533050601703, 4.5520447176089025, 4.4, 4.5520447176089025, 6.022550216570313, 5.651351854006064, 7.02029602609601, 7.771881527566186], [6.69236712813768, 6.092709669031597, 5.61288200877628, 4.983751375999588, 3.7827002839568724, 4.470769260180823, 3.5101440299667352, 2.579620988526114, 1.6034684627740925, 1.0999999999999996, 2.397278549615052, 1.289810494263057, 0.5499999999999998, 3.834637459323169, 2.8350974899953227, 2.333333333333334, 1.166666666666667, 0.0, 2.397278549615052, 1.2898104942630575, 0.5500000000000007, 2.5796209885261145, 1.603468462774093, 1.1000000000000005, 2.857786633820735, 2.0207946731697195, 1.6500000000000004, 3.206936925548186, 2.4902030260826358, 2.200000000000001, 4.3832876729476595, 3.606514168063735, 2.9872413881558217, 2.7500000000000018, 4.4337212795785605, 4.041589346339439, 3.500158726559571, 3.3000000000000007, 4.501882322367439, 4.022885918232222, 3.8499999999999996, 6.175579145131069, 5.520064411862521, 4.98040605216527, 4.5520447176089025, 4.4, 6.622268829067909, 6.098178234339972, 6.982938963270817, 7.545152150874616], [5.99353818708115, 5.737813172280882, 4.8859492424707, 4.6768044645890425, 5.330433626932568, 2.592778432492835, 1.929378138157474, 1.6500000000000004, 2.0207946731697195, 2.857786633820735, 1.1000000000000005, 1.603468462774093, 2.5796209885261145, 1.6347782724271815, 0.8200609733428366, 0.5500000000000007, 1.2898104942630575, 2.397278549615052, 0.0, 1.166666666666667, 2.333333333333334, 0.5499999999999998, 1.289810494263057, 2.397278549615052, 1.0999999999999996, 1.6034684627740925, 2.579620988526114, 1.6500000000000004, 2.0207946731697195, 2.857786633820735, 2.2200702631125178, 2.200000000000001, 2.4902030260826358, 3.206936925548186, 6.07499311105012, 2.75, 2.9872413881558204, 3.606514168063734, 3.299999999999999, 3.5001587265595693, 4.041589346339437, 4.338490520907012, 3.9777506206397604, 3.8499999999999996, 4.022885918232222, 4.501882322367439, 5.076662289339325, 4.875705077217037, 6.72021808349926, 7.658977739894122], [6.476903409637802, 6.0511936379894875, 5.36037415775346, 4.9396637312450515, 4.708336231371319, 3.5707531107285733, 2.7234067717556343, 2.0207946731697195, 1.6500000000000004, 2.0207946731697195, 1.603468462774093, 1.1000000000000005, 1.603468462774093, 2.744742448957846, 1.788932021564201, 1.2898104942630575, 0.5500000000000007, 1.2898104942630575, 1.166666666666667, 0.0, 1.166666666666667, 1.289810494263057, 0.5499999999999998, 1.289810494263057, 1.6034684627740925, 1.0999999999999996, 1.6034684627740925, 2.0207946731697195, 1.6500000000000004, 2.0207946731697195, 3.102278943804244, 2.4902030260826358, 2.200000000000001, 2.4902030260826358, 5.037696275487989, 2.9872413881558204, 2.75, 2.9872413881558204, 3.5001587265595693, 3.299999999999999, 3.5001587265595693, 4.985005293655943, 4.417798597089329, 4.022885918232222, 3.8499999999999996, 4.022885918232222, 5.534763871305723, 5.1283796444664445, 6.474255875258139, 7.243265582545954], [7.120412753329528, 6.560000846883415, 6.026354158564235, 5.445206862716767, 4.318050452041576, 4.636839201199216, 3.7193562764423516, 2.857786633820735, 2.0207946731697195, 1.6500000000000004, 2.5796209885261145, 1.603468462774093, 1.1000000000000005, 3.8880514971440965, 2.9069361495873594, 2.397278549615052, 1.2898104942630575, 0.5500000000000007, 2.333333333333334, 1.166666666666667, 0.0, 2.397278549615052, 1.289810494263057, 0.5499999999999998, 2.579620988526114, 1.6034684627740925, 1.0999999999999996, 2.857786633820735, 2.0207946731697195, 1.6500000000000004, 4.128169029897891, 3.206936925548186, 2.4902030260826358, 2.200000000000001, 4.071050042807989, 3.606514168063734, 2.9872413881558204, 2.75, 4.041589346339437, 3.5001587265595693, 3.299999999999999, 5.7965746590359535, 5.092505386458724, 4.501882322367439, 4.022885918232222, 3.8499999999999996, 6.181985477534256, 5.616963394733651, 6.4337290438019545, 6.999433891438515], [6.514598989960933, 6.280127387243033, 5.412023651093923, 5.223983154643591, 5.775401364343656, 2.973213749463701, 2.4166091947189146, 2.2, 2.490203026082635, 3.2069369255481854, 1.6500000000000004, 2.0207946731697195, 2.857786633820735, 1.9209372712298547, 1.3, 1.1000000000000005, 1.603468462774093, 2.5796209885261145, 0.5499999999999998, 1.289810494263057, 2.397278549615052, 0.0, 1.166666666666667, 2.333333333333334, 0.5499999999999998, 1.289810494263057, 2.397278549615052, 1.1000000000000005, 1.603468462774093, 2.5796209885261145, 1.8336522813089942, 1.6500000000000012, 2.0207946731697204, 2.857786633820736, 5.867376361319052, 2.2, 2.490203026082635, 3.2069369255481854, 2.749999999999999, 2.9872413881558195, 3.6065141680637334, 3.8587562763149474, 3.4481879299133333, 3.3, 3.50015872655957, 4.041589346339438, 4.55411901469428, 4.328972164382672, 6.196592929512602, 7.164334849863171], [6.961880333485903, 6.567681816626354, 5.8438952002163, 5.460565701260061, 5.20674258397445, 3.8558757471912632, 3.0877895725655344, 2.490203026082635, 2.2, 2.490203026082635, 2.0207946731697195, 1.6500000000000004, 2.0207946731697195, 2.924228293261508, 2.053722906766582, 1.603468462774093, 1.1000000000000005, 1.603468462774093, 1.289810494263057, 0.5499999999999998, 1.289810494263057, 1.166666666666667, 0.0, 1.166666666666667, 1.289810494263057, 0.5499999999999998, 1.289810494263057, 1.603468462774093, 1.1000000000000005, 1.603468462774093, 2.838609406164288, 2.0207946731697204, 1.6500000000000012, 2.0207946731697204, 4.7852845087961855, 2.490203026082635, 2.2, 2.490203026082635, 2.9872413881558195, 2.749999999999999, 2.9872413881558195, 4.5735957164771115, 3.947713825044116, 3.50015872655957, 3.3, 3.50015872655957, 5.059754056385657, 4.611700096252767, 5.928947797257927, 6.718083813117031], [7.56424337113619, 7.039255011086835, 6.460220154487342, 5.921805280299056, 4.8566756093551815, 4.859812524962026, 3.9938842135333763, 3.2069369255481854, 2.490203026082635, 2.2, 2.857786633820735, 2.0207946731697195, 1.6500000000000004, 4.016770399767013, 3.076975426905093, 2.5796209885261145, 1.603468462774093, 1.1000000000000005, 2.397278549615052, 1.289810494263057, 0.5499999999999998, 2.333333333333334, 1.166666666666667, 0.0, 2.397278549615052, 1.289810494263057, 0.5499999999999998, 2.5796209885261145, 1.603468462774093, 1.1000000000000005, 3.933871916445843, 2.857786633820736, 2.0207946731697204, 1.6500000000000012, 3.754199317711583, 3.2069369255481854, 2.490203026082635, 2.2, 3.6065141680637334, 2.9872413881558195, 2.749999999999999, 5.446813543511269, 4.690534203170372, 4.041589346339438, 3.50015872655957, 3.3, 5.760594105163499, 5.149541511414174, 5.8846667070749135, 6.454442549236021], [7.0400639201643616, 6.823672031978091, 5.942432162002357, 5.771698190307598, 6.237146718443587, 3.400367627183861, 2.9261749776799064, 2.75, 2.9872413881558204, 3.606514168063734, 2.2, 2.490203026082635, 3.2069369255481854, 2.3048861143232218, 1.8200274723201295, 1.6500000000000004, 2.0207946731697195, 2.857786633820735, 1.0999999999999996, 1.6034684627740925, 2.579620988526114, 0.5499999999999998, 1.289810494263057, 2.397278549615052, 0.0, 1.166666666666667, 2.333333333333334, 0.5500000000000007, 1.2898104942630575, 2.397278549615052, 1.54946745830394, 1.1000000000000014, 1.6034684627740936, 2.579620988526115, 5.705407034684273, 1.6500000000000004, 2.0207946731697195, 2.857786633820735, 2.1999999999999993, 2.4902030260826344, 3.206936925548185, 3.400367627183861, 2.9261749776799064, 2.75, 2.9872413881558204, 3.606514168063734, 4.038873605350878, 3.783186487605389, 5.677957095503689, 6.678356658769748], [7.4558887986461935, 7.089213245801289, 6.338265623268807, 5.986675018553937, 5.714622175078767, 4.1940765107205396, 3.5009919229333346, 2.9872413881558204, 2.75, 2.9872413881558204, 2.490203026082635, 2.2, 2.490203026082635, 3.1896098681674396, 2.416666666666667, 2.0207946731697195, 1.6500000000000004, 2.0207946731697195, 1.6034684627740925, 1.0999999999999996, 1.6034684627740925, 1.289810494263057, 0.5499999999999998, 1.289810494263057, 1.166666666666667, 0.0, 1.166666666666667, 1.2898104942630575, 0.5500000000000007, 1.2898104942630575, 2.6638828946403716, 1.6034684627740936, 1.1000000000000014, 1.6034684627740936, 4.5852493821147755, 2.0207946731697195, 1.6500000000000004, 2.0207946731697195, 2.4902030260826344, 2.1999999999999993, 2.4902030260826344, 4.1940765107205396, 3.5009919229333346, 2.9872413881558204, 2.75, 2.9872413881558204, 4.601479230759508, 4.103690750748377, 5.3845942119072205, 6.197209367193862], [8.021239167222094, 7.52818777071289, 6.910639944639313, 6.410169871210729, 5.397595413018149, 5.132278030054274, 4.321297387488058, 3.606514168063734, 2.9872413881558204, 2.75, 3.2069369255481854, 2.490203026082635, 2.2, 4.213898959923511, 3.3302068671146814, 2.857786633820735, 2.0207946731697195, 1.6500000000000004, 2.579620988526114, 1.6034684627740925, 1.0999999999999996, 2.397278549615052, 1.289810494263057, 0.5499999999999998, 2.333333333333334, 1.166666666666667, 0.0, 2.397278549615052, 1.2898104942630575, 0.5500000000000007, 3.80971350242961, 2.579620988526115, 1.6034684627740936, 1.1000000000000014, 3.4956510957424367, 2.857786633820735, 2.0207946731697195, 1.6500000000000004, 3.206936925548185, 2.4902030260826344, 2.1999999999999993, 5.132278030054274, 4.321297387488058, 3.606514168063734, 2.9872413881558204, 2.75, 5.36255018106539, 4.700029550734524, 5.335797512804531, 5.910379213058895], [7.569015788066505, 7.368174807915459, 6.476109943476872, 6.319810123729985, 6.712208090898305, 3.858756276314948, 3.4481879299133342, 3.3000000000000007, 3.500158726559571, 4.041589346339439, 2.750000000000001, 2.9872413881558213, 3.6065141680637347, 2.745906043549197, 2.3537204591879646, 2.200000000000001, 2.4902030260826358, 3.206936925548186, 1.6500000000000004, 2.0207946731697195, 2.857786633820735, 1.1000000000000005, 1.603468462774093, 2.5796209885261145, 0.5500000000000007, 1.2898104942630575, 2.397278549615052, 0.0, 1.166666666666667, 2.333333333333334, 1.4298315005398594, 0.5500000000000007, 1.2898104942630575, 2.397278549615052, 5.593052252347011, 1.0999999999999996, 1.6034684627740925, 2.579620988526114, 1.6499999999999986, 2.020794673169718, 2.857786633820734, 2.9732137494637003, 2.4166091947189137, 2.1999999999999993, 2.4902030260826344, 3.206936925548185, 3.5341194094144575, 3.2388269481403285, 5.165813548965524, 6.203079999686003], [7.957246871737598, 7.6147517651230405, 6.841133759188686, 6.516730604971928, 6.229658487592321, 4.5735957164771115, 3.947713825044117, 3.500158726559571, 3.3000000000000007, 3.500158726559571, 2.9872413881558213, 2.750000000000001, 2.9872413881558213, 3.52152113597393, 2.840383385703025, 2.4902030260826358, 2.200000000000001, 2.4902030260826358, 2.0207946731697195, 1.6500000000000004, 2.0207946731697195, 1.603468462774093, 1.1000000000000005, 1.603468462774093, 1.2898104942630575, 0.5500000000000007, 1.2898104942630575, 1.166666666666667, 0.0, 1.166666666666667, 2.5961203346437465, 1.2898104942630575, 0.5500000000000007, 1.2898104942630575, 4.444668262338947, 1.6034684627740925, 1.0999999999999996, 1.6034684627740925, 2.020794673169718, 1.6499999999999986, 2.020794673169718, 3.855875747191263, 3.087789572565534, 2.4902030260826344, 2.1999999999999993, 2.4902030260826344, 4.165466493816882, 3.608015767395948, 4.841517083642258, 5.681826973923584], [8.489274278628168, 8.02503028723949, 7.374580967380076, 6.907805568903759, 5.940183036806495, 5.446813543511269, 4.6905342031703725, 4.041589346339439, 3.500158726559571, 3.3000000000000007, 3.6065141680637347, 2.9872413881558213, 2.750000000000001, 4.4703964527147315, 3.6493530629109845, 3.206936925548186, 2.4902030260826358, 2.200000000000001, 2.857786633820735, 2.0207946731697195, 1.6500000000000004, 2.5796209885261145, 1.603468462774093, 1.1000000000000005, 2.397278549615052, 1.2898104942630575, 0.5500000000000007, 2.333333333333334, 1.166666666666667, 0.0, 3.762643443935085, 2.397278549615052, 1.2898104942630575, 0.5500000000000007, 3.3090996735100746, 2.579620988526114, 1.6034684627740925, 1.0999999999999996, 2.857786633820734, 2.020794673169718, 1.6499999999999986, 4.859812524962026, 3.993884213533376, 3.206936925548185, 2.4902030260826344, 2.1999999999999993, 4.993440141269788, 4.274082097688084, 4.787187894990765, 5.367526084047375], [7.371178377539156, 7.361538698629393, 6.349425522180712, 6.416633525427268, 7.549169183960475, 3.3973582605521884, 3.3763922296527618, 3.6411544634053774, 4.237148628310269, 5.036970656319978, 3.142701790175151, 3.817328544150319, 4.689311474856592, 2.350101474141324, 2.5260558736256367, 2.6646094005619836, 3.4344673429191297, 4.3832876729476595, 2.2200702631125178, 3.102278943804244, 4.128169029897891, 1.8336522813089942, 2.838609406164288, 3.933871916445843, 1.54946745830394, 2.6638828946403716, 3.80971350242961, 1.4298315005398594, 2.5961203346437465, 3.762643443935085, 0.0, 1.5142611516938753, 2.643560006420122, 3.7955308458476362, 7.0019026875358055, 1.7738533059761326, 2.800353231850787, 3.9063567575650415, 2.145955327287976, 3.049679809214459, 4.088788553222979, 2.22547305229116, 2.1933334549018046, 2.5823812619961526, 3.3710704018640034, 4.333792859443152, 3.151771580348608, 3.2850639921637015, 5.822728223002003, 7.018474333577431], [8.10077156819028, 7.913437938089868, 7.012310603502958, 6.868223933448881, 7.197949411023235, 4.338490520907014, 3.9777506206397617, 3.8500000000000014, 4.022885918232224, 4.5018823223674405, 3.3000000000000016, 3.500158726559572, 4.04158934633944, 3.2206365830375843, 2.8935272592460586, 2.7500000000000018, 2.9872413881558217, 3.606514168063735, 2.200000000000001, 2.4902030260826358, 3.206936925548186, 1.6500000000000012, 2.0207946731697204, 2.857786633820736, 1.1000000000000014, 1.6034684627740936, 2.579620988526115, 0.5500000000000007, 1.2898104942630575, 2.397278549615052, 1.5142611516938753, 0.0, 1.166666666666667, 2.333333333333334, 5.53333512120341, 0.5499999999999989, 1.2898104942630568, 2.3972785496150517, 1.0999999999999979, 1.6034684627740912, 2.5796209885261137, 2.5927784324928336, 1.9293781381574726, 1.6499999999999986, 2.020794673169718, 2.857786633820734, 3.0450779957170218, 2.696757312032359, 4.6623022710857, 5.7411632360763605], [8.464648709649905, 8.14352162423877, 7.350755819037328, 7.049842393825396, 6.750213562559344, 4.985005293655945, 4.41779859708933, 4.022885918232224, 3.8500000000000014, 4.022885918232224, 3.500158726559572, 3.3000000000000016, 3.500158726559572, 3.903025891678291, 3.301556871807267, 2.9872413881558217, 2.7500000000000018, 2.9872413881558217, 2.4902030260826358, 2.200000000000001, 2.4902030260826358, 2.0207946731697204, 1.6500000000000012, 2.0207946731697204, 1.6034684627740936, 1.1000000000000014, 1.6034684627740936, 1.2898104942630575, 0.5500000000000007, 1.2898104942630575, 2.643560006420122, 1.166666666666667, 0.0, 1.166666666666667, 4.3692836973927776, 1.2898104942630568, 0.5499999999999989, 1.2898104942630568, 1.6034684627740912, 1.0999999999999979, 1.6034684627740912, 3.5707531107285724, 2.7234067717556334, 2.020794673169718, 1.6499999999999986, 2.020794673169718, 3.759469525227077, 3.130539534613446, 4.300200055287537, 5.17357821844571], [8.966620198144772, 8.52840026682092, 7.849646134982422, 7.412845457567411, 6.484019800933114, 5.796574659035954, 5.092505386458725, 4.5018823223674405, 4.022885918232224, 3.8500000000000014, 4.04158934633944, 3.500158726559572, 3.3000000000000016, 4.776708536685534, 4.0187408199307635, 3.606514168063735, 2.9872413881558217, 2.7500000000000018, 3.206936925548186, 2.4902030260826358, 2.200000000000001, 2.857786633820736, 2.0207946731697204, 1.6500000000000012, 2.579620988526115, 1.6034684627740936, 1.1000000000000014, 2.397278549615052, 1.2898104942630575, 0.5500000000000007, 3.7955308458476362, 2.333333333333334, 1.166666666666667, 0.0, 3.2071334108957283, 2.3972785496150517, 1.2898104942630568, 0.5499999999999989, 2.5796209885261137, 1.6034684627740912, 1.0999999999999979, 4.636839201199216, 3.7193562764423507, 2.857786633820734, 2.020794673169718, 1.6499999999999986, 4.660144251463086, 3.879468749426624, 4.238938639121969, 4.826291545658967], [11.113068219947086, 10.461988235992196, 10.043339893739564, 9.37131734656456, 7.116184899059452, 8.606278169072072, 7.7473180205983345, 6.926315694590369, 6.037109537343845, 5.25754279610441, 6.609040260672351, 5.670295903385219, 4.8319064890505246, 7.709501597602095, 6.810971110808681, 6.323762901409827, 5.335055735229613, 4.4337212795785605, 6.07499311105012, 5.037696275487989, 4.071050042807989, 5.867376361319052, 4.7852845087961855, 3.754199317711583, 5.705407034684273, 4.5852493821147755, 3.4956510957424367, 5.593052252347011, 4.444668262338947, 3.3090996735100746, 7.0019026875358055, 5.53333512120341, 4.3692836973927776, 3.2071334108957283, 0.0, 5.527961797046208, 4.362476830237782, 3.1978537773548767, 5.577089356973001, 4.424564177455297, 3.2820470513693185, 7.638629758277224, 6.655942996516687, 5.679303633520637, 4.552727998297269, 3.4528824065498123, 7.397097778454811, 6.4552279690853895, 5.269373361222998, 4.968371804877484], [8.634813257969162, 8.459314393022641, 7.550496672405068, 7.416872656315464, 7.692347755515138, 4.833218389437829, 4.512205669071391, 4.4, 4.5520447176089025, 4.98040605216527, 3.8500000000000005, 4.022885918232223, 4.50188232236744, 3.7161808352124095, 3.4365680554879168, 3.3000000000000007, 3.500158726559571, 4.041589346339439, 2.75, 2.9872413881558204, 3.606514168063734, 2.2, 2.490203026082635, 3.2069369255481854, 1.6500000000000004, 2.0207946731697195, 2.857786633820735, 1.0999999999999996, 1.6034684627740925, 2.579620988526114, 1.7738533059761326, 0.5499999999999989, 1.2898104942630568, 2.3972785496150517, 5.527961797046208, 0.0, 1.166666666666667, 2.333333333333334, 0.5499999999999989, 1.2898104942630568, 2.3972785496150517, 2.2825424421026654, 1.4866068747318502, 1.0999999999999996, 1.6034684627740925, 2.579620988526114, 2.580697580112788, 2.15870331449229, 4.170550960156942, 5.296103201793284], [8.977069554023617, 8.674931956185272, 7.865819163387315, 7.585366027936805, 7.275102845203574, 5.421049508884583, 4.904533050601703, 4.5520447176089025, 4.4, 4.5520447176089025, 4.022885918232223, 3.8500000000000005, 4.022885918232223, 4.321008112826348, 3.7865258189767808, 3.500158726559571, 3.3000000000000007, 3.500158726559571, 2.9872413881558204, 2.75, 2.9872413881558204, 2.490203026082635, 2.2, 2.490203026082635, 2.0207946731697195, 1.6500000000000004, 2.0207946731697195, 1.6034684627740925, 1.0999999999999996, 1.6034684627740925, 2.800353231850787, 1.2898104942630568, 0.5499999999999989, 1.2898104942630568, 4.362476830237782, 1.166666666666667, 0.0, 1.166666666666667, 1.2898104942630568, 0.5499999999999989, 1.2898104942630568, 3.3522794898065675, 2.429906262481013, 1.6034684627740925, 1.0999999999999996, 1.6034684627740925, 3.3942762278740823, 2.6810031290130523, 3.7614031105147507, 4.674790412750735], [9.451866364786257, 9.037207041509623, 8.333933311734889, 7.923873912284179, 7.028815764196821, 6.175579145131069, 5.520064411862521, 4.98040605216527, 4.5520447176089025, 4.4, 4.50188232236744, 4.022885918232223, 3.8500000000000005, 5.123909097988025, 4.425808149680438, 4.041589346339439, 3.500158726559571, 3.3000000000000007, 3.606514168063734, 2.9872413881558204, 2.75, 3.2069369255481854, 2.490203026082635, 2.2, 2.857786633820735, 2.0207946731697195, 1.6500000000000004, 2.579620988526114, 1.6034684627740925, 1.0999999999999996, 3.9063567575650415, 2.3972785496150517, 1.2898104942630568, 0.5499999999999989, 3.1978537773548767, 2.333333333333334, 1.166666666666667, 0.0, 2.3972785496150517, 1.2898104942630568, 0.5499999999999989, 4.470769260180823, 3.5101440299667352, 2.579620988526114, 1.6034684627740925, 1.0999999999999996, 4.3708631235082676, 3.5267233769857507, 3.6912103205502023, 4.287288642541987], [9.170741518546905, 9.005692644100174, 8.09027193609708, 7.965707752610561, 8.193836235848739, 5.338773267333985, 5.05, 4.949999999999999, 5.085627897429294, 5.472380144365379, 4.3999999999999995, 4.552044717608902, 4.980406052165269, 4.225221887664598, 3.9815198103236904, 3.8499999999999996, 4.022885918232222, 4.501882322367439, 3.299999999999999, 3.5001587265595693, 4.041589346339437, 2.749999999999999, 2.9872413881558195, 3.6065141680637334, 2.1999999999999993, 2.4902030260826344, 3.206936925548185, 1.6499999999999986, 2.020794673169718, 2.857786633820734, 2.145955327287976, 1.0999999999999979, 1.6034684627740912, 2.5796209885261137, 5.577089356973001, 0.5499999999999989, 1.2898104942630568, 2.3972785496150517, 0.0, 1.166666666666667, 2.333333333333334, 2.0742468512691543, 1.141271221051333, 0.5500000000000007, 1.2898104942630575, 2.397278549615052, 2.1569654610122995, 1.6286497474902337, 3.6952575222250883, 4.872521210299177], [9.49369673929907, 9.208525639017596, 8.385321169228469, 8.12282449507422, 7.803451779592041, 5.876246912594618, 5.4034196990835754, 5.085627897429294, 4.949999999999999, 5.085627897429294, 4.552044717608902, 4.3999999999999995, 4.552044717608902, 4.765879888447788, 4.287222618173422, 4.022885918232222, 3.8499999999999996, 4.022885918232222, 3.5001587265595693, 3.299999999999999, 3.5001587265595693, 2.9872413881558195, 2.749999999999999, 2.9872413881558195, 2.4902030260826344, 2.1999999999999993, 2.4902030260826344, 2.020794673169718, 1.6499999999999986, 2.020794673169718, 3.049679809214459, 1.6034684627740912, 1.0999999999999979, 1.6034684627740912, 4.424564177455297, 1.2898104942630568, 0.5499999999999989, 1.2898104942630568, 1.166666666666667, 0.0, 1.166666666666667, 3.2140749489981997, 2.2353846300904117, 1.2898104942630575, 0.5500000000000007, 1.2898104942630575, 3.084414224956031, 2.2760223588044517, 3.2263890348321533, 4.188844616826515], [9.94385628304119, 9.550581715849098, 8.82592456598426, 8.439803183592481, 7.574363954494845, 6.5787747930581855, 5.967714060769929, 5.472380144365379, 5.085627897429294, 4.949999999999999, 4.980406052165269, 4.552044717608902, 4.3999999999999995, 5.504266022318002, 4.861098412681827, 4.501882322367439, 4.022885918232222, 3.8499999999999996, 4.041589346339437, 3.5001587265595693, 3.299999999999999, 3.6065141680637334, 2.9872413881558195, 2.749999999999999, 3.206936925548185, 2.4902030260826344, 2.1999999999999993, 2.857786633820734, 2.020794673169718, 1.6499999999999986, 4.088788553222979, 2.5796209885261137, 1.6034684627740912, 1.0999999999999979, 3.2820470513693185, 2.3972785496150517, 1.2898104942630568, 0.5499999999999989, 2.333333333333334, 1.166666666666667, 0.0, 4.368097729879425, 3.3784036335392362, 2.397278549615052, 1.2898104942630575, 0.5500000000000007, 4.134845153623585, 3.229594057738183, 3.1442751906968063, 3.7514794048801337], [9.5, 9.5524865872714, 8.514693182963201, 8.631338250816034, 9.630674787450678, 5.5, 5.5901699437494745, 5.852349955359813, 6.346477588219924, 7.001983845866669, 5.338773267333986, 5.876246912594619, 6.578774793058186, 4.527692569068709, 4.743416490252569, 4.833218389437829, 5.421049508884583, 6.175579145131069, 4.338490520907012, 4.985005293655943, 5.7965746590359535, 3.8587562763149474, 4.5735957164771115, 5.446813543511269, 3.400367627183861, 4.1940765107205396, 5.132278030054274, 2.9732137494637003, 3.855875747191263, 4.859812524962026, 2.22547305229116, 2.5927784324928336, 3.5707531107285724, 4.636839201199216, 7.638629758277224, 2.2825424421026654, 3.3522794898065675, 4.470769260180823, 2.0742468512691543, 3.2140749489981997, 4.368097729879425, 0.0, 1.0, 2.0, 3.166666666666667, 4.333333333333334, 1.118033988749895, 1.8027756377319946, 4.734779580780594, 6.082156282851614], [9.5524865872714, 9.5, 8.514693182963201, 8.514693182963201, 9.12306383266266, 5.5901699437494745, 5.5, 5.5901699437494745, 5.9113826169894, 6.431260460524913, 5.05, 5.403419699083576, 5.967714060769929, 4.527692569068709, 4.527692569068709, 4.512205669071391, 4.904533050601703, 5.520064411862521, 3.9777506206397604, 4.417798597089329, 5.092505386458724, 3.4481879299133333, 3.947713825044116, 4.690534203170372, 2.9261749776799064, 3.5009919229333346, 4.321297387488058, 2.4166091947189137, 3.087789572565534, 3.993884213533376, 2.1933334549018046, 1.9293781381574726, 2.7234067717556334, 3.7193562764423507, 6.655942996516687, 1.4866068747318502, 2.429906262481013, 3.5101440299667352, 1.141271221051333, 2.2353846300904117, 3.3784036335392362, 1.0, 0.0, 1.0, 2.166666666666667, 3.333333333333334, 1.118033988749895, 1.118033988749895, 3.9331602229271727, 5.245562020156514], [9.7082439194738, 9.5524865872714, 8.631338250816034, 8.514693182963201, 8.701189029554346, 5.852349955359813, 5.5901699437494745, 5.5, 5.622375931144333, 5.974482776311641, 4.95, 5.085627897429295, 5.4723801443653