totalHoles = 50;
zeroHoleID = 2;
C = [[0.0, 1.5, 3.0, 3.666666666666666, 4.5, 6.0, 2.0883273476902775, 5.5901699437494745, 4.0939176647074165, 2.375, 2.809025631780529, 3.8263069662534916, 4.368646179818691, 5.088283109261905, 6.452954749570154, 3.840798889698745, 6.452954749570154, 4.75, 4.981214711292819, 5.618051263561058, 6.000578675798231, 6.5431261641512, 7.652613932506983, 7.069544724915173, 6.035197686166635, 7.956915231419774, 6.404358356008187, 7.125, 7.281182939605349, 7.7308230480331135, 8.013118584199566, 8.427076895341587, 9.314806761280666, 8.329269842615926, 9.811504726595203, 9.5, 9.617692030835672, 9.962429422585638, 10.183046913593419, 10.51189802081432, 11.236102527122116, 10.202332383844801, 10.0, 10.166666666666666, 10.651030205780305, 11.412712210513327, 11.661903789690601, 10.240670155633579, 10.65885130354632, 11.853269591129697], [1.5, 0.0, 1.5, 2.166666666666666, 3.0, 4.5, 1.0540925533894596, 4.123105625617661, 2.910350384984678, 2.809025631780529, 2.375, 2.809025631780529, 3.214820281826722, 3.8263069662534916, 5.088283109261905, 3.391420957520772, 5.23360535386458, 4.981214711292819, 4.75, 4.981214711292819, 5.220818369225695, 5.618051263561058, 6.5431261641512, 6.056200172119921, 5.759653731875825, 7.00446286306095, 6.035545185025129, 7.281182939605349, 7.125, 7.281182939605349, 7.447151767249305, 7.7308230480331135, 8.427076895341587, 8.131834732156767, 9.056247843339978, 9.617692030835672, 9.5, 9.617692030835672, 9.74394398816231, 9.962429422585638, 10.51189802081432, 9.942930682487345, 10.111874208078342, 10.005554013202422, 10.232030318780552, 10.770329614269007, 10.965856099730654, 10.236848732487415, 10.505289672879616, 11.236102527122116], [3.0, 1.5, 0.0, 0.6666666666666661, 1.5, 3.0, 1.5365907428821481, 2.692582403567252, 2.1633577793230367, 3.8263069662534916, 2.809025631780529, 2.375, 2.466793352602614, 2.809025631780529, 3.8263069662534916, 3.570957310177638, 4.20007440410286, 5.618051263561058, 4.981214711292819, 4.75, 4.79655547705272, 4.981214711292819, 5.618051263561058, 5.279835076211639, 5.867163804693978, 6.269968101992227, 6.028250609321758, 7.7308230480331135, 7.281182939605349, 7.125, 7.156121117228554, 7.281182939605349, 7.7308230480331135, 8.208333333333334, 8.500919067959652, 9.962429422585638, 9.617692030835672, 9.5, 9.523363084774434, 9.617692030835672, 9.962429422585638, 9.906369417856784, 10.44030650891055, 10.067825540359305, 10.022197585581939, 10.307764064044152, 10.44030650891055, 10.45058939520514, 10.564615994493654, 10.793516572461451], [3.666666666666666, 2.166666666666666, 0.6666666666666661, 0.0, 0.8333333333333339, 2.333333333333334, 2.0883273476902775, 2.0883273476902784, 2.107156114137558, 4.368646179818691, 3.214820281826722, 2.466793352602614, 2.375, 2.516956385089826, 3.3294247918288296, 3.840798889698745, 3.8407988896987453, 6.000578675798231, 5.220818369225695, 4.79655547705272, 4.75, 4.822545432076763, 5.292158769769142, 5.040792679251839, 6.035197686166635, 6.035197686166636, 6.143707237602516, 8.013118584199566, 7.447151767249305, 7.156121117228554, 7.125, 7.173567414086554, 7.497337490365793, 8.329269842615926, 8.329269842615926, 10.183046913593419, 9.74394398816231, 9.523363084774434, 9.5, 9.536479667279979, 9.782353727219459, 9.962833896998456, 10.651030205780305, 10.166666666666666, 10.0, 10.166666666666666, 10.268614533832908, 10.61246832376347, 10.65885130354632, 10.65885130354632], [4.5, 3.0, 1.5, 0.8333333333333339, 0.0, 1.5, 2.8480012484391772, 1.4142135623730951, 2.321657683495682, 5.088283109261905, 3.8263069662534916, 2.809025631780529, 2.516956385089826, 2.375, 2.809025631780529, 4.301364447603936, 3.5200319600821808, 6.5431261641512, 5.618051263561058, 4.981214711292819, 4.822545432076763, 4.75, 4.981214711292819, 4.855487240144305, 6.338265623268807, 5.836308764964376, 6.38371405508551, 8.427076895341587, 7.7308230480331135, 7.281182939605349, 7.173567414086554, 7.125, 7.281182939605349, 8.551417198985856, 8.186307165016471, 10.51189802081432, 9.962429422585638, 9.617692030835672, 9.536479667279979, 9.5, 9.617692030835672, 10.095070060645842, 10.965856099730654, 10.349449797506683, 10.03466214899358, 10.04987562112089, 10.111874208078342, 10.869064607523459, 10.833333333333334, 10.547511554864494], [6.0, 4.5, 3.0, 2.333333333333334, 1.5, 0.0, 4.28498671072748, 1.118033988749895, 3.2557751638145365, 6.452954749570154, 5.088283109261905, 3.8263069662534916, 3.3294247918288296, 2.809025631780529, 2.375, 5.362064538133714, 3.4118360159890453, 7.652613932506983, 6.5431261641512, 5.618051263561058, 5.292158769769142, 4.981214711292819, 4.75, 4.875946497492929, 7.1009584642575625, 5.771698190307598, 7.0472551298647055, 9.314806761280666, 8.427076895341587, 7.7308230480331135, 7.497337490365793, 7.281182939605349, 7.125, 9.131086250337969, 8.140370077582467, 11.236102527122116, 10.51189802081432, 9.962429422585638, 9.782353727219459, 9.617692030835672, 9.5, 10.496891159559956, 11.661903789690601, 10.833333333333334, 10.268614533832908, 10.012492197250394, 10.0, 11.469887191156852, 11.296508801887029, 10.51189802081432], [2.0883273476902775, 1.0540925533894596, 1.5365907428821481, 2.0883273476902775, 2.8480012484391772, 4.28498671072748, 0.0, 3.666666666666667, 2.0089505940873886, 2.2916666666666665, 1.4148272371958035, 1.803257084031867, 2.2916666666666665, 3.0002893378991153, 4.387680037458419, 2.375, 4.3686461798186915, 4.174159928789398, 3.7647856660255057, 3.9272905559827263, 4.174159928789398, 4.601479230759508, 5.605676686280713, 5.0713583977823795, 4.75, 6.000578675798231, 5.004930009630567, 6.393491699463691, 6.134063588773034, 6.235121178542652, 6.393491699463691, 6.680324551330655, 7.407883375911847, 7.125, 8.013118584199566, 8.695464973830388, 8.506533436783231, 8.579691784155834, 8.695464973830388, 8.908485343261844, 9.466314547441952, 8.917681868979464, 9.184830488969903, 9.0, 9.184830488969903, 9.7182531580755, 9.917717031207893, 9.271696341319366, 9.5, 10.183046913593419], [5.5901699437494745, 4.123105625617661, 2.692582403567252, 2.0883273476902784, 1.4142135623730951, 1.118033988749895, 3.666666666666667, 0.0, 2.2716232033223247, 5.669270235224284, 4.229731078922158, 2.8531780526283317, 2.291666666666667, 1.7001838135919305, 1.4630874888399532, 4.3686461798186915, 2.375, 6.656763477847174, 5.482928049865327, 4.5069390943299865, 4.174159928789399, 3.881043674065006, 3.783186487605389, 3.8202419636490696, 6.000578675798231, 4.75, 5.934905350125032, 8.231987913013478, 7.315437444199766, 6.615559311199621, 6.393491699463691, 6.206095793653205, 6.145374276640927, 8.013118584199566, 7.125, 10.124228365658293, 9.394147114027968, 8.860022573334675, 8.695464973830388, 8.558621384311845, 8.514693182963201, 9.38828885098358, 10.547511554864494, 9.7182531580755, 9.184830488969903, 9.0, 9.013878188659973, 10.351905919997442, 10.183046913593419, 9.5], [4.0939176647074165, 2.910350384984678, 2.1633577793230367, 2.107156114137558, 2.321657683495682, 3.2557751638145365, 2.0089505940873886, 2.2716232033223247, 0.0, 3.523964745042223, 2.031823083409955, 0.5816206325901554, 0.3134845582231539, 1.0238457297032635, 2.501646976735256, 2.10809111956318, 2.35975372799143, 4.399743538343749, 3.326818408205445, 2.697720934261297, 2.6528641591950084, 2.826247646107588, 3.6328574531772806, 3.179603289148831, 4.016648335027379, 4.154257254391755, 4.074793573899138, 6.1301230723448485, 5.411874573571683, 5.0495904703301155, 5.025768988526881, 5.119408309172629, 5.6052046308768055, 6.253329475261581, 6.342595605472857, 8.190257905645689, 7.667483425412066, 7.416217337493945, 7.40001821652728, 7.463930406623766, 7.805141551112309, 7.858426145270002, 8.644579467944153, 8.07512325531087, 7.899917671820732, 8.144446271960469, 8.280619798632815, 8.559146742817983, 8.56481437073054, 8.630204788616588], [2.375, 2.809025631780529, 3.8263069662534916, 4.368646179818691, 5.088283109261905, 6.452954749570154, 2.2916666666666665, 5.669270235224284, 3.523964745042223, 0.0, 1.5, 3.0, 3.666666666666666, 4.5, 6.0, 2.0883273476902775, 5.5901699437494745, 2.375, 2.809025631780529, 3.8263069662534916, 4.368646179818691, 5.088283109261905, 6.452954749570154, 5.72584216760684, 3.840798889698745, 6.452954749570154, 4.26937859800104, 4.75, 4.981214711292819, 5.618051263561058, 6.000578675798231, 6.5431261641512, 7.652613932506983, 6.035197686166635, 7.956915231419774, 7.125, 7.281182939605349, 7.7308230480331135, 8.013118584199566, 8.427076895341587, 9.314806761280666, 7.920535946618378, 7.625, 7.842304260299463, 8.460796029006044, 9.401628848236884, 9.702609185162515, 7.874557399118216, 8.329269842615926, 9.811504726595203], [2.809025631780529, 2.375, 2.809025631780529, 3.214820281826722, 3.8263069662534916, 5.088283109261905, 1.4148272371958035, 4.229731078922158, 2.031823083409955, 1.5, 0.0, 1.5, 2.166666666666666, 3.0, 4.5, 1.0540925533894596, 4.123105625617661, 2.809025631780529, 2.375, 2.809025631780529, 3.214820281826722, 3.8263069662534916, 5.088283109261905, 4.414109925630987, 3.391420957520772, 5.23360535386458, 3.693182007615852, 4.981214711292819, 4.75, 4.981214711292819, 5.220818369225695, 5.618051263561058, 6.5431261641512, 5.759653731875825, 7.00446286306095, 7.281182939605349, 7.125, 7.281182939605349, 7.447151767249305, 7.7308230480331135, 8.427076895341587, 7.583480346646503, 7.771140521184776, 7.632282496809923, 7.926857475976495, 8.610495049647263, 8.853848033482391, 7.869587090016374, 8.131834732156767, 9.056247843339978], [3.8263069662534916, 2.809025631780529, 2.375, 2.466793352602614, 2.809025631780529, 3.8263069662534916, 1.803257084031867, 2.8531780526283317, 0.5816206325901554, 3.0, 1.5, 0.0, 0.6666666666666661, 1.5, 3.0, 1.5365907428821481, 2.692582403567252, 3.8263069662534916, 2.809025631780529, 2.375, 2.466793352602614, 2.809025631780529, 3.8263069662534916, 3.2685569205328826, 3.570957310177638, 4.20007440410286, 3.6812488464766395, 5.618051263561058, 4.981214711292819, 4.75, 4.79655547705272, 4.981214711292819, 5.618051263561058, 5.867163804693978, 6.269968101992227, 7.7308230480331135, 7.281182939605349, 7.125, 7.156121117228554, 7.281182939605349, 7.7308230480331135, 7.535479988313529, 8.193938308286192, 7.713736844818542, 7.654088413680916, 8.024376922852017, 8.193938308286192, 8.145682764673401, 8.208333333333334, 8.500919067959652], [4.368646179818691, 3.214820281826722, 2.466793352602614, 2.375, 2.516956385089826, 3.3294247918288296, 2.2916666666666665, 2.291666666666667, 0.3134845582231539, 3.666666666666666, 2.166666666666666, 0.6666666666666661, 0.0, 0.8333333333333339, 2.333333333333334, 2.0883273476902775, 2.0883273476902784, 4.368646179818691, 3.214820281826722, 2.466793352602614, 2.375, 2.516956385089826, 3.3294247918288296, 2.8664257789043797, 3.840798889698745, 3.8407988896987453, 3.8674185553501936, 6.000578675798231, 5.220818369225695, 4.79655547705272, 4.75, 4.822545432076763, 5.292158769769142, 6.035197686166635, 6.035197686166636, 8.013118584199566, 7.447151767249305, 7.156121117228554, 7.125, 7.173567414086554, 7.497337490365793, 7.609557337349326, 8.460796029006044, 7.842304260299463, 7.625, 7.842304260299463, 7.974024670418599, 8.35235373522974, 8.329269842615926, 8.329269842615926], [5.088283109261905, 3.8263069662534916, 2.809025631780529, 2.516956385089826, 2.375, 2.809025631780529, 3.0002893378991153, 1.7001838135919305, 1.0238457297032635, 4.5, 3.0, 1.5, 0.8333333333333339, 0.0, 1.5, 2.8480012484391772, 1.4142135623730951, 5.088283109261905, 3.8263069662534916, 2.809025631780529, 2.516956385089826, 2.375, 2.809025631780529, 2.526373339388461, 4.301364447603936, 3.5200319600821808, 4.238347885437641, 6.5431261641512, 5.618051263561058, 4.981214711292819, 4.822545432076763, 4.75, 4.981214711292819, 6.338265623268807, 5.836308764964376, 8.427076895341587, 7.7308230480331135, 7.281182939605349, 7.173567414086554, 7.125, 7.281182939605349, 7.781885577453165, 8.853848033482391, 8.077854672566913, 7.670402169667796, 7.690294207636012, 7.771140521184776, 8.676052929647343, 8.551417198985856, 8.186307165016471], [6.452954749570154, 5.088283109261905, 3.8263069662534916, 3.3294247918288296, 2.809025631780529, 2.375, 4.387680037458419, 1.4630874888399532, 2.501646976735256, 6.0, 4.5, 3.0, 2.333333333333334, 1.5, 0.0, 4.28498671072748, 1.118033988749895, 6.452954749570154, 5.088283109261905, 3.8263069662534916, 3.3294247918288296, 2.809025631780529, 2.375, 2.5654746455933273, 5.362064538133714, 3.4118360159890453, 5.184167486328142, 7.652613932506983, 6.5431261641512, 5.618051263561058, 5.292158769769142, 4.981214711292819, 4.75, 7.1009584642575625, 5.771698190307598, 9.314806761280666, 8.427076895341587, 7.7308230480331135, 7.497337490365793, 7.281182939605349, 7.125, 8.296506953343284, 9.702609185162515, 8.689173499885424, 7.974024670418599, 7.6413758577889626, 7.625, 9.417836331843274, 9.131086250337969, 8.140370077582467], [3.840798889698745, 3.391420957520772, 3.570957310177638, 3.840798889698745, 4.301364447603936, 5.362064538133714, 2.375, 4.3686461798186915, 2.10809111956318, 2.0883273476902775, 1.0540925533894596, 1.5365907428821481, 2.0883273476902775, 2.8480012484391772, 4.28498671072748, 0.0, 3.666666666666667, 2.2916666666666665, 1.4148272371958035, 1.803257084031867, 2.2916666666666665, 3.0002893378991153, 4.387680037458419, 3.643553472851264, 2.375, 4.3686461798186915, 2.6478504606941207, 4.174159928789398, 3.7647856660255057, 3.9272905559827263, 4.174159928789398, 4.601479230759508, 5.605676686280713, 4.75, 6.000578675798231, 6.393491699463691, 6.134063588773034, 6.235121178542652, 6.393491699463691, 6.680324551330655, 7.407883375911847, 6.551515361162681, 6.873989824775063, 6.625, 6.873989824775063, 7.571992435577603, 7.826348836533618, 6.917491022123417, 7.125, 8.013118584199566], [6.452954749570154, 5.23360535386458, 4.20007440410286, 3.8407988896987453, 3.5200319600821808, 3.4118360159890453, 4.3686461798186915, 2.375, 2.35975372799143, 5.5901699437494745, 4.123105625617661, 2.692582403567252, 2.0883273476902784, 1.4142135623730951, 1.118033988749895, 3.666666666666667, 0.0, 5.669270235224284, 4.229731078922158, 2.8531780526283317, 2.291666666666667, 1.7001838135919305, 1.4630874888399532, 1.4666473917046112, 4.3686461798186915, 2.375, 4.145466098744526, 6.656763477847174, 5.482928049865327, 4.5069390943299865, 4.174159928789399, 3.881043674065006, 3.783186487605389, 6.000578675798231, 4.75, 8.231987913013478, 7.315437444199766, 6.615559311199621, 6.393491699463691, 6.206095793653205, 6.145374276640927, 7.1789463823550115, 8.610495049647263, 7.571992435577603, 6.873989824775064, 6.625, 6.643841132959156, 8.309589952097593, 8.013118584199566, 7.125], [4.75, 4.981214711292819, 5.618051263561058, 6.000578675798231, 6.5431261641512, 7.652613932506983, 4.174159928789398, 6.656763477847174, 4.399743538343749, 2.375, 2.809025631780529, 3.8263069662534916, 4.368646179818691, 5.088283109261905, 6.452954749570154, 2.2916666666666665, 5.669270235224284, 0.0, 1.5, 3.0, 3.666666666666666, 4.5, 6.0, 5.183948730370819, 2.0883273476902775, 5.5901699437494745, 2.592418036113536, 2.375, 2.809025631780529, 3.8263069662534916, 4.368646179818691, 5.088283109261905, 6.452954749570154, 3.840798889698745, 6.452954749570154, 4.75, 4.981214711292819, 5.618051263561058, 6.000578675798231, 6.5431261641512, 7.652613932506983, 5.715194073073931, 5.25, 5.560900206900957, 6.403666484479375, 7.603453162872775, 7.9726093595509875, 5.516088580464477, 6.035197686166635, 7.956915231419774], [4.981214711292819, 4.75, 4.981214711292819, 5.220818369225695, 5.618051263561058, 6.5431261641512, 3.7647856660255057, 5.482928049865327, 3.326818408205445, 2.809025631780529, 2.375, 2.809025631780529, 3.214820281826722, 3.8263069662534916, 5.088283109261905, 1.4148272371958035, 4.229731078922158, 1.5, 0.0, 1.5, 2.166666666666666, 3.0, 4.5, 3.6840768648770936, 1.0540925533894596, 4.123105625617661, 1.460353040286798, 2.809025631780529, 2.375, 2.809025631780529, 3.214820281826722, 3.8263069662534916, 5.088283109261905, 3.391420957520772, 5.23360535386458, 4.981214711292819, 4.75, 4.981214711292819, 5.220818369225695, 5.618051263561058, 6.5431261641512, 5.2381034525102015, 5.460082416960389, 5.26057136736221, 5.679519737129579, 6.600189391222043, 6.914658342969665, 5.508990829804996, 5.759653731875825, 7.00446286306095], [5.618051263561058, 4.981214711292819, 4.75, 4.79655547705272, 4.981214711292819, 5.618051263561058, 3.9272905559827263, 4.5069390943299865, 2.697720934261297, 3.8263069662534916, 2.809025631780529, 2.375, 2.466793352602614, 2.809025631780529, 3.8263069662534916, 1.803257084031867, 2.8531780526283317, 3.0, 1.5, 0.0, 0.6666666666666661, 1.5, 3.0, 2.18438097719515, 1.5365907428821481, 2.692582403567252, 1.429905846754612, 3.8263069662534916, 2.809025631780529, 2.375, 2.466793352602614, 2.809025631780529, 3.8263069662534916, 3.570957310177638, 4.20007440410286, 5.618051263561058, 4.981214711292819, 4.75, 4.79655547705272, 4.981214711292819, 5.618051263561058, 5.168366498759467, 6.046693311223912, 5.378067600087517, 5.292158769769142, 5.814851674806504, 6.046693311223912, 5.896670814809021, 5.867163804693978, 6.269968101992227], [6.000578675798231, 5.220818369225695, 4.79655547705272, 4.75, 4.822545432076763, 5.292158769769142, 4.174159928789398, 4.174159928789399, 2.6528641591950084, 4.368646179818691, 3.214820281826722, 2.466793352602614, 2.375, 2.516956385089826, 3.3294247918288296, 2.2916666666666665, 2.291666666666667, 3.666666666666666, 2.166666666666666, 0.6666666666666661, 0.0, 0.8333333333333339, 2.333333333333334, 1.5180423764626005, 2.0883273476902775, 2.0883273476902784, 1.8574078559014477, 4.368646179818691, 3.214820281826722, 2.466793352602614, 2.375, 2.516956385089826, 3.3294247918288296, 3.840798889698745, 3.8407988896987453, 6.000578675798231, 5.220818369225695, 4.79655547705272, 4.75, 4.822545432076763, 5.292158769769142, 5.275785863891036, 6.403666484479375, 5.560900206900957, 5.25, 5.560900206900958, 5.745167051047728, 6.179028395624132, 6.035197686166635, 6.035197686166636], [6.5431261641512, 5.618051263561058, 4.981214711292819, 4.822545432076763, 4.75, 4.981214711292819, 4.601479230759508, 3.881043674065006, 2.826247646107588, 5.088283109261905, 3.8263069662534916, 2.809025631780529, 2.516956385089826, 2.375, 2.809025631780529, 3.0002893378991153, 1.7001838135919305, 4.5, 3.0, 1.5, 0.8333333333333339, 0.0, 1.5, 0.6860161519537592, 2.8480012484391772, 1.4142135623730951, 2.540990054858766, 5.088283109261905, 3.8263069662534916, 2.809025631780529, 2.516956385089826, 2.375, 2.809025631780529, 4.301364447603936, 3.5200319600821808, 6.5431261641512, 5.618051263561058, 4.981214711292819, 4.822545432076763, 4.75, 4.981214711292819, 5.5214397354131375, 6.914658342969665, 5.888430275643171, 5.315726144605687, 5.344389581607987, 5.460082416960389, 6.610028247561838, 6.338265623268807, 5.836308764964376], [7.652613932506983, 6.5431261641512, 5.618051263561058, 5.292158769769142, 4.981214711292819, 4.75, 5.605676686280713, 3.783186487605389, 3.6328574531772806, 6.452954749570154, 5.088283109261905, 3.8263069662534916, 3.3294247918288296, 2.809025631780529, 2.375, 4.387680037458419, 1.4630874888399532, 6.0, 4.5, 3.0, 2.333333333333334, 1.5, 0.0, 0.818361819704981, 4.28498671072748, 1.118033988749895, 3.9202844523324174, 6.452954749570154, 5.088283109261905, 3.8263069662534916, 3.3294247918288296, 2.809025631780529, 2.375, 5.362064538133714, 3.4118360159890453, 7.652613932506983, 6.5431261641512, 5.618051263561058, 5.292158769769142, 4.981214711292819, 4.75, 6.225799646479077, 7.9726093595509875, 6.702507822532631, 5.745167051047728, 5.273755777432247, 5.25, 7.557395065028053, 7.1009584642575625, 5.771698190307598], [7.069544724915173, 6.056200172119921, 5.279835076211639, 5.040792679251839, 4.855487240144305, 4.875946497492929, 5.0713583977823795, 3.8202419636490696, 3.179603289148831, 5.72584216760684, 4.414109925630987, 3.2685569205328826, 2.8664257789043797, 2.526373339388461, 2.5654746455933273, 3.643553472851264, 1.4666473917046112, 5.183948730370819, 3.6840768648770936, 2.18438097719515, 1.5180423764626005, 0.6860161519537592, 0.818361819704981, 0.0, 3.4804508070500217, 0.994540337222467, 3.1340719644312687, 5.678259447214601, 4.352209583314121, 3.1844663861156826, 2.7701549717488474, 2.41659348495151, 2.4574421618258864, 4.71517165446432, 3.332929101125798, 6.992366284788756, 5.965926932829459, 5.17603922657753, 4.931968620974134, 4.74241288610331, 4.763357837648576, 5.754558775157787, 7.337306484834286, 6.179847850076218, 5.409916327450385, 5.202508252002978, 5.256658452023385, 6.97357833017616, 6.6055582384710245, 5.701663994300247], [6.035197686166635, 5.759653731875825, 5.867163804693978, 6.035197686166635, 6.338265623268807, 7.1009584642575625, 4.75, 6.000578675798231, 4.016648335027379, 3.840798889698745, 3.391420957520772, 3.570957310177638, 3.840798889698745, 4.301364447603936, 5.362064538133714, 2.375, 4.3686461798186915, 2.0883273476902775, 1.0540925533894596, 1.5365907428821481, 2.0883273476902775, 2.8480012484391772, 4.28498671072748, 3.4804508070500217, 0.0, 3.666666666666667, 0.5041326443462127, 2.2916666666666665, 1.4148272371958035, 1.803257084031867, 2.2916666666666665, 3.0002893378991153, 4.387680037458419, 2.375, 4.3686461798186915, 4.174159928789398, 3.7647856660255057, 3.9272905559827263, 4.174159928789398, 4.601479230759508, 5.605676686280713, 4.195343506648306, 4.628564692332938, 4.25, 4.628564692332938, 5.613104706349637, 5.951773778556365, 4.584785822334698, 4.75, 6.000578675798231], [7.956915231419774, 7.00446286306095, 6.269968101992227, 6.035197686166636, 5.836308764964376, 5.771698190307598, 6.000578675798231, 4.75, 4.154257254391755, 6.452954749570154, 5.23360535386458, 4.20007440410286, 3.8407988896987453, 3.5200319600821808, 3.4118360159890453, 4.3686461798186915, 2.375, 5.5901699437494745, 4.123105625617661, 2.692582403567252, 2.0883273476902784, 1.4142135623730951, 1.118033988749895, 0.994540337222467, 3.666666666666667, 0.0, 3.229230068721893, 5.669270235224284, 4.229731078922158, 2.8531780526283317, 2.291666666666667, 1.7001838135919305, 1.4630874888399532, 4.3686461798186915, 2.375, 6.656763477847174, 5.482928049865327, 4.5069390943299865, 4.174159928789399, 3.881043674065006, 3.783186487605389, 5.120139135995587, 6.950719387228922, 5.613104706349637, 4.628564692332939, 4.25, 4.2793106921559225, 6.4975275426522385, 6.000578675798231, 4.75], [6.404358356008187, 6.035545185025129, 6.028250609321758, 6.143707237602516, 6.38371405508551, 7.0472551298647055, 5.004930009630567, 5.934905350125032, 4.074793573899138, 4.26937859800104, 3.693182007615852, 3.6812488464766395, 3.8674185553501936, 4.238347885437641, 5.184167486328142, 2.6478504606941207, 4.145466098744526, 2.592418036113536, 1.460353040286798, 1.429905846754612, 1.8574078559014477, 2.540990054858766, 3.9202844523324174, 3.1340719644312687, 0.5041326443462127, 3.229230068721893, 0.0, 2.548513083125963, 1.3809122575936283, 1.3486728259590839, 1.795620116857085, 2.496180706557238, 3.8913902204863398, 2.185963719733917, 3.866809343326231, 4.1893265086122895, 3.600341139957403, 3.588099225547964, 3.7788608422326546, 4.157698375385837, 5.118442683961026, 3.914089014069578, 4.616864543018579, 4.039677392078465, 4.247913708843413, 5.147112835921898, 5.473886838601495, 4.4855924271693945, 4.536956583976794, 5.545967197751216], [7.125, 7.281182939605349, 7.7308230480331135, 8.013118584199566, 8.427076895341587, 9.314806761280666, 6.393491699463691, 8.231987913013478, 6.1301230723448485, 4.75, 4.981214711292819, 5.618051263561058, 6.000578675798231, 6.5431261641512, 7.652613932506983, 4.174159928789398, 6.656763477847174, 2.375, 2.809025631780529, 3.8263069662534916, 4.368646179818691, 5.088283109261905, 6.452954749570154, 5.678259447214601, 2.2916666666666665, 5.669270235224284, 2.548513083125963, 0.0, 1.5, 3.0, 3.666666666666666, 4.5, 6.0, 2.0883273476902775, 5.5901699437494745, 2.375, 2.809025631780529, 3.8263069662534916, 4.368646179818691, 5.088283109261905, 6.452954749570154, 3.724680778821847, 2.875, 3.409800010427461, 4.659406554964316, 6.206095793653205, 6.653241691085632, 3.1823045459311055, 3.840798889698745, 6.452954749570154], [7.281182939605349, 7.125, 7.281182939605349, 7.447151767249305, 7.7308230480331135, 8.427076895341587, 6.134063588773034, 7.315437444199766, 5.411874573571683, 4.981214711292819, 4.75, 4.981214711292819, 5.220818369225695, 5.618051263561058, 6.5431261641512, 3.7647856660255057, 5.482928049865327, 2.809025631780529, 2.375, 2.809025631780529, 3.214820281826722, 3.8263069662534916, 5.088283109261905, 4.352209583314121, 1.4148272371958035, 4.229731078922158, 1.3809122575936283, 1.5, 0.0, 1.5, 2.166666666666666, 3.0, 4.5, 1.0540925533894596, 4.123105625617661, 2.809025631780529, 2.375, 2.809025631780529, 3.214820281826722, 3.8263069662534916, 5.088283109261905, 2.9406685278053386, 3.2427804427682116, 2.8942591644687092, 3.6000096450488077, 4.926015123809508, 5.340002340823457, 3.169985640093456, 3.391420957520772, 5.23360535386458], [7.7308230480331135, 7.281182939605349, 7.125, 7.156121117228554, 7.281182939605349, 7.7308230480331135, 6.235121178542652, 6.615559311199621, 5.0495904703301155, 5.618051263561058, 4.981214711292819, 4.75, 4.79655547705272, 4.981214711292819, 5.618051263561058, 3.9272905559827263, 4.5069390943299865, 3.8263069662534916, 2.809025631780529, 2.375, 2.466793352602614, 2.809025631780529, 3.8263069662534916, 3.1844663861156826, 1.803257084031867, 2.8531780526283317, 1.3486728259590839, 3.0, 1.5, 0.0, 0.6666666666666661, 1.5, 3.0, 1.5365907428821481, 2.692582403567252, 3.8263069662534916, 2.809025631780529, 2.375, 2.466793352602614, 2.809025631780529, 3.8263069662534916, 2.8145720592524754, 4.155192534648665, 3.102698198521911, 2.9512826778274635, 3.8099376635320428, 4.155192534648665, 3.8040183613836116, 3.570957310177638, 4.20007440410286], [8.013118584199566, 7.447151767249305, 7.156121117228554, 7.125, 7.173567414086554, 7.497337490365793, 6.393491699463691, 6.393491699463691, 5.025768988526881, 6.000578675798231, 5.220818369225695, 4.79655547705272, 4.75, 4.822545432076763, 5.292158769769142, 4.174159928789398, 4.174159928789399, 4.368646179818691, 3.214820281826722, 2.466793352602614, 2.375, 2.516956385089826, 3.3294247918288296, 2.7701549717488474, 2.2916666666666665, 2.291666666666667, 1.795620116857085, 3.666666666666666, 2.166666666666666, 0.6666666666666661, 0.0, 0.8333333333333339, 2.333333333333334, 2.0883273476902775, 2.0883273476902784, 4.368646179818691, 3.214820281826722, 2.466793352602614, 2.375, 2.516956385089826, 3.3294247918288296, 3.007277854282508, 4.659406554964316, 3.409800010427461, 2.875, 3.4098000104274613, 3.702711093839816, 4.2285010239389225, 3.840798889698745, 3.8407988896987453], [8.427076895341587, 7.7308230480331135, 7.281182939605349, 7.173567414086554, 7.125, 7.281182939605349, 6.680324551330655, 6.206095793653205, 5.119408309172629, 6.5431261641512, 5.618051263561058, 4.981214711292819, 4.822545432076763, 4.75, 4.981214711292819, 4.601479230759508, 3.881043674065006, 5.088283109261905, 3.8263069662534916, 2.809025631780529, 2.516956385089826, 2.375, 2.809025631780529, 2.41659348495151, 3.0002893378991153, 1.7001838135919305, 2.496180706557238, 4.5, 3.0, 1.5, 0.8333333333333339, 0.0, 1.5, 2.8480012484391772, 1.4142135623730951, 5.088283109261905, 3.8263069662534916, 2.809025631780529, 2.516956385089826, 2.375, 2.809025631780529, 3.4199561931440905, 5.340002340823457, 3.9213181598935725, 2.9933375092769685, 3.0439489154714803, 3.2427804427682116, 4.836558945065034, 4.301364447603936, 3.5200319600821808], [9.314806761280666, 8.427076895341587, 7.7308230480331135, 7.497337490365793, 7.281182939605349, 7.125, 7.407883375911847, 6.145374276640927, 5.6052046308768055, 7.652613932506983, 6.5431261641512, 5.618051263561058, 5.292158769769142, 4.981214711292819, 4.75, 5.605676686280713, 3.783186487605389, 6.452954749570154, 5.088283109261905, 3.8263069662534916, 3.3294247918288296, 2.809025631780529, 2.375, 2.4574421618258864, 4.387680037458419, 1.4630874888399532, 3.8913902204863398, 6.0, 4.5, 3.0, 2.333333333333334, 1.5, 0.0, 4.28498671072748, 1.118033988749895, 6.452954749570154, 5.088283109261905, 3.8263069662534916, 3.3294247918288296, 2.809025631780529, 2.375, 4.468823653862895, 6.653241691085632, 5.062285660757511, 3.702711093839816, 2.918154382482188, 2.875, 6.067458212829614, 5.362064538133714, 3.4118360159890453], [8.329269842615926, 8.131834732156767, 8.208333333333334, 8.329269842615926, 8.551417198985856, 9.131086250337969, 7.125, 8.013118584199566, 6.253329475261581, 6.035197686166635, 5.759653731875825, 5.867163804693978, 6.035197686166635, 6.338265623268807, 7.1009584642575625, 4.75, 6.000578675798231, 3.840798889698745, 3.391420957520772, 3.570957310177638, 3.840798889698745, 4.301364447603936, 5.362064538133714, 4.71517165446432, 2.375, 4.3686461798186915, 2.185963719733917, 2.0883273476902775, 1.0540925533894596, 1.5365907428821481, 2.0883273476902775, 2.8480012484391772, 4.28498671072748, 0.0, 3.666666666666667, 2.2916666666666665, 1.4148272371958035, 1.803257084031867, 2.2916666666666665, 3.0002893378991153, 4.387680037458419, 1.8869845653851078, 2.6223531629265935, 1.875, 2.6223531629265935, 4.118260487687058, 4.569106708221106, 2.338822360121526, 2.375, 4.3686461798186915], [9.811504726595203, 9.056247843339978, 8.500919067959652, 8.329269842615926, 8.186307165016471, 8.140370077582467, 8.013118584199566, 7.125, 6.342595605472857, 7.956915231419774, 7.00446286306095, 6.269968101992227, 6.035197686166636, 5.836308764964376, 5.771698190307598, 6.000578675798231, 4.75, 6.452954749570154, 5.23360535386458, 4.20007440410286, 3.8407988896987453, 3.5200319600821808, 3.4118360159890453, 3.332929101125798, 4.3686461798186915, 2.375, 3.866809343326231, 5.5901699437494745, 4.123105625617661, 2.692582403567252, 2.0883273476902784, 1.4142135623730951, 1.118033988749895, 3.666666666666667, 0.0, 5.669270235224284, 4.229731078922158, 2.8531780526283317, 2.291666666666667, 1.7001838135919305, 1.4630874888399532, 3.489359308408803, 5.8108196495847295, 4.118260487687058, 2.6223531629265944, 1.875, 1.940521837032503, 5.164077184071479, 4.3686461798186915, 2.375], [9.5, 9.617692030835672, 9.962429422585638, 10.183046913593419, 10.51189802081432, 11.236102527122116, 8.695464973830388, 10.124228365658293, 8.190257905645689, 7.125, 7.281182939605349, 7.7308230480331135, 8.013118584199566, 8.427076895341587, 9.314806761280666, 6.393491699463691, 8.231987913013478, 4.75, 4.981214711292819, 5.618051263561058, 6.000578675798231, 6.5431261641512, 7.652613932506983, 6.992366284788756, 4.174159928789398, 6.656763477847174, 4.1893265086122895, 2.375, 2.809025631780529, 3.8263069662534916, 4.368646179818691, 5.088283109261905, 6.452954749570154, 2.2916666666666665, 5.669270235224284, 0.0, 1.5, 3.0, 3.666666666666666, 4.5, 6.0, 2.5227565311282896, 0.5, 1.9002923751652296, 3.700600551862419, 5.522680508593631, 6.020797289396148, 1.0526828670482624, 2.0883273476902775, 5.5901699437494745], [9.617692030835672, 9.5, 9.617692030835672, 9.74394398816231, 9.962429422585638, 10.51189802081432, 8.506533436783231, 9.394147114027968, 7.667483425412066, 7.281182939605349, 7.125, 7.281182939605349, 7.447151767249305, 7.7308230480331135, 8.427076895341587, 6.134063588773034, 7.315437444199766, 4.981214711292819, 4.75, 4.981214711292819, 5.220818369225695, 5.618051263561058, 6.5431261641512, 5.965926932829459, 3.7647856660255057, 5.482928049865327, 3.600341139957403, 2.809025631780529, 2.375, 2.809025631780529, 3.214820281826722, 3.8263069662534916, 5.088283109261905, 1.4148272371958035, 4.229731078922158, 1.5, 0.0, 1.5, 2.166666666666666, 3.0, 4.5, 1.0670449857669262, 1.5811388300841898, 0.6009252125773314, 2.2236106773543884, 4.031128874149275, 4.527692569068709, 1.0148339538672762, 1.0540925533894596, 4.123105625617661], [9.962429422585638, 9.617692030835672, 9.5, 9.523363084774434, 9.617692030835672, 9.962429422585638, 8.579691784155834, 8.860022573334675, 7.416217337493945, 7.7308230480331135, 7.281182939605349, 7.125, 7.156121117228554, 7.281182939605349, 7.7308230480331135, 6.235121178542652, 6.615559311199621, 5.618051263561058, 4.981214711292819, 4.75, 4.79655547705272, 4.981214711292819, 5.618051263561058, 5.17603922657753, 3.9272905559827263, 4.5069390943299865, 3.588099225547964, 3.8263069662534916, 2.809025631780529, 2.375, 2.466793352602614, 2.809025631780529, 3.8263069662534916, 1.803257084031867, 2.8531780526283317, 3.0, 1.5, 0.0, 0.6666666666666661, 1.5, 3.0, 0.6425492105280652, 3.0413812651491097, 1.269295517643985, 0.8333333333333328, 2.5495097567963922, 3.0413812651491097, 2.3348735917104437, 1.5365907428821481, 2.692582403567252], [10.183046913593419, 9.74394398816231, 9.523363084774434, 9.5, 9.536479667279979, 9.782353727219459, 8.695464973830388, 8.695464973830388, 7.40001821652728, 8.013118584199566, 7.447151767249305, 7.156121117228554, 7.125, 7.173567414086554, 7.497337490365793, 6.393491699463691, 6.393491699463691, 6.000578675798231, 5.220818369225695, 4.79655547705272, 4.75, 4.822545432076763, 5.292158769769142, 4.931968620974134, 4.174159928789398, 4.174159928789399, 3.7788608422326546, 4.368646179818691, 3.214820281826722, 2.466793352602614, 2.375, 2.516956385089826, 3.3294247918288296, 2.2916666666666665, 2.291666666666667, 3.666666666666666, 2.166666666666666, 0.6666666666666661, 0.0, 0.8333333333333339, 2.333333333333334, 1.2388598403707851, 3.700600551862419, 1.9002923751652296, 0.5, 1.9002923751652305, 2.3863035105460595, 2.9767935610276517, 2.0883273476902775, 2.0883273476902784], [10.51189802081432, 9.962429422585638, 9.617692030835672, 9.536479667279979, 9.5, 9.617692030835672, 8.908485343261844, 8.558621384311845, 7.463930406623766, 8.427076895341587, 7.7308230480331135, 7.281182939605349, 7.173567414086554, 7.125, 7.281182939605349, 6.680324551330655, 6.206095793653205, 6.5431261641512, 5.618051263561058, 4.981214711292819, 4.822545432076763, 4.75, 4.981214711292819, 4.74241288610331, 4.601479230759508, 3.881043674065006, 4.157698375385837, 5.088283109261905, 3.8263069662534916, 2.809025631780529, 2.516956385089826, 2.375, 2.809025631780529, 3.0002893378991153, 1.7001838135919305, 4.5, 3.0, 1.5, 0.8333333333333339, 0.0, 1.5, 2.0462536436742487, 4.527692569068709, 2.713136766016618, 0.9718253158075506, 1.118033988749895, 1.5811388300841898, 3.7912242646158205, 2.8480012484391772, 1.4142135623730951], [11.236102527122116, 10.51189802081432, 9.962429422585638, 9.782353727219459, 9.617692030835672, 9.5, 9.466314547441952, 8.514693182963201, 7.805141551112309, 9.314806761280666, 8.427076895341587, 7.7308230480331135, 7.497337490365793, 7.281182939605349, 7.125, 7.407883375911847, 6.145374276640927, 7.652613932506983, 6.5431261641512, 5.618051263561058, 5.292158769769142, 4.981214711292819, 4.75, 4.763357837648576, 5.605676686280713, 3.783186487605389, 5.118442683961026, 6.452954749570154, 5.088283109261905, 3.8263069662534916, 3.3294247918288296, 2.809025631780529, 2.375, 4.387680037458419, 1.4630874888399532, 6.0, 4.5, 3.0, 2.333333333333334, 1.5, 0.0, 3.530076268375804, 6.020797289396148, 4.196559437338058, 2.3863035105460595, 0.7071067811865476, 0.5, 5.272108511777494, 4.28498671072748, 1.118033988749895], [10.202332383844801, 9.942930682487345, 9.906369417856784, 9.962833896998456, 10.095070060645842, 10.496891159559956, 8.917681868979464, 9.38828885098358, 7.858426145270002, 7.920535946618378, 7.583480346646503, 7.535479988313529, 7.609557337349326, 7.781885577453165, 8.296506953343284, 6.551515361162681, 7.1789463823550115, 5.715194073073931, 5.2381034525102015, 5.168366498759467, 5.275785863891036, 5.5214397354131375, 6.225799646479077, 5.754558775157787, 4.195343506648306, 5.120139135995587, 3.914089014069578, 3.724680778821847, 2.9406685278053386, 2.8145720592524754, 3.007277854282508, 3.4199561931440905, 4.468823653862895, 1.8869845653851078, 3.489359308408803, 2.5227565311282896, 1.0670449857669262, 0.6425492105280652, 1.2388598403707851, 2.0462536436742487, 3.530076268375804, 0.0, 2.4941871815605734, 0.6671545397556022, 1.1795943732462288, 3.009985517090413, 3.5097161768240857, 1.7450199171012013, 0.8954129556953849, 3.068661270718011], [10.0, 10.111874208078342, 10.44030650891055, 10.651030205780305, 10.965856099730654, 11.661903789690601, 9.184830488969903, 10.547511554864494, 8.644579467944153, 7.625, 7.771140521184776, 8.193938308286192, 8.460796029006044, 8.853848033482391, 9.702609185162515, 6.873989824775063, 8.610495049647263, 5.25, 5.460082416960389, 6.046693311223912, 6.403666484479375, 6.914658342969665, 7.9726093595509875, 7.337306484834286, 4.628564692332938, 6.950719387228922, 4.616864543018579, 2.875, 3.2427804427682116, 4.155192534648665, 4.659406554964316, 5.340002340823457, 6.653241691085632, 2.6223531629265935, 5.8108196495847295, 0.5, 1.5811388300841898, 3.0413812651491097, 3.700600551862419, 4.527692569068709, 6.020797289396148, 2.4941871815605734, 0.0, 1.833333333333333, 3.666666666666666, 5.5, 6.0, 0.804313997831782, 1.9002923751652296, 5.522680508593631], [10.166666666666666, 10.005554013202422, 10.067825540359305, 10.166666666666666, 10.349449797506683, 10.833333333333334, 9.0, 9.7182531580755, 8.07512325531087, 7.842304260299463, 7.632282496809923, 7.713736844818542, 7.842304260299463, 8.077854672566913, 8.689173499885424, 6.625, 7.571992435577603, 5.560900206900957, 5.26057136736221, 5.378067600087517, 5.560900206900957, 5.888430275643171, 6.702507822532631, 6.179847850076218, 4.25, 5.613104706349637, 4.039677392078465, 3.409800010427461, 2.8942591644687092, 3.102698198521911, 3.409800010427461, 3.9213181598935725, 5.062285660757511, 1.875, 4.118260487687058, 1.9002923751652296, 0.6009252125773314, 1.269295517643985, 1.9002923751652296, 2.713136766016618, 4.196559437338058, 0.6671545397556022, 1.833333333333333, 0.0, 1.833333333333333, 3.666666666666667, 4.166666666666667, 1.0781415673261103, 0.5, 3.70060055186242], [10.651030205780305, 10.232030318780552, 10.022197585581939, 10.0, 10.03466214899358, 10.268614533832908, 9.184830488969903, 9.184830488969903, 7.899917671820732, 8.460796029006044, 7.926857475976495, 7.654088413680916, 7.625, 7.670402169667796, 7.974024670418599, 6.873989824775063, 6.873989824775064, 6.403666484479375, 5.679519737129579, 5.292158769769142, 5.25, 5.315726144605687, 5.745167051047728, 5.409916327450385, 4.628564692332938, 4.628564692332939, 4.247913708843413, 4.659406554964316, 3.6000096450488077, 2.9512826778274635, 2.875, 2.9933375092769685, 3.702711093839816, 2.6223531629265935, 2.6223531629265944, 3.700600551862419, 2.2236106773543884, 0.8333333333333328, 0.5, 0.9718253158075506, 2.3863035105460595, 1.1795943732462288, 3.666666666666666, 1.833333333333333, 0.0, 1.833333333333334, 2.333333333333334, 2.8982890976413795, 1.9002923751652296, 1.9002923751652305], [11.412712210513327, 10.770329614269007, 10.307764064044152, 10.166666666666666, 10.04987562112089, 10.012492197250394, 9.7182531580755, 9.0, 8.144446271960469, 9.401628848236884, 8.610495049647263, 8.024376922852017, 7.842304260299463, 7.690294207636012, 7.6413758577889626, 7.571992435577603, 6.625, 7.603453162872775, 6.600189391222043, 5.814851674806504, 5.560900206900958, 5.344389581607987, 5.273755777432247, 5.202508252002978, 5.613104706349637, 4.25, 5.147112835921898, 6.206095793653205, 4.926015123809508, 3.8099376635320428, 3.4098000104274613, 3.0439489154714803, 2.918154382482188, 4.118260487687058, 1.875, 5.522680508593631, 4.031128874149275, 2.5495097567963922, 1.9002923751652305, 1.118033988749895, 0.7071067811865476, 3.009985517090413, 5.5, 3.666666666666667, 1.833333333333334, 0.0, 0.5, 4.728635360232335, 3.70060055186242, 0.5], [11.661903789690601, 10.965856099730654, 10.44030650891055, 10.268614533832908, 10.111874208078342, 10.0, 9.917717031207893, 9.013878188659973, 8.280619798632815, 9.702609185162515, 8.853848033482391, 8.193938308286192, 7.974024670418599, 7.771140521184776, 7.625, 7.826348836533618, 6.64384113295