totalHoles = 50;
zeroHoleID = 13;
C = [[0.0, 3.6666666666666665, 2.088327347690278, 2.088327347690278, 1.867598013129757, 4.166666666666667, 2.758824226207808, 2.692582403567252, 4.034572812303401, 4.437842318564782, 3.1993114879609688, 3.9510898637098992, 4.2, 5.57534254054802, 5.701029390479505, 4.769877997508019, 4.731873307686925, 5.605212108188037, 6.027286725411389, 5.513720260505706, 5.9, 6.9465419054695445, 7.52818777071289, 6.850081102520693, 6.823672031978091, 7.4558887986461935, 7.139405515245028, 7.6, 8.438272598372516, 8.79324235484904, 9.480334177185481, 8.951353870287505, 8.931160338948125, 9.42302513940071, 9.3, 9.996721684854712, 11.089871724264333, 10.461888505958719, 10.5, 11.121800413801914, 11.49395976637778, 11.061695670696745, 11.0, 11.045361017187261, 11.446736555795184, 11.595018087284059, 11.645218379708949, 11.645218379708949, 12.13923848975343, 12.607355131105022], [3.6666666666666665, 0.0, 5.5901699437494745, 2.0883273476902775, 4.658809231128222, 7.433034373659253, 5.441609239104837, 3.655285366576885, 2.5495097567963922, 2.5, 4.152515089439429, 3.9510898637098992, 5.57534254054802, 4.2, 8.389912097274918, 6.689673841908222, 5.338701725242863, 4.651948516482099, 8.546959139899256, 5.513720260505706, 6.9465419054695445, 5.9, 9.724325169388361, 8.302024518821366, 7.257658789934335, 6.768493185340442, 7.139405515245027, 8.438272598372516, 7.6, 8.79324235484904, 11.3033457436283, 10.105777363029086, 9.266970168890753, 8.889073348780514, 9.996721684854712, 9.3, 10.201756140972087, 10.461888505958719, 11.121800413801914, 10.5, 13.038404810405298, 12.015036875145707, 11.595018087284059, 11.31861789756643, 11.01135777277262, 11.0, 12.747548783981962, 11.645218379708949, 12.13923848975343, 13.945138266610675], [2.088327347690278, 5.5901699437494745, 0.0, 3.666666666666667, 1.400660489641788, 2.1213203435596424, 1.6414763002993507, 3.2058973436118907, 5.220153254455275, 5.70087712549569, 3.414955838616914, 4.437842318564782, 3.687968425991621, 6.363175307973213, 3.923088706618804, 3.6857929193654444, 4.600913254754731, 6.175809663517812, 4.336237999567826, 5.57534254054802, 5.231740734316936, 7.366138744281159, 5.942432162002357, 5.7885183289374185, 6.410169871210729, 7.6198753270640855, 6.9465419054695445, 6.849898620498782, 8.59127464349732, 8.438272598372516, 8.016584372411982, 7.903168316848911, 8.36919367548498, 9.328216603402817, 8.500065359225841, 9.956907150315303, 11.098391760452067, 9.996721684854712, 9.675283515799995, 10.977249200050075, 10.111874208078342, 10.022197585581939, 10.166666666666666, 10.393641218445909, 11.180339887498949, 11.412712210513327, 10.5, 11.121800413801914, 11.595018087284059, 11.304101699060169], [2.088327347690278, 2.0883273476902775, 3.666666666666667, 0.0, 2.5949925772915896, 5.380004130522991, 3.354101966249685, 1.715938356831167, 2.0069324297987157, 2.3687784005919825, 2.2858841847920544, 2.5, 3.687968425991621, 3.687968425991621, 6.3115029465607035, 4.7053825561796785, 3.7195523177453014, 3.8624348250524276, 6.486974704223737, 4.2, 5.231740734316936, 5.231740734316936, 7.730261602587873, 6.485560885536423, 5.810072671184453, 5.902565355654927, 5.9, 6.849898620498782, 6.849898620498781, 7.6, 9.418602308434327, 8.427076895341587, 7.918968963472735, 7.987077236247173, 8.500065359225841, 8.500065359225841, 9.52997527401042, 9.3, 9.675283515799995, 9.675283515799995, 11.255862669935363, 10.44030650891055, 10.166666666666666, 10.03466214899358, 10.088497300281038, 10.166666666666666, 11.121800413801914, 10.5, 11.0, 12.241721637553265], [1.867598013129757, 4.658809231128222, 1.400660489641788, 2.5949925772915896, 0.0, 2.785307723929312, 0.9098560642905812, 1.8129053718717074, 3.8902831009947247, 4.3819761731386375, 2.0234859442586814, 3.0382886969653904, 2.5344107885056206, 4.963851242562875, 3.9317545812783266, 2.9203754943755387, 3.3147218371658456, 4.778604145177539, 4.2126216667793495, 4.25080018143007, 4.200159761393838, 5.988148556493171, 5.673684786611425, 5.025992240202126, 5.264920305969212, 6.2902354921521635, 5.717290106229014, 5.885528523214393, 7.270215066349104, 7.285980382565027, 7.612749439476434, 7.143098275188072, 7.313182672313728, 8.082717211257215, 7.577436900028166, 8.69678855022403, 9.828179743566968, 8.90301151922543, 8.773608813040667, 9.756679389918693, 9.630600136994142, 9.263819835220115, 9.272305751551052, 9.39559182643928, 10.006239178011707, 10.207459775264658, 9.820903169915802, 10.060928174965623, 10.546170778429437, 10.754174996861238], [4.166666666666667, 7.433034373659253, 2.1213203435596424, 5.380004130522991, 2.785307723929312, 0.0, 2.1666666666666665, 4.333333333333333, 6.5, 7.0, 4.250345391127921, 5.262551134615649, 3.741805862295786, 7.2034713853808015, 2.125, 3.034809622438357, 4.826323940410318, 6.838539683294965, 2.628516043361654, 5.829617864358216, 4.761419022845093, 7.782030583337488, 4.25, 4.77042392712057, 6.069619244876714, 7.766112283504533, 6.786342493894959, 6.092709669031597, 8.66083136886985, 7.99402554689716, 6.375, 6.733132216468383, 7.708333333333333, 9.104428867315072, 7.5730516379535615, 9.759098319004682, 10.90350730188354, 9.355984418779483, 8.666666666666666, 10.63014581273465, 8.5, 8.771798244627178, 9.130230616534892, 9.54084785424114, 10.700467279516348, 11.01135777277262, 9.12414379544733, 10.37759338403873, 10.814085465005556, 9.747988391637504], [2.758824226207808, 5.441609239104837, 1.6414763002993507, 3.354101966249685, 0.9098560642905812, 2.1666666666666665, 0.0, 2.1666666666666665, 4.333333333333334, 4.833333333333334, 2.1241367381398066, 3.16227766016838, 2.0618222792256153, 5.12358381517382, 3.034809622438357, 2.125, 3.034809622438357, 4.826323940410318, 3.303665840609804, 4.036087214122114, 3.594594707489443, 5.909408693863635, 4.77042392712057, 4.25, 4.77042392712057, 6.069619244876715, 5.325410782277739, 5.2317407343169355, 7.026457934913659, 6.797793759742936, 6.733132216468383, 6.375, 6.733132216468383, 7.708333333333334, 6.8993558475491845, 8.34272803770512, 9.487796109455424, 8.357032966310472, 8.08462189042327, 9.346716595206635, 8.771798244627178, 8.5, 8.579691784155834, 8.771798244627178, 9.540847854241141, 9.77809342924842, 9.024657580453923, 9.486832980505138, 9.962429422585638, 9.915583565115554], [2.692582403567252, 3.655285366576885, 3.2058973436118907, 1.715938356831167, 1.8129053718717074, 4.333333333333333, 2.1666666666666665, 0.0, 2.166666666666667, 2.666666666666667, 0.5893782398739911, 1.301708279317776, 1.972308292331602, 3.1624533373808243, 4.826323940410318, 3.034809622438357, 2.125, 3.0348096224383574, 4.930335513076513, 2.8256759270030325, 3.5440090293338704, 4.321008112826348, 6.069619244876714, 4.77042392712057, 4.25, 4.770423927120571, 4.478218891975296, 5.197114584074513, 5.755094361616594, 6.156658545383562, 7.708333333333333, 6.733132216468383, 6.375, 6.733132216468383, 6.8731361109758335, 7.304184493227915, 8.398747968349578, 7.844389360839023, 8.06225774829855, 8.432740427115679, 9.54084785424114, 8.771798244627178, 8.558621384311845, 8.5, 8.771798244627178, 8.908485343261844, 9.435453236478773, 9.038497908637499, 9.536479667279979, 10.535805905528473], [4.034572812303401, 2.5495097567963922, 5.220153254455275, 2.0069324297987157, 3.8902831009947247, 6.5, 4.333333333333334, 2.166666666666667, 0.0, 0.5, 2.360437549660571, 1.6666666666666663, 3.594131018449074, 1.7720045146669352, 6.838539683294965, 4.826323940410318, 3.0348096224383574, 2.125, 6.862295348167675, 3.011275108285156, 4.646264927635722, 3.4365680554879168, 7.766112283504533, 6.069619244876715, 4.770423927120571, 4.25, 4.597583906551112, 6.003147322678145, 5.124451190127583, 6.244019360778582, 9.104428867315072, 7.708333333333334, 6.733132216468383, 6.375, 7.50118509155572, 6.818357573492315, 7.774866477696176, 7.913139565164878, 8.603939666093538, 8.0156097709407, 10.700467279516348, 9.540847854241141, 9.070709882791851, 8.771798244627178, 8.5, 8.514693182963201, 10.295630140987, 9.098229375970787, 9.59311095410544, 11.535878969980422], [4.437842318564782, 2.5, 5.70087712549569, 2.3687784005919825, 4.3819761731386375, 7.0, 4.833333333333334, 2.666666666666667, 0.5, 0.0, 2.8479125961359033, 2.0883273476902775, 4.041589346339438, 1.7000000000000002, 7.315437444199766, 5.279842432413218, 3.409800010427461, 2.1830311495716224, 7.3268015250992775, 3.2636040064798166, 5.0004444246931135, 3.4000000000000004, 8.1891696770796, 6.43611770488321, 5.0173310744967905, 4.2793106921559225, 4.766666666666667, 6.281277294025829, 5.1, 6.369545596909649, 9.46787330924955, 8.000108506208594, 6.910263099992005, 6.394577781214331, 7.725570816738686, 6.800000000000001, 7.7105981557944245, 8.012559585495207, 8.80025252162939, 8.0, 11.01135777277262, 9.77809342924842, 9.257129384665877, 8.908485343261844, 8.514693182963201, 8.5, 10.547511554864494, 9.184830488969903, 9.675283515799995, 11.811167378170321], [3.1993114879609688, 4.152515089439429, 3.414955838616914, 2.2858841847920544, 2.0234859442586814, 4.250345391127921, 2.1241367381398066, 0.5893782398739911, 2.360437549660571, 2.8479125961359033, 0.0, 1.0452229874480479, 1.4256687215154287, 3.006712303252602, 4.486725068801145, 2.56460967428603, 1.5532651443856078, 2.7634998326350373, 4.539752808488668, 2.328562606586056, 2.9567286014797607, 3.9686309470435255, 5.588131865134798, 4.2040145909080495, 3.6754793575654214, 4.328215246969605, 3.9410552561581613, 4.607814746939104, 5.314108044924624, 5.605499910926133, 7.166239156019089, 6.148292818310954, 5.799733994504902, 6.233876251837731, 6.285035358803522, 6.819784236501448, 7.929133674499092, 7.286380580967064, 7.475154664839387, 7.930052007035841, 8.972959352431475, 8.182940820928643, 7.9719120780846255, 7.924388323785128, 8.247437724672597, 8.399950580315021, 8.848969807043913, 8.477476615865918, 8.97446681925979, 9.956679803658698], [3.9510898637098992, 3.9510898637098992, 4.437842318564782, 2.5, 3.0382886969653904, 5.262551134615649, 3.16227766016838, 1.301708279317776, 1.6666666666666663, 2.0883273476902775, 1.0452229874480479, 0.0, 1.9624248039380037, 1.9624248039380032, 5.2877281931321365, 3.2040014044940746, 1.4000248013676206, 1.7445351179548598, 5.264252165533895, 1.7000000000000002, 3.020117731332855, 3.020117731332855, 6.103846692409996, 4.422951503238534, 3.355137023199566, 3.5128731513929985, 3.4000000000000004, 4.4912260142539155, 4.4912260142539155, 5.1, 7.455539513975125, 6.155536126122565, 5.439215885074286, 5.537905992139788, 6.082853862383274, 6.082853862383274, 7.155272481431345, 6.800000000000001, 7.236097782030804, 7.236097782030803, 9.107384061542835, 8.077747210701755, 7.720823214600313, 7.54615428178118, 7.617596588017626, 7.720823214600313, 8.80025252162939, 8.0, 8.5, 9.994825771948465], [4.2, 5.57534254054802, 3.687968425991621, 3.687968425991621, 2.5344107885056206, 3.741805862295786, 2.0618222792256153, 1.972308292331602, 3.594131018449074, 4.041589346339438, 1.4256687215154287, 1.9624248039380037, 0.0, 3.6666666666666665, 3.36031785864241, 1.241666666666667, 1.086565690605036, 3.1950591196060483, 3.3059222847476275, 2.088327347690278, 1.7000000000000002, 4.041589346339438, 4.196857289819504, 2.804213100160384, 2.739069184960467, 4.065744430947151, 3.263604006479817, 3.3999999999999995, 5.0004444246931135, 4.766666666666667, 5.741666666666666, 4.818374841283221, 4.780755693402456, 5.646539008789169, 5.1000000000000005, 6.28127729402583, 7.426940648874592, 6.369545596909651, 6.3, 7.289337723308232, 7.573051637953561, 6.899355847549184, 6.8, 6.873136110975833, 7.501185091555718, 7.725570816738685, 7.526693238807538, 7.526693238807538, 8.012559585495206, 8.58761996032929], [5.57534254054802, 4.2, 6.363175307973213, 3.687968425991621, 4.963851242562875, 7.2034713853808015, 5.12358381517382, 3.1624533373808243, 1.7720045146669352, 1.7000000000000002, 3.006712303252602, 1.9624248039380032, 3.6666666666666665, 0.0, 7.0128899178584, 4.851982698970712, 2.70032148291849, 0.6562202374203342, 6.903002782961779, 2.0883273476902775, 4.041589346339438, 1.7000000000000002, 7.45, 5.464760846652955, 3.6896627367702743, 2.5985572920372566, 3.2636040064798166, 5.0004444246931135, 3.3999999999999995, 4.766666666666667, 8.417578333463847, 6.724339083591124, 5.382075446434313, 4.701661940207952, 6.28127729402583, 5.1000000000000005, 6.020799025140258, 6.36954559690965, 7.289337723308232, 6.3, 9.759098319004682, 8.34272803770512, 7.725570816738685, 7.304184493227913, 6.818357573492314, 6.8, 9.140021881811881, 7.526693238807538, 8.012559585495206, 10.453166719044296], [5.701029390479505, 8.389912097274918, 3.923088706618804, 6.3115029465607035, 3.9317545812783266, 2.125, 3.034809622438357, 4.826323940410318, 6.838539683294965, 7.315437444199766, 4.486725068801145, 5.2877281931321365, 3.36031785864241, 7.0128899178584, 0.0, 2.1666666666666665, 4.333333333333333, 6.5, 0.5234549951388539, 5.1985641714269955, 3.5688564150314472, 7.115168655766355, 2.125, 3.034809622438357, 4.826323940410318, 6.838539683294965, 5.645358221091417, 4.467855874030754, 7.6059598342352555, 6.518824237885575, 4.25, 4.77042392712057, 6.069619244876714, 7.766112283504533, 5.741666666666667, 8.417578333463847, 9.528140831687184, 7.674638066022688, 6.754756554540742, 9.13868836321712, 6.375, 6.733132216468383, 7.193867952020742, 7.708333333333333, 9.104428867315072, 9.46787330924955, 7.0367339725187845, 8.600004037466752, 9.004724840018403, 7.624478815612591], [4.769877997508019, 6.689673841908222, 3.6857929193654444, 4.7053825561796785, 2.9203754943755387, 3.034809622438357, 2.125, 3.034809622438357, 4.826323940410318, 5.279842432413218, 2.56460967428603, 3.2040014044940746, 1.241666666666667, 4.851982698970712, 2.1666666666666665, 0.0, 2.1666666666666665, 4.333333333333334, 2.0686025544164584, 3.0546071760539033, 1.7282176110406677, 4.998673435133678, 3.034809622438357, 2.125, 3.034809622438357, 4.826323940410318, 3.765053120475195, 3.195580715787212, 5.67553839834699, 4.980022590310209, 4.77042392712057, 4.25, 4.77042392712057, 6.069619244876715, 4.818374841283222, 6.724339083591125, 7.8687528389722825, 6.419160770692693, 5.989719201357532, 7.6076761307978344, 6.733132216468383, 6.375, 6.480874640903889, 6.733132216468383, 7.708333333333334, 8.000108506208594, 6.90724760265943, 7.501041594338749, 7.9618229696470895, 7.837614239232196], [4.731873307686925, 5.338701725242863, 4.600913254754731, 3.7195523177453014, 3.3147218371658456, 4.826323940410318, 3.034809622438357, 2.125, 3.0348096224383574, 3.409800010427461, 1.5532651443856078, 1.4000248013676206, 1.086565690605036, 2.70032148291849, 4.333333333333333, 2.1666666666666665, 0.0, 2.166666666666667, 4.203940629127588, 1.0124571321515028, 1.6203780423098804, 2.9557970348302187, 4.826323940410318, 3.034809622438357, 2.125, 3.0348096224383574, 2.422822619269609, 3.138570534494963, 3.995214150844872, 4.061412247537111, 6.069619244876714, 4.77042392712057, 4.25, 4.770423927120571, 4.780755693402457, 5.382075446434314, 6.514442697736549, 5.735858213418847, 5.959498720530108, 6.451878494757253, 7.708333333333333, 6.733132216468383, 6.452954749570154, 6.375, 6.733132216468383, 6.910263099992005, 7.435953387278445, 6.925320891081109, 7.421931651830569, 8.608867846888712], [5.605212108188037, 4.651948516482099, 6.175809663517812, 3.8624348250524276, 4.778604145177539, 6.838539683294965, 4.826323940410318, 3.0348096224383574, 2.125, 2.1830311495716224, 2.7634998326350373, 1.7445351179548598, 3.1950591196060483, 0.6562202374203342, 6.5, 4.333333333333334, 2.166666666666667, 0.0, 6.36050359540893, 1.4520340139878878, 3.413708068622415, 1.3695345924802342, 6.838539683294965, 4.826323940410318, 3.0348096224383574, 2.125, 2.636930559908201, 4.344928397313098, 3.016724216762281, 4.192660584614234, 7.766112283504533, 6.069619244876715, 4.770423927120571, 4.25, 5.64653900878917, 4.701661940207952, 5.687490217331423, 5.829528521053636, 6.674084414942455, 5.896238207535378, 9.104428867315072, 7.708333333333334, 7.118174118253766, 6.733132216468383, 6.375, 6.394577781214331, 8.500919067959652, 7.003099512200135, 7.49455821098067, 9.80744121248056], [6.027286725411389, 8.546959139899256, 4.336237999567826, 6.486974704223737, 4.2126216667793495, 2.628516043361654, 3.303665840609804, 4.930335513076513, 6.862295348167675, 7.3268015250992775, 4.539752808488668, 5.264252165533895, 3.3059222847476275, 6.903002782961779, 0.5234549951388539, 2.0686025544164584, 4.203940629127588, 6.36050359540893, 0.0, 5.008171092895018, 3.2678049186222764, 6.8848292829204585, 1.6340635463965376, 2.583655369793833, 4.479874479821491, 6.546156469939909, 5.313304483002103, 4.025913041727667, 7.275321373543577, 6.095952047258181, 3.754673383316882, 4.254724857331049, 5.6121906504218195, 7.367467208658776, 5.245703256278788, 8.014968990689919, 9.11373967771652, 7.202087072220953, 6.243438754123957, 8.700738632167043, 5.878454793320644, 6.209777947182728, 6.678834440702573, 7.208005441064005, 8.645127622677906, 9.018267835626858, 6.515773338221071, 8.107600324350924, 8.506437857836449, 7.120826382331415], [5.513720260505706, 5.513720260505706, 5.57534254054802, 4.2, 4.25080018143007, 5.829617864358216, 4.036087214122114, 2.8256759270030325, 3.011275108285156, 3.2636040064798166, 2.328562606586056, 1.7000000000000002, 2.088327347690278, 2.0883273476902775, 5.1985641714269955, 3.0546071760539033, 1.0124571321515028, 1.4520340139878878, 5.008171092895018, 0.0, 1.9624248039380037, 1.9624248039380032, 5.394158362937118, 3.3767588009806095, 1.7598137527717088, 2.04457276167364, 1.7000000000000002, 3.0201177313328547, 3.020117731332854, 3.3999999999999995, 6.340352470048053, 4.7440093802605405, 3.768297950593138, 3.9093992860512183, 4.491226014253916, 4.491226014253916, 5.603090331640048, 5.1000000000000005, 5.608129020547861, 5.608129020547861, 7.767524988337304, 6.529931086925803, 6.082853862383274, 5.859560089669228, 5.9512837083924826, 6.082853862383273, 7.289337723308232, 6.3, 6.8, 8.547605619855524], [5.9, 6.9465419054695445, 5.231740734316936, 5.231740734316936, 4.200159761393838, 4.761419022845093, 3.594594707489443, 3.5440090293338704, 4.646264927635722, 5.0004444246931135, 2.9567286014797607, 3.020117731332855, 1.7000000000000002, 4.041589346339438, 3.5688564150314472, 1.7282176110406677, 1.6203780423098804, 3.413708068622415, 3.2678049186222764, 1.9624248039380037, 0.0, 3.6666666666666665, 3.440001614986701, 1.4434718948116418, 1.3124404748406682, 3.278761622591337, 2.088327347690278, 1.6999999999999993, 4.041589346339437, 3.263604006479816, 4.467855874030754, 3.195580715787212, 3.138570534494963, 4.344928397313098, 3.4000000000000004, 5.0004444246931135, 6.142975206111063, 4.766666666666667, 4.6, 5.882554244921541, 6.092709669031597, 5.2317407343169355, 5.1, 5.197114584074513, 6.003147322678145, 6.281277294025829, 5.892462228229478, 5.892462228229478, 6.36954559690965, 7.020842983860737], [6.9465419054695445, 5.9, 7.366138744281159, 5.231740734316936, 5.988148556493171, 7.782030583337488, 5.909408693863635, 4.321008112826348, 3.4365680554879168, 3.4000000000000004, 3.9686309470435255, 3.020117731332855, 4.041589346339438, 1.7000000000000002, 7.115168655766355, 4.998673435133678, 2.9557970348302187, 1.3695345924802342, 6.8848292829204585, 1.9624248039380032, 3.6666666666666665, 0.0, 7.051418297052019, 4.907505589513996, 2.7988588944623687, 0.9861541461658007, 2.0883273476902775, 4.041589346339437, 1.6999999999999993, 3.2636040064798157, 7.6059598342352555, 5.67553839834699, 3.995214150844872, 3.016724216762281, 5.0004444246931135, 3.4000000000000004, 4.338976593866276, 4.766666666666667, 5.882554244921541, 4.6, 8.66083136886985, 7.026457934913659, 6.281277294025829, 5.755094361616594, 5.124451190127583, 5.1, 7.849203781276162, 5.892462228229478, 6.369545596909649, 9.209436143278033], [7.52818777071289, 9.724325169388361, 5.942432162002357, 7.730261602587873, 5.673684786611425, 4.25, 4.77042392712057, 6.069619244876714, 7.766112283504533, 8.1891696770796, 5.588131865134798, 6.103846692409996, 4.196857289819504, 7.45, 2.125, 3.034809622438357, 4.826323940410318, 6.838539683294965, 1.6340635463965376, 5.394158362937118, 3.440001614986701, 7.051418297052019, 0.0, 2.1666666666666665, 4.333333333333333, 6.5, 5.168843627393311, 3.440001614986701, 7.051418297052019, 5.487890709958102, 2.125, 3.034809622438357, 4.826323940410318, 6.838539683294965, 4.196857289819504, 7.45, 8.468513088771926, 6.2687274980209855, 5.0173310744967905, 7.941190087134295, 4.25, 4.77042392712057, 5.401260141032934, 6.069619244876714, 7.766112283504533, 8.1891696770796, 4.981214711292819, 7.018329177549628, 7.36593133584915, 5.502120203698824], [6.850081102520693, 8.302024518821366, 5.7885183289374185, 6.485560885536423, 5.025992240202126, 4.77042392712057, 4.25, 4.77042392712057, 6.069619244876715, 6.43611770488321, 4.2040145909080495, 4.422951503238534, 2.804213100160384, 5.464760846652955, 3.034809622438357, 2.125, 3.034809622438357, 4.826323940410318, 2.583655369793833, 3.3767588009806095, 1.4434718948116418, 4.907505589513996, 2.1666666666666665, 0.0, 2.1666666666666665, 4.333333333333334, 3.0037476591751187, 1.4434718948116418, 4.907505589513996, 3.524556709715422, 3.034809622438357, 2.125, 3.034809622438357, 4.826323940410318, 2.8042131001603847, 5.464760846652955, 6.545801514487835, 4.6478489648438455, 3.9272905559827263, 6.117484050744318, 4.77042392712057, 4.25, 4.407222607392451, 4.77042392712057, 6.069619244876715, 6.43611770488321, 4.79655547705272, 5.618051263561059, 6.046693311223912, 5.793862829688058], [6.823672031978091, 7.257658789934335, 6.410169871210729, 5.810072671184453, 5.264920305969212, 6.069619244876714, 4.77042392712057, 4.25, 4.770423927120571, 5.0173310744967905, 3.6754793575654214, 3.355137023199566, 2.739069184960467, 3.6896627367702743, 4.826323940410318, 3.034809622438357, 2.125, 3.0348096224383574, 4.479874479821491, 1.7598137527717088, 1.3124404748406682, 2.7988588944623687, 4.333333333333333, 2.1666666666666665, 0.0, 2.166666666666667, 0.8467257197253698, 1.3124404748406682, 2.7988588944623687, 2.0290254913244543, 4.826323940410318, 3.034809622438357, 2.125, 3.0348096224383574, 2.739069184960468, 3.689662736770275, 4.834067633818329, 3.6464975585408594, 3.881043674065006, 4.601479230759508, 6.069619244876714, 4.77042392712057, 4.366062299143245, 4.25, 4.770423927120571, 5.0173310744967905, 5.530847835348372, 4.822545432076763, 5.315726144605687, 6.8009745721786015], [7.4558887986461935, 6.768493185340442, 7.6198753270640855, 5.902565355654927, 6.2902354921521635, 7.766112283504533, 6.069619244876715, 4.770423927120571, 4.25, 4.2793106921559225, 4.328215246969605, 3.5128731513929985, 4.065744430947151, 2.5985572920372566, 6.838539683294965, 4.826323940410318, 3.0348096224383574, 2.125, 6.546156469939909, 2.04457276167364, 3.278761622591337, 0.9861541461658007, 6.5, 4.333333333333334, 2.166666666666667, 0.0, 1.3417443041719153, 3.278761622591337, 0.9861541461658007, 2.280411756191801, 6.838539683294965, 4.826323940410318, 3.0348096224383574, 2.125, 4.065744430947152, 2.5985572920372575, 3.64387035972433, 3.792133670874193, 4.908184774209074, 3.783186487605389, 7.766112283504533, 6.069619244876715, 5.300026205385949, 4.770423927120571, 4.25, 4.2793106921559225, 6.896557112066861, 4.9335867052052285, 5.416666666666667, 8.265987700359092], [7.139405515245028, 7.139405515245027, 6.9465419054695445, 5.9, 5.717290106229014, 6.786342493894959, 5.325410782277739, 4.478218891975296, 4.597583906551112, 4.766666666666667, 3.9410552561581613, 3.4000000000000004, 3.263604006479817, 3.2636040064798166, 5.645358221091417, 3.765053120475195, 2.422822619269609, 2.636930559908201, 5.313304483002103, 1.7000000000000002, 2.088327347690278, 2.0883273476902775, 5.168843627393311, 3.0037476591751187, 0.8467257197253698, 1.3417443041719153, 0.0, 1.9624248039380032, 1.9624248039380028, 1.6999999999999993, 5.531280994891188, 3.591744005354502, 2.1436113090867113, 2.382939944223894, 3.020117731332855, 3.020117731332855, 4.167891342814456, 3.4000000000000004, 4.039939493496296, 4.039939493496296, 6.595789902994519, 5.0803543183522155, 4.4912260142539155, 4.183831311662129, 4.311354517756314, 4.4912260142539155, 5.882554244921541, 4.6, 5.1, 7.211558878187588], [7.6, 8.438272598372516, 6.849898620498782, 6.849898620498782, 5.885528523214393, 6.092709669031597, 5.2317407343169355, 5.197114584074513, 6.003147322678145, 6.281277294025829, 4.607814746939104, 4.4912260142539155, 3.3999999999999995, 5.0004444246931135, 4.467855874030754, 3.195580715787212, 3.138570534494963, 4.344928397313098, 4.025913041727667, 3.0201177313328547, 1.6999999999999993, 4.041589346339437, 3.440001614986701, 1.4434718948116418, 1.3124404748406682, 3.278761622591337, 1.9624248039380032, 0.0, 3.6666666666666665, 2.088327347690278, 3.5688564150314472, 1.7282176110406677, 1.6203780423098804, 3.413708068622415, 1.700000000000001, 4.041589346339438, 5.108115245752074, 3.2636040064798175, 2.9000000000000004, 4.674873735668638, 4.761419022845093, 3.594594707489443, 3.4000000000000004, 3.5440090293338704, 4.646264927635722, 5.0004444246931135, 4.309421203724592, 4.309421203724592, 4.766666666666667, 5.533286168725329], [8.438272598372516, 7.6, 8.59127464349732, 6.849898620498781, 7.270215066349104, 8.66083136886985, 7.026457934913659, 5.755094361616594, 5.124451190127583, 5.1, 5.314108044924624, 4.4912260142539155, 5.0004444246931135, 3.3999999999999995, 7.6059598342352555, 5.67553839834699, 3.995214150844872, 3.016724216762281, 7.275321373543577, 3.020117731332854, 4.041589346339437, 1.6999999999999993, 7.051418297052019, 4.907505589513996, 2.7988588944623687, 0.9861541461658007, 1.9624248039380028, 3.6666666666666665, 0.0, 2.0883273476902775, 7.115168655766355, 4.998673435133678, 2.9557970348302187, 1.3695345924802342, 4.041589346339438, 1.700000000000001, 2.6801893334443556, 3.263604006479817, 4.674873735668638, 2.9000000000000004, 7.782030583337488, 5.909408693863635, 5.0004444246931135, 4.321008112826348, 3.4365680554879168, 3.4000000000000004, 6.7424031324150295, 4.309421203724592, 4.766666666666667, 8.132572391199249], [8.79324235484904, 8.79324235484904, 8.438272598372516, 7.6, 7.285980382565027, 7.99402554689716, 6.797793759742936, 6.156658545383562, 6.244019360778582, 6.369545596909649, 5.605499910926133, 5.1, 4.766666666666667, 4.766666666666667, 6.518824237885575, 4.980022590310209, 4.061412247537111, 4.192660584614234, 6.095952047258181, 3.3999999999999995, 3.263604006479816, 3.2636040064798157, 5.487890709958102, 3.524556709715422, 2.0290254913244543, 2.280411756191801, 1.6999999999999993, 2.088327347690278, 2.0883273476902775, 0.0, 5.173980039045807, 3.01257779982526, 0.8775360074916844, 1.3613973621899587, 1.962424803938004, 1.9624248039380034, 3.0212605360175746, 1.700000000000001, 2.640286179775047, 2.640286179775047, 5.696880237853386, 3.84187454245971, 3.020117731332855, 2.5405598683054977, 2.745501370929867, 3.020117731332855, 4.674873735668638, 2.9000000000000004, 3.4000000000000004, 6.060660118712047], [9.480334177185481, 11.3033457436283, 8.016584372411982, 9.418602308434327, 7.612749439476434, 6.375, 6.733132216468383, 7.708333333333333, 9.104428867315072, 9.46787330924955, 7.166239156019089, 7.455539513975125, 5.741666666666666, 8.417578333463847, 4.25, 4.77042392712057, 6.069619244876714, 7.766112283504533, 3.754673383316882, 6.340352470048053, 4.467855874030754, 7.6059598342352555, 2.125, 3.034809622438357, 4.826323940410318, 6.838539683294965, 5.531280994891188, 3.5688564150314472, 7.115168655766355, 5.173980039045807, 0.0, 2.1666666666666665, 4.333333333333333, 6.5, 3.3603178586424103, 7.0128899178584, 7.853483950511284, 5.359577356885937, 3.7083333333333335, 7.186141175902405, 2.125, 3.034809622438357, 3.95306667172603, 4.826323940410318, 6.838539683294965, 7.315437444199766, 3.023346655611956, 5.795262672601169, 6.038217406192365, 3.3830794052425683], [8.951353870287505, 10.105777363029086, 7.903168316848911, 8.427076895341587, 7.143098275188072, 6.733132216468383, 6.375, 6.733132216468383, 7.708333333333334, 8.000108506208594, 6.148292818310954, 6.155536126122565, 4.818374841283221, 6.724339083591124, 4.77042392712057, 4.25, 4.77042392712057, 6.069619244876715, 4.254724857331049, 4.7440093802605405, 3.195580715787212, 5.67553839834699, 3.034809622438357, 2.125, 3.034809622438357, 4.826323940410318, 3.591744005354502, 1.7282176110406677, 4.998673435133678, 3.01257779982526, 2.1666666666666665, 0.0, 2.1666666666666665, 4.333333333333334, 1.2416666666666671, 4.851982698970712, 5.727915300814785, 3.3212384738226803, 2.0004339806929674, 5.099189750451646, 3.034809622438357, 2.125, 2.424198034631476, 3.034809622438357, 4.826323940410318, 5.279842432413218, 2.7083333333333335, 3.986304679775494, 4.331930862790864, 3.839367918742162], [8.931160338948125, 9.266970168890753, 8.36919367548498, 7.918968963472735, 7.313182672313728, 7.708333333333333, 6.733132216468383, 6.375, 6.733132216468383, 6.910263099992005, 5.799733994504902, 5.439215885074286, 4.780755693402456, 5.382075446434313, 6.069619244876714, 4.77042392712057, 4.25, 4.770423927120571, 5.6121906504218195, 3.768297950593138, 3.138570534494963, 3.995214150844872, 4.826323940410318, 3.034809622438357, 2.125, 3.0348096224383574, 2.1436113090867113, 1.6203780423098804, 2.9557970348302187, 0.8775360074916844, 4.333333333333333, 2.1666666666666665, 0.0, 2.166666666666667, 1.0865656906050363, 2.7003214829184903, 3.6509870055324525, 1.6507784359036337, 1.9080421903092182, 3.1227769870919557, 4.826323940410318, 3.034809622438357, 2.348536778506992, 2.125, 3.0348096224383574, 3.409800010427461, 3.8624348250524276, 2.7541004782767904, 3.234203061720838, 5.236903155267006], [9.42302513940071, 8.889073348780514, 9.328216603402817, 7.987077236247173, 8.082717211257215, 9.104428867315072, 7.708333333333334, 6.733132216468383, 6.375, 6.394577781214331, 6.233876251837731, 5.537905992139788, 5.646539008789169, 4.701661940207952, 7.766112283504533, 6.069619244876715, 4.770423927120571, 4.25, 7.367467208658776, 3.9093992860512183, 4.344928397313098, 3.016724216762281, 6.838539683294965, 4.826323940410318, 3.0348096224383574, 2.125, 2.382939944223894, 3.413708068622415, 1.3695345924802342, 1.3613973621899587, 6.5, 4.333333333333334, 2.166666666666667, 0.0, 3.1950591196060487, 0.6562202374203349, 1.7998020515363367, 1.9515129458391454, 3.5592699782087025, 1.7001838135919305, 6.838539683294965, 4.826323940410318, 3.813581358484145, 3.0348096224383574, 2.125, 2.1830311495716224, 5.647178499038259, 2.9442151378215855, 3.3975583553160313, 7.035513640716889], [9.3, 9.996721684854712, 8.500065359225841, 8.500065359225841, 7.577436900028166, 7.5730516379535615, 6.8993558475491845, 6.8731361109758335, 7.50118509155572, 7.725570816738686, 6.285035358803522, 6.082853862383274, 5.1000000000000005, 6.28127729402583, 5.741666666666667, 4.818374841283222, 4.780755693402457, 5.64653900878917, 5.245703256278788, 4.491226014253916, 3.4000000000000004, 5.0004444246931135, 4.196857289819504, 2.8042131001603847, 2.739069184960468, 4.065744430947152, 3.020117731332855, 1.700000000000001, 4.041589346339438, 1.962424803938004, 3.3603178586424103, 1.2416666666666671, 1.0865656906050363, 3.1950591196060487, 0.0, 3.6666666666666665, 4.497725908153395, 2.088327347690278, 1.1999999999999993, 3.858036345661409, 3.7418058622957857, 2.061822279225615, 1.6999999999999993, 1.972308292331601, 3.5941310184490733, 4.041589346339437, 2.8637582144991063, 2.8637582144991063, 3.263604006479816, 4.209783301547422], [9.996721684854712, 9.3, 9.956907150315303, 8.500065359225841, 8.69678855022403, 9.759098319004682, 8.34272803770512, 7.304184493227915, 6.818357573492315, 6.800000000000001, 6.819784236501448, 6.082853862383274, 6.28127729402583, 5.1000000000000005, 8.417578333463847, 6.724339083591125, 5.382075446434314, 4.701661940207952, 8.014968990689919, 4.491226014253916, 5.0004444246931135, 3.4000000000000004, 7.45, 5.464760846652955, 3.689662736770275, 2.5985572920372575, 3.020117731332855, 4.041589346339438, 1.700000000000001, 1.9624248039380034, 7.0128899178584, 4.851982698970712, 2.7003214829184903, 0.6562202374203349, 3.6666666666666665, 0.0, 1.1489612021728166, 2.0883273476902775, 3.858036345661409, 1.1999999999999993, 7.2034713853808015, 5.12358381517382, 4.041589346339437, 3.1624533373808235, 1.7720045146669343, 1.6999999999999993, 5.923681287847955, 2.863758214499106, 3.2636040064798157, 7.296831731585755], [11.089871724264333, 10.201756140972087, 11.098391760452067, 9.52997527401042, 9.828179743566968, 10.90350730188354, 9.487796109455424, 8.398747968349578, 7.774866477696176, 7.7105981557944245, 7.929133674499092, 7.155272481431345, 7.426940648874592, 6.020799025140258, 9.528140831687184, 7.8687528389722825, 6.514442697736549, 5.687490217331423, 9.11373967771652, 5.603090331640048, 6.142975206111063, 4.338976593866276, 8.468513088771926, 6.545801514487835, 4.834067633818329, 3.64387035972433, 4.167891342814456, 5.108115245752074, 2.6801893334443556, 3.0212605360175746, 7.853483950511284, 5.727915300814785, 3.6509870055324525, 1.7998020515363367, 4.497725908153395, 1.1489612021728166, 0.0, 2.581610390335209, 4.423882481916541, 0.8132095136139124, 7.789092141397174, 5.639304914574581, 4.488455784104795, 3.5103350752889257, 1.4939992138389135, 1.1121190696539258, 6.384338730177215, 2.8992947550086177, 3.159336827322503, 7.70513905466673], [10.461888505958719, 10.461888505958719, 9.996721684854712, 9.3, 8.90301151922543, 9.355984418779483, 8.357032966310472, 7.844389360839023, 7.913139565164878, 8.012559585495207, 7.286380580967064, 6.800000000000001, 6.369545596909651, 6.36954559690965, 7.674638066022688, 6.419160770692693, 5.735858213418847, 5.829528521053636, 7.202087072220953, 5.1000000000000005, 4.766666666666667, 4.766666666666667, 6.2687274980209855, 4.6478489648438455, 3.6464975585408594, 3.792133670874193, 3.4000000000000004, 3.2636040064798175, 3.263604006479817, 1.700000000000001, 5.359577356885937, 3.3212384738226803, 1.6507784359036337, 1.9515129458391454, 2.088327347690278, 2.0883273476902775, 2.581610390335209, 0.0, 1.8442101591497404, 1.84421015914974, 5.213870390069593, 3.080584360149873, 1.9624248039380032, 1.088321847820967, 1.5059142664102017, 1.9624248039380028, 3.8580363456614095, 1.1999999999999993, 1.6999999999999993, 5.218871592166951], [10.5, 11.121800413801914, 9.675283515799995, 9.675283515799995, 8.773608813040667, 8.666666666666666, 8.08462189042327, 8.06225774829855, 8.603939666093538, 8.80025252162939, 7.475154664839387, 7.236097782030804, 6.3, 7.289337723308232, 6.754756554540742, 5.989719201357532, 5.959498720530108, 6.674084414942455, 6.243438754123957, 5.608129020547861, 4.6, 5.882554244921541, 5.0173310744967905, 3.9272905559827263, 3.881043674065006, 4.908184774209074, 4.039939493496296, 2.9000000000000004, 4.674873735668638, 2.640286179775047, 3.7083333333333335, 2.0004339806929674, 1.9080421903092182, 3.5592699782087025, 1.1999999999999993, 3.858036345661409, 4.423882481916541, 1.8442101591497404, 0.0, 3.6666666666666665, 3.370624736026114, 1.269295517643985, 0.5, 1.1180339887498945, 3.2058973436118907, 3.7006005518624194, 2.088327347690278, 2.088327347690278, 2.3687784005919825, 3.478496277835428], [11.121800413801914, 10.5, 10.977249200050075, 9.675283515799995, 9.756679389918693, 10.63014581273465, 9.346716595206635, 8.432740427115679, 8.0156097709407, 8.0, 7.930052007035841, 7.236097782030803, 7.289337723308232, 6.3, 9.13868836321712, 7.6076761307978344, 6.451878494757253, 5.896238207535378, 8.700738632167043, 5.608129020547861, 5.882554244921541, 4.6, 7.941190087134295, 6.117484050744318, 4.601479230759508, 3.783186487605389, 4.039939493496296, 4.674873735668638, 2.9000000000000004, 2.640286179775047, 7.186141175902405, 5.099189750451646, 3.1227769870919557, 1.7001838135919305, 3.858036345661409, 1.1999999999999993, 0.8132095136139124, 1.84421015914974, 3.6666666666666665, 0.0, 7.0178344238090995, 4.859126579037751, 3.7006005518624194, 2.713136766016618, 0.7071067811865476, 0.5, 5.5901699437494745, 2.0883273476902775, 2.3687784005919825, 6.9008270684030455], [11.49395976637778, 13.038404810405298, 10.111874208078342, 11.255862669935363, 9.630600136994142, 8.5, 8.771798244627178, 9.54084785424114, 10.700467279516348, 11.01135777277262, 8.972959352431475, 9.107384061542835, 7.573051637953561, 9.759098319004682, 6.375, 6.733132216468383, 7.708333333333333, 9.104428867315072, 5.878454793320644, 7.767524988337304, 6.092709669031597, 8.66083136886985, 4.25, 4.77042392712057, 6.069619244876714, 7.766112283504533, 6.595789902994519, 4.761419022845093, 7.782030583337488, 5.696880237853386, 2.125, 3.034809622438357, 4.826323940410318, 6.838539683294965, 3.7418058622957857, 7.2034713853808015, 7.789092141397174, 5.213870390069593, 3.370624736026114, 7.0178344238090995, 0.0, 2.1666666666666665, 3.3333333333333335, 4.333333333333333, 6.5, 7.0, 1.5811388300841898, 5.190803834132479, 5.262551134615649, 1.2838908786972618], [11.061695670696745, 12.015036875145707, 10.022197585581939, 10.44030650891055, 9.263819835220115, 8.771798244627178, 8.5, 8.771798244627178, 9.540847854241141, 9.77809342924842, 8.182940820928643, 8.077747210701755, 6.899355847549184, 8.34272803770512, 6.733132216468383, 6.375, 6.733132216468383, 7.708333333333334, 6.209777947182728, 6.529931086925803, 5.2317407343169355, 7.026457934913659, 4.77042392712057, 4.25, 4.77042392712057, 6.069619244876715, 5.0803543183522155, 3.594594707489443, 5.909408693863635, 3.84187454245971, 3.034809622438357, 2.125, 3.034809622438357, 4.826323940410318, 2.061822279225615, 5.12358381517382, 5.639304914574581, 3.080584360149873, 1.269295517643985, 4.859126579037751, 2.1666666666666665, 0.0, 1.166666666666667, 2.1666666666666665, 4.333333333333334, 4.833333333333334, 0.8333333333333331, 3.0413812651491106, 3.16227766016838, 2.223487247926585], [11.0, 11.595018087284059, 10.166666666666666, 10.166666666666666, 9.272305751551052, 9.130230616534892, 8.579691784155834, 8.558621384311845, 9.070709882791851, 9.257129384665877, 7.9719120780846255, 7.720823214600313, 6.8, 7.725570816738685, 7.193867952020742, 6.480874640903889, 6.452954749570154, 7.118174118253766, 6.678834440702573, 6.082853862383274, 5.1, 6.281277294025829, 5.401260141032934, 4.407222607392451, 4.366062299143245, 5.300026205385949, 4.4912260142539155, 3.4000000000000004, 5.0004444246931135, 3.020117731332855, 3.95306667172603, 2.424198034631476, 2.348536778506992, 3.813581358484145, 1.6999999999999993, 4.041589346339437, 4.488455784104795, 1.9624248039380032, 0.5, 3.7006005518624194, 3.3333333333333335, 1.166666666666667, 0.0, 0.9999999999999996, 3.1666666666666665, 3.6666666666666665, 1.90029237516523, 1.90029237516523, 2.088327347690278, 3.256884257533266], [11.045361017187261, 11.31861789756643, 10.393641218445909, 10.03466214899358, 9.39559182643928, 9.54084785424114, 8.771798244627178, 8.5, 8.771798244627178, 8.908485343261844, 7.924388323785128, 7.54615428178118, 6.873136110975833, 7.304184493227913, 7.708333333333333, 6.733132216468383, 6.375, 6.733132216468383, 7.208005441064005, 5.859560089669228, 5.197114584074513, 5.755094361616594, 6.069619244876714, 4.77042392712057, 4.25, 4.770423927120571, 4.183831311662129, 3.5440090293338704, 4.321008112826348, 2.5405598683054977, 4.826323940410318, 3.034809622438357, 2.125, 3.0348096224383574, 1.972308292331601, 3.1624533373808235, 3.5103350752889257, 1.088321847820967, 1.1180339887498945, 2.713136766016618, 4.333333333333333, 2.1666666666666665, 0.9999999999999996, 0.0, 2.166666666666667, 2.666666666666667, 2.877112750272011, 0.9718253158075506, 1.301708279317776, 4.198607410067193], [11.446736555795184, 11.01135777277262, 11.180339887498949, 10.088497300281038, 10.006239178011707, 10.700467279516348, 9.540847854241141, 8.771798244627178, 8.5, 8.514693182963201, 8.247437724672597, 7.617596588017626, 7.501185091555718, 6.818357573492314, 9.104428867315072, 7.708333333333334, 6.733132216468383, 6.375, 8.645127622677906, 5.9512837083924826, 6.003147322678145, 5.124451190127583, 7