totalHoles = 50;
zeroHoleID = 30;
C = [[0.0, 2.6643451719363758, 3.7165171868296265, 3.5, 3.831325143612916, 4.47213595499958, 4.123105625617661, 4.0, 4.630814663149935, 4.5, 5.068968775248517, 5.220153254455275, 5.024937810560445, 5.0, 5.134307266916454, 5.517648452415616, 5.5, 5.622375931144333, 5.974482776311641, 8.116240790085374, 6.0, 6.112373606964083, 6.437735971942656, 6.562202374203344, 6.329494450586082, 6.5, 6.60387091871965, 6.906116451700221, 7.0, 7.096556285347924, 7.378647873726218, 7.403546447480424, 7.267220926874317, 7.5, 7.5901983578238, 7.8545811119654525, 8.0, 8.08462189042327, 8.333333333333334, 8.73212459828649, 8.558621384311845, 8.5, 8.579691784155834, 8.814445214784902, 8.73977450119718, 9.07530226004132, 9.617692030835672, 9.513148795220223, 9.571369343574153, 14.591828379095753], [2.6643451719363758, 0.0, 1.293480456238923, 4.174251560005018, 3.5729974464053593, 5.958184803530548, 5.2153347828821826, 4.571593556087323, 3.7385376584586054, 4.9874401447951175, 4.2369511891887495, 6.288881032186184, 5.678888569210489, 5.417531795362972, 4.9524880346634506, 4.735699202380021, 5.858732141822458, 5.431595464441314, 5.234686092907346, 6.257601347971917, 6.308710951175237, 5.9141627340811525, 5.733849496379581, 7.571352465337285, 7.001794691283613, 6.7657169185041415, 6.39940719137711, 6.233147006367425, 7.228417321737033, 6.886762951990135, 6.732548786220713, 8.116368439045742, 7.6534428450767304, 7.6957851147912635, 7.375811515539065, 7.232033235176454, 8.167019045459464, 7.866237160714994, 7.731584331206096, 9.448586675038527, 8.998641058528449, 8.641486657095085, 8.357797474482634, 8.2311899398815, 9.038878046864633, 8.850303394817779, 10.115623986669553, 9.748107477054344, 9.343605392790188, 13.65269135841624], [3.7165171868296265, 1.293480456238923, 0.0, 4.16082924427331, 3.1960651913816474, 6.149186938124422, 5.273755777432247, 4.451123453691214, 2.98724138815582, 4.7762432936357, 3.45305822585011, 6.25, 5.482928049865327, 5.129571132170798, 4.416666666666666, 3.9272905559827263, 5.50567888638631, 4.848396069262952, 4.407222607392451, 4.993773668347012, 5.900211860602973, 5.292158769769142, 4.891176863609729, 7.433034373659253, 6.726812023536855, 6.309714732061981, 5.745167051047727, 5.378067600087517, 6.73145600891813, 6.205396397043821, 5.867163804693977, 7.810249675906654, 7.211102550927978, 7.163274390947201, 6.671352519875144, 6.357956520070824, 7.603453162872775, 7.1419146203552755, 6.850081102520693, 9.100137361600648, 8.533024082938006, 8.050621094052309, 7.616229017331638, 7.343269783353401, 8.507268043947125, 8.093636045958853, 9.64689069078737, 9.168560410446124, 8.573619098399721, 12.568126047470772], [3.5, 4.174251560005018, 4.16082924427331, 0.0, 1.330700978506693, 2.0615528128088303, 1.118033988749895, 0.5, 2.3863035105460595, 1.0, 2.53859103528797, 2.1213203435596424, 1.5811388300841898, 1.5, 1.90029237516523, 2.7738861628488736, 2.0, 2.3154073315749675, 3.0731814857642963, 6.1893660770357855, 2.5, 2.758824226207808, 3.4197140881138655, 3.400367627183861, 2.9261749776799064, 3.0, 3.218867985971328, 3.80058475033046, 3.5, 3.689323936863109, 4.2064764880413215, 4.038873605350878, 3.783186487605389, 4.0, 4.166666666666667, 4.630814663149935, 4.5, 4.648775226993784, 5.068968775248517, 5.385164807134504, 5.0990195135927845, 5.0, 5.134307266916454, 5.517648452415616, 5.2521303448382515, 5.622375931144333, 6.18465843842649, 6.020797289396148, 6.112373606964083, 11.35812331077951], [3.831325143612916, 3.5729974464053593, 3.1960651913816474, 1.330700978506693, 0.0, 3.3520470636286115, 2.3625138701781387, 1.3880648604395172, 1.0847843708489557, 1.6070728108506105, 1.3537784507911443, 3.1576515920790333, 2.3056486824670714, 1.9335568214985532, 1.4151139205301, 1.728778486797767, 2.322628025438403, 1.912722240856308, 2.155141299080662, 4.929212198116083, 2.7478282164538963, 2.411320246930026, 2.607794658632345, 4.257409405780535, 3.531400164018723, 3.1947642901673525, 2.910399336146672, 3.075150718937154, 3.655472313165128, 3.4097482690707968, 3.551409706971022, 4.621696540082076, 4.087215577701954, 4.125340809545936, 3.909263641789794, 4.0334191288975045, 4.60156449020259, 4.408888883109656, 4.519339424290303, 5.927887497251947, 5.430018641780048, 5.082357201150046, 4.908590443925447, 5.008032327624585, 5.466557489612932, 5.408347169772344, 6.547854170661867, 6.182204017197822, 5.908145061808556, 10.760760874390474], [4.47213595499958, 5.958184803530548, 6.149186938124422, 2.0615528128088303, 3.3520470636286115, 0.0, 1.0, 2.0, 4.333333333333334, 2.0615528128088303, 4.362084109434134, 1.118033988749895, 1.8027756377319946, 2.23606797749979, 3.3208098075285464, 4.447221354708779, 2.5, 3.5039660069381067, 4.585605497399202, 7.97053753125134, 2.8284271247461903, 3.7453675090407055, 4.772607021092118, 2.25, 2.462214450449026, 3.2015621187164243, 4.034572812303401, 5.002777006601212, 3.605551275463989, 4.362084109434134, 5.2704627669473, 3.2882366094914763, 3.5794552658190883, 4.031128874149275, 4.719934086168766, 5.570258322356135, 4.47213595499958, 5.101742621671322, 5.897268670984712, 4.5, 4.6097722286464435, 4.924428900898052, 5.50252467307306, 6.247221604663771, 4.93345679643247, 5.918426968188235, 5.522680508593631, 5.70087712549569, 6.346477588219924, 11.94547777438781], [4.123105625617661, 5.2153347828821826, 5.273755777432247, 1.118033988749895, 2.3625138701781387, 1.0, 0.0, 1.0, 3.333333333333334, 1.118033988749895, 3.3706247360261146, 1.118033988749895, 1.118033988749895, 1.4142135623730951, 2.386303510546059, 3.4801021696368504, 1.8027756377319946, 2.63523138347365, 3.6552853665768854, 6.99642222180864, 2.23606797749979, 2.948634335492356, 3.8873012632302006, 2.462214450449026, 2.25, 2.692582403567252, 3.308238873546535, 4.166666666666667, 3.1622776601683795, 3.70060055186242, 4.48454134902457, 3.2882366094914763, 3.2882366094914763, 3.640054944640259, 4.116363011742823, 4.833333333333334, 4.123105625617661, 4.549114687985393, 5.2068331172711035, 4.6097722286464435, 4.5, 4.6097722286464435, 4.994441354590566, 5.600099205470481, 4.740918376052184, 5.449260908090605, 5.522680508593631, 5.522680508593631, 5.9113826169894, 11.395473225636417], [4.0, 4.571593556087323, 4.451123453691214, 0.5, 1.3880648604395172, 2.0, 1.0, 0.0, 2.333333333333334, 0.5, 2.3863035105460595, 1.8027756377319946, 1.118033988749895, 1.0, 1.5365907428821481, 2.53859103528797, 1.5, 1.90029237516523, 2.7738861628488736, 6.030785958276856, 2.0, 2.3154073315749675, 3.0731814857642963, 3.010398644698074, 2.462214450449026, 2.5, 2.758824226207808, 3.4197140881138655, 3.0, 3.218867985971328, 3.80058475033046, 3.5794552658190883, 3.2882366094914763, 3.5, 3.689323936863109, 4.2064764880413215, 4.0, 4.166666666666667, 4.630814663149935, 4.924428900898052, 4.6097722286464435, 4.5, 4.648775226993784, 5.068968775248517, 4.755377811963295, 5.134307266916454, 5.70087712549569, 5.522680508593631, 5.622375931144333, 10.909591230380716], [4.630814663149935, 3.7385376584586054, 2.98724138815582, 2.3863035105460595, 1.0847843708489557, 4.333333333333334, 3.333333333333334, 2.333333333333334, 0.0, 2.3863035105460595, 0.5, 3.9616214413349047, 3.004626062886658, 2.53859103528797, 1.5365907428821481, 1.0, 2.7738861628488736, 1.90029237516523, 1.5, 3.8465421154634485, 3.0731814857642963, 2.3154073315749675, 2.0, 4.882650691763418, 4.021642837337885, 3.4197140881138655, 2.758824226207808, 2.5, 3.80058475033046, 3.218867985971328, 3.0, 5.025628761104868, 4.311644440092176, 4.2064764880413215, 3.689323936863109, 3.5, 4.630814663149935, 4.166666666666667, 4.0, 6.247221604663771, 5.600099205470481, 5.068968775248517, 4.648775226993784, 4.5, 5.541821762433259, 5.134307266916454, 6.704061787039589, 6.1869037310901955, 5.622375931144333, 10.0751752874736], [4.5, 4.9874401447951175, 4.7762432936357, 1.0, 1.6070728108506105, 2.0615528128088303, 1.118033988749895, 0.5, 2.3863035105460595, 0.0, 2.333333333333334, 1.5811388300841898, 0.7071067811865476, 0.5, 1.269295517643985, 2.3863035105460595, 1.0, 1.5365907428821481, 2.53859103528797, 5.910372755887504, 1.5, 1.90029237516523, 2.7738861628488736, 2.6575364531836625, 2.0155644370746373, 2.0, 2.3154073315749675, 3.0731814857642963, 2.5, 2.758824226207808, 3.4197140881138655, 3.132491021535417, 2.7950849718747373, 3.0, 3.218867985971328, 3.80058475033046, 3.5, 3.689323936863109, 4.2064764880413215, 4.47213595499958, 4.123105625617661, 4.0, 4.166666666666667, 4.630814663149935, 4.259385297182549, 4.648775226993784, 5.220153254455275, 5.024937810560445, 5.134307266916454, 10.46572484279645], [5.068968775248517, 4.2369511891887495, 3.45305822585011, 2.53859103528797, 1.3537784507911443, 4.362084109434134, 3.3706247360261146, 2.3863035105460595, 0.5, 2.333333333333334, 0.0, 3.865804501581068, 2.877112750272012, 2.3863035105460595, 1.269295517643985, 0.5, 2.53859103528797, 1.5365907428821481, 1.0, 3.654861568516922, 2.7738861628488736, 1.90029237516523, 1.5, 4.673358297603318, 3.764785666025506, 3.0731814857642963, 2.3154073315749675, 2.0, 3.4197140881138655, 2.758824226207808, 2.5, 4.7177266182393875, 3.9484525801607115, 3.80058475033046, 3.218867985971328, 3.0, 4.2064764880413215, 3.689323936863109, 3.5, 5.897268670984712, 5.2068331172711035, 4.630814663149935, 4.166666666666667, 4.0, 5.122551456249212, 4.648775226993784, 6.300352723811933, 5.74697988318889, 5.134307266916454, 9.592777113247534], [5.220153254455275, 6.288881032186184, 6.25, 2.1213203435596424, 3.1576515920790333, 1.118033988749895, 1.118033988749895, 1.8027756377319946, 3.9616214413349047, 1.5811388300841898, 3.865804501581068, 0.0, 1.0, 1.5, 2.666666666666667, 3.833333333333334, 1.5811388300841898, 2.713136766016618, 3.865804501581068, 7.322154730639601, 1.8027756377319946, 2.8480012484391772, 3.9616214413349047, 1.346291201783626, 1.346291201783626, 2.1213203435596424, 3.05959329178097, 4.116363011742823, 2.5, 3.3333333333333335, 4.323707257024283, 2.25, 2.462214450449026, 2.9154759474226504, 3.655285366576885, 4.5765100725819945, 3.3541019662496847, 4.013864859597432, 4.8676939555034116, 3.5355339059327378, 3.5355339059327378, 3.8078865529319543, 4.400126260814695, 5.190803834132479, 3.8360319936115754, 4.8074017006186525, 4.5, 4.6097722286464435, 5.230784942158405, 10.842050359113294], [5.024937810560445, 5.678888569210489, 5.482928049865327, 1.5811388300841898, 2.3056486824670714, 1.8027756377319946, 1.118033988749895, 1.118033988749895, 3.004626062886658, 0.7071067811865476, 2.877112750272012, 1.0, 0.0, 0.5, 1.666666666666667, 2.833333333333334, 0.7071067811865476, 1.7400510848184252, 2.877112750272012, 6.327274710976238, 1.118033988749895, 1.9436506316151003, 3.004626062886658, 1.9525624189766635, 1.346291201783626, 1.5811388300841898, 2.242270674512285, 3.205897343611891, 2.0615528128088303, 2.6034165586355518, 3.468108674447469, 2.462214450449026, 2.25, 2.5495097567963922, 3.0046260628866577, 3.7785946829182118, 3.0413812651491097, 3.4318767136623336, 4.126472801046649, 3.8078865529319543, 3.5355339059327378, 3.5355339059327378, 3.8765677832043357, 4.503085362035432, 3.721888303285732, 4.333333333333333, 4.6097722286464435, 4.5, 4.7987266829626565, 10.281654865212705], [5.0, 5.417531795362972, 5.129571132170798, 1.5, 1.9335568214985532, 2.23606797749979, 1.4142135623730951, 1.0, 2.53859103528797, 0.5, 2.3863035105460595, 1.5, 0.5, 0.0, 1.166666666666667, 2.333333333333334, 0.5, 1.269295517643985, 2.3863035105460595, 5.830491656157756, 1.0, 1.5365907428821481, 2.53859103528797, 2.358495283014151, 1.6007810593582121, 1.5, 1.90029237516523, 2.7738861628488736, 2.0, 2.3154073315749675, 3.0731814857642963, 2.704163456597992, 2.3048861143232218, 2.5, 2.758824226207808, 3.4197140881138655, 3.0, 3.218867985971328, 3.80058475033046, 4.031128874149275, 3.640054944640259, 3.5, 3.689323936863109, 4.2064764880413215, 3.76445322526352, 4.166666666666667, 4.743416490252569, 4.527692569068709, 4.648775226993784, 10.027143768603986], [5.134307266916454, 4.9524880346634506, 4.416666666666666, 1.90029237516523, 1.4151139205301, 3.3208098075285464, 2.386303510546059, 1.5365907428821481, 1.5365907428821481, 1.269295517643985, 1.269295517643985, 2.666666666666667, 1.666666666666667, 1.166666666666667, 0.0, 1.166666666666667, 1.269295517643985, 0.5, 1.269295517643985, 4.6739999280227265, 1.5365907428821481, 1.0, 1.5365907428821481, 3.4044497026359166, 2.501388503300606, 1.90029237516523, 1.5, 1.90029237516523, 2.3154073315749675, 2.0, 2.3154073315749675, 3.4890702359097205, 2.8000496027352404, 2.758824226207808, 2.5, 2.758824226207808, 3.218867985971328, 3.0, 3.218867985971328, 4.719934086168766, 4.116363011742823, 3.689323936863109, 3.5, 3.689323936863109, 4.105981262757885, 4.0, 5.230784942158405, 4.7987266829626565, 4.5, 9.509336947169455], [5.517648452415616, 4.735699202380021, 3.9272905559827263, 2.7738861628488736, 1.728778486797767, 4.447221354708779, 3.4801021696368504, 2.53859103528797, 1.0, 2.3863035105460595, 0.5, 3.833333333333334, 2.833333333333334, 2.333333333333334, 1.166666666666667, 0.0, 2.3863035105460595, 1.269295517643985, 0.5, 3.5242218891565167, 2.53859103528797, 1.5365907428821481, 1.0, 4.510019709244936, 3.560001560548972, 2.7738861628488736, 1.90029237516523, 1.5, 3.0731814857642963, 2.3154073315749675, 2.0, 4.44487845103153, 3.618048891015402, 3.4197140881138655, 2.758824226207808, 2.5, 3.80058475033046, 3.218867985971328, 3.0, 5.570258322356135, 4.833333333333334, 4.2064764880413215, 3.689323936863109, 3.5, 4.719033629596527, 4.166666666666667, 5.911382616989401, 5.317685377847939, 4.648775226993784, 9.112276796474779], [5.5, 5.858732141822458, 5.50567888638631, 2.0, 2.322628025438403, 2.5, 1.8027756377319946, 1.5, 2.7738861628488736, 1.0, 2.53859103528797, 1.5811388300841898, 0.7071067811865476, 0.5, 1.269295517643985, 2.3863035105460595, 0.0, 1.166666666666667, 2.333333333333334, 5.792819675383756, 0.5, 1.269295517643985, 2.3863035105460595, 2.1360009363293826, 1.25, 1.0, 1.5365907428821481, 2.53859103528797, 1.5, 1.90029237516523, 2.7738861628488736, 2.3048861143232218, 1.8200274723201295, 2.0, 2.3154073315749675, 3.0731814857642963, 2.5, 2.758824226207808, 3.4197140881138655, 3.605551275463989, 3.1622776601683795, 3.0, 3.218867985971328, 3.80058475033046, 3.271062986330127, 3.689323936863109, 4.272001872658765, 4.031128874149275, 4.166666666666667, 9.594572831938933], [5.622375931144333, 5.431595464441314, 4.848396069262952, 2.3154073315749675, 1.912722240856308, 3.5039660069381067, 2.63523138347365, 1.90029237516523, 1.90029237516523, 1.5365907428821481, 1.5365907428821481, 2.713136766016618, 1.7400510848184252, 1.269295517643985, 0.5, 1.269295517643985, 1.166666666666667, 0.0, 1.166666666666667, 4.626921456664724, 1.269295517643985, 0.5, 1.269295517643985, 3.2542706982944396, 2.292802748699601, 1.5365907428821481, 1.0, 1.5365907428821481, 1.90029237516523, 1.5, 1.90029237516523, 3.1896098681674396, 2.416666666666667, 2.3154073315749675, 2.0, 2.3154073315749675, 2.758824226207808, 2.5, 2.758824226207808, 4.362084109434134, 3.70060055186242, 3.218867985971328, 3.0, 3.218867985971328, 3.658937975077042, 3.5, 4.8074017006186525, 4.333333333333333, 4.0, 9.052055282969114], [5.974482776311641, 5.234686092907346, 4.407222607392451, 3.0731814857642963, 2.155141299080662, 4.585605497399202, 3.6552853665768854, 2.7738861628488736, 1.5, 2.53859103528797, 1.0, 3.865804501581068, 2.877112750272012, 2.3863035105460595, 1.269295517643985, 0.5, 2.333333333333334, 1.166666666666667, 0.0, 3.4615410965345887, 2.3863035105460595, 1.269295517643985, 0.5, 4.397758267319587, 3.416666666666667, 2.53859103528797, 1.5365907428821481, 1.0, 2.7738861628488736, 1.90029237516523, 1.5, 4.213898959923511, 3.3302068671146814, 3.0731814857642963, 2.3154073315749675, 2.0, 3.4197140881138655, 2.758824226207808, 2.5, 5.2704627669473, 4.48454134902457, 3.80058475033046, 3.218867985971328, 3.0, 4.3356687341868065, 3.689323936863109, 5.540256712864887, 4.901813723284247, 4.166666666666667, 8.633991202607262], [8.116240790085374, 6.257601347971917, 4.993773668347012, 6.1893660770357855, 4.929212198116083, 7.97053753125134, 6.99642222180864, 6.030785958276856, 3.8465421154634485, 5.910372755887504, 3.654861568516922, 7.322154730639601, 6.327274710976238, 5.830491656157756, 4.6739999280227265, 3.5242218891565167, 5.792819675383756, 4.626921456664724, 3.4615410965345887, 0.0, 5.798179596261323, 4.633630218859977, 3.47050336435305, 7.810028124951407, 6.81300188472479, 5.84645306741524, 4.693895593653561, 3.550566214137372, 5.936593325172024, 4.805703141384023, 3.697113371261658, 7.455267981425863, 6.480854576643826, 6.066734471481753, 4.965572426427413, 3.9026624397902645, 6.234371980115794, 5.169045981715018, 4.1584733927172906, 8.28182407975307, 7.349086028664336, 6.436576794029641, 5.41120718509947, 4.455898090949298, 7.044927988626802, 5.687116144326585, 8.226365628290507, 7.354831528937357, 5.992112889294397, 8.09689058426404], [6.0, 6.308710951175237, 5.900211860602973, 2.5, 2.7478282164538963, 2.8284271247461903, 2.23606797749979, 2.0, 3.0731814857642963, 1.5, 2.7738861628488736, 1.8027756377319946, 1.118033988749895, 1.0, 1.5365907428821481, 2.53859103528797, 0.5, 1.269295517643985, 2.3863035105460595, 5.798179596261323, 0.0, 1.166666666666667, 2.333333333333334, 2.0155644370746373, 1.0307764064044151, 0.5, 1.269295517643985, 2.3863035105460595, 1.0, 1.5365907428821481, 2.53859103528797, 1.9525624189766635, 1.346291201783626, 1.5, 1.90029237516523, 2.7738861628488736, 2.0, 2.3154073315749675, 3.0731814857642963, 3.2015621187164243, 2.692582403567252, 2.5, 2.758824226207808, 3.4197140881138655, 2.780035617736042, 3.218867985971328, 3.8078865529319543, 3.5355339059327378, 3.689323936863109, 9.16886271565387], [6.112373606964083, 5.9141627340811525, 5.292158769769142, 2.758824226207808, 2.411320246930026, 3.7453675090407055, 2.948634335492356, 2.3154073315749675, 2.3154073315749675, 1.90029237516523, 1.90029237516523, 2.8480012484391772, 1.9436506316151003, 1.5365907428821481, 1.0, 1.5365907428821481, 1.269295517643985, 0.5, 1.269295517643985, 4.633630218859977, 1.166666666666667, 0.0, 1.166666666666667, 3.1765197587576535, 2.181042054717067, 1.269295517643985, 0.5, 1.269295517643985, 1.5365907428821481, 1.0, 1.5365907428821481, 2.945099507845382, 2.0833333333333335, 1.90029237516523, 1.5, 1.90029237516523, 2.3154073315749675, 2.0, 2.3154073315749675, 4.034572812303401, 3.308238873546535, 2.758824226207808, 2.5, 2.758824226207808, 3.2274714686272494, 3.0, 4.400126260814695, 3.8765677832043357, 3.5, 8.59953024979016], [6.437735971942656, 5.733849496379581, 4.891176863609729, 3.4197140881138655, 2.607794658632345, 4.772607021092118, 3.8873012632302006, 3.0731814857642963, 2.0, 2.7738861628488736, 1.5, 3.9616214413349047, 3.004626062886658, 2.53859103528797, 1.5365907428821481, 1.0, 2.3863035105460595, 1.269295517643985, 0.5, 3.47050336435305, 2.333333333333334, 1.166666666666667, 0.0, 4.3405388810351395, 3.342695186688597, 2.3863035105460595, 1.269295517643985, 0.5, 2.53859103528797, 1.5365907428821481, 1.0, 4.031990134467649, 3.096817362677008, 2.7738861628488736, 1.90029237516523, 1.5, 3.0731814857642963, 2.3154073315749675, 2.0, 5.002777006601212, 4.166666666666667, 3.4197140881138655, 2.758824226207808, 2.5, 3.9782871123068873, 3.218867985971328, 5.190803834132479, 4.503085362035432, 3.689323936863109, 8.158309859145248], [6.562202374203344, 7.571352465337285, 7.433034373659253, 3.400367627183861, 4.257409405780535, 2.25, 2.462214450449026, 3.010398644698074, 4.882650691763418, 2.6575364531836625, 4.673358297603318, 1.346291201783626, 1.9525624189766635, 2.358495283014151, 3.4044497026359166, 4.510019709244936, 2.1360009363293826, 3.2542706982944396, 4.397758267319587, 7.810028124951407, 2.0155644370746373, 3.1765197587576535, 4.3405388810351395, 0.0, 1.0, 2.0155644370746373, 3.1765197587576535, 4.3405388810351395, 2.1360009363293826, 3.2542706982944396, 4.397758267319587, 1.118033988749895, 1.8027756377319946, 2.358495283014151, 3.4044497026359166, 4.510019709244936, 2.6575364531836625, 3.618048891015402, 4.673358297603318, 2.25, 2.462214450449026, 3.010398644698074, 3.884620673602222, 4.882650691763418, 2.855844595090032, 4.1940765107205396, 3.2882366094914763, 3.5794552658190883, 4.53765113002066, 10.194945305319909], [6.329494450586082, 7.001794691283613, 6.726812023536855, 2.9261749776799064, 3.531400164018723, 2.462214450449026, 2.25, 2.462214450449026, 4.021642837337885, 2.0155644370746373, 3.764785666025506, 1.346291201783626, 1.346291201783626, 1.6007810593582121, 2.501388503300606, 3.560001560548972, 1.25, 2.292802748699601, 3.416666666666667, 6.81300188472479, 1.0307764064044151, 2.181042054717067, 3.342695186688597, 1.0, 0.0, 1.0307764064044151, 2.181042054717067, 3.342695186688597, 1.25, 2.292802748699601, 3.416666666666667, 1.118033988749895, 1.118033988749895, 1.6007810593582121, 2.501388503300606, 3.560001560548972, 2.0155644370746373, 2.7851291611780673, 3.764785666025506, 2.462214450449026, 2.25, 2.462214450449026, 3.1236108023318856, 4.021642837337885, 2.5086170368209846, 3.5009919229333346, 3.2882366094914763, 3.2882366094914763, 3.9060138817526555, 9.544594310722053], [6.5, 6.7657169185041415, 6.309714732061981, 3.0, 3.1947642901673525, 3.2015621187164243, 2.692582403567252, 2.5, 3.4197140881138655, 2.0, 3.0731814857642963, 2.1213203435596424, 1.5811388300841898, 1.5, 1.90029237516523, 2.7738861628488736, 1.0, 1.5365907428821481, 2.53859103528797, 5.84645306741524, 0.5, 1.269295517643985, 2.3863035105460595, 2.0155644370746373, 1.0307764064044151, 0.0, 1.166666666666667, 2.333333333333334, 0.5, 1.269295517643985, 2.3863035105460595, 1.6770509831248424, 0.9013878188659973, 1.0, 1.5365907428821481, 2.53859103528797, 1.5, 1.90029237516523, 2.7738861628488736, 2.8284271247461903, 2.23606797749979, 2.0, 2.3154073315749675, 3.0731814857642963, 2.292889663988014, 2.758824226207808, 3.3541019662496847, 3.0413812651491097, 3.218867985971328, 8.751014750852303], [6.60387091871965, 6.39940719137711, 5.745167051047727, 3.218867985971328, 2.910399336146672, 4.034572812303401, 3.308238873546535, 2.758824226207808, 2.758824226207808, 2.3154073315749675, 2.3154073315749675, 3.05959329178097, 2.242270674512285, 1.90029237516523, 1.5, 1.90029237516523, 1.5365907428821481, 1.0, 1.5365907428821481, 4.693895593653561, 1.269295517643985, 0.5, 1.269295517643985, 3.1765197587576535, 2.181042054717067, 1.166666666666667, 0.0, 1.166666666666667, 1.269295517643985, 0.5, 1.269295517643985, 2.7701283564324437, 1.8276426832884427, 1.5365907428821481, 1.0, 1.5365907428821481, 1.90029237516523, 1.5, 1.90029237516523, 3.7453675090407055, 2.948634335492356, 2.3154073315749675, 2.0, 2.3154073315749675, 2.818743879132154, 2.5, 4.013864859597432, 3.4318767136623336, 3.0, 8.152553967204568], [6.906116451700221, 6.233147006367425, 5.378067600087517, 3.80058475033046, 3.075150718937154, 5.002777006601212, 4.166666666666667, 3.4197140881138655, 2.5, 3.0731814857642963, 2.0, 4.116363011742823, 3.205897343611891, 2.7738861628488736, 1.90029237516523, 1.5, 2.53859103528797, 1.5365907428821481, 1.0, 3.550566214137372, 2.3863035105460595, 1.269295517643985, 0.5, 4.3405388810351395, 3.342695186688597, 2.333333333333334, 1.166666666666667, 0.0, 2.3863035105460595, 1.269295517643985, 0.5, 3.9060138817526555, 2.9309175658448297, 2.53859103528797, 1.5365907428821481, 1.0, 2.7738861628488736, 1.90029237516523, 1.5, 4.772607021092118, 3.8873012632302006, 3.0731814857642963, 2.3154073315749675, 2.0, 3.65451957489478, 2.758824226207808, 4.8676939555034116, 4.126472801046649, 3.218867985971328, 7.6857163250378635], [7.0, 7.228417321737033, 6.73145600891813, 3.5, 3.655472313165128, 3.605551275463989, 3.1622776601683795, 3.0, 3.80058475033046, 2.5, 3.4197140881138655, 2.5, 2.0615528128088303, 2.0, 2.3154073315749675, 3.0731814857642963, 1.5, 1.90029237516523, 2.7738861628488736, 5.936593325172024, 1.0, 1.5365907428821481, 2.53859103528797, 2.1360009363293826, 1.25, 0.5, 1.269295517643985, 2.3863035105460595, 0.0, 1.166666666666667, 2.333333333333334, 1.5206906325745548, 0.5590169943749475, 0.5, 1.269295517643985, 2.3863035105460595, 1.0, 1.5365907428821481, 2.53859103528797, 2.5, 1.8027756377319946, 1.5, 1.90029237516523, 2.7738861628488736, 1.8127570125543906, 2.3154073315749675, 2.9154759474226504, 2.5495097567963922, 2.758824226207808, 8.342210428942773], [7.096556285347924, 6.886762951990135, 6.205396397043821, 3.689323936863109, 3.4097482690707968, 4.362084109434134, 3.70060055186242, 3.218867985971328, 3.218867985971328, 2.758824226207808, 2.758824226207808, 3.3333333333333335, 2.6034165586355518, 2.3154073315749675, 2.0, 2.3154073315749675, 1.90029237516523, 1.5, 1.90029237516523, 4.805703141384023, 1.5365907428821481, 1.0, 1.5365907428821481, 3.2542706982944396, 2.292802748699601, 1.269295517643985, 0.5, 1.269295517643985, 1.166666666666667, 0.0, 1.166666666666667, 2.678359779998033, 1.6853123680130573, 1.269295517643985, 0.5, 1.269295517643985, 1.5365907428821481, 1.0, 1.5365907428821481, 3.5039660069381067, 2.63523138347365, 1.90029237516523, 1.5, 1.90029237516523, 2.4441894426347224, 2.0, 3.655285366576885, 3.0046260628866577, 2.5, 7.712091276645388], [7.378647873726218, 6.732548786220713, 5.867163804693977, 4.2064764880413215, 3.551409706971022, 5.2704627669473, 4.48454134902457, 3.80058475033046, 3.0, 3.4197140881138655, 2.5, 4.323707257024283, 3.468108674447469, 3.0731814857642963, 2.3154073315749675, 2.0, 2.7738861628488736, 1.90029237516523, 1.5, 3.697113371261658, 2.53859103528797, 1.5365907428821481, 1.0, 4.397758267319587, 3.416666666666667, 2.3863035105460595, 1.269295517643985, 0.5, 2.333333333333334, 1.166666666666667, 0.0, 3.8414768572053704, 2.8443413609793358, 2.3863035105460595, 1.269295517643985, 0.5, 2.53859103528797, 1.5365907428821481, 1.0, 4.585605497399202, 3.6552853665768854, 2.7738861628488736, 1.90029237516523, 1.5, 3.374056653144872, 2.3154073315749675, 4.5765100725819945, 3.7785946829182118, 2.758824226207808, 7.216817241698759], [7.403546447480424, 8.116368439045742, 7.810249675906654, 4.038873605350878, 4.621696540082076, 3.2882366094914763, 3.2882366094914763, 3.5794552658190883, 5.025628761104868, 3.132491021535417, 4.7177266182393875, 2.25, 2.462214450449026, 2.704163456597992, 3.4890702359097205, 4.44487845103153, 2.3048861143232218, 3.1896098681674396, 4.213898959923511, 7.455267981425863, 1.9525624189766635, 2.945099507845382, 4.031990134467649, 1.118033988749895, 1.118033988749895, 1.6770509831248424, 2.7701283564324437, 3.9060138817526555, 1.5206906325745548, 2.678359779998033, 3.8414768572053704, 0.0, 1.0, 1.5206906325745548, 2.678359779998033, 3.8414768572053704, 1.6770509831248424, 2.7701283564324437, 3.9060138817526555, 1.346291201783626, 1.346291201783626, 1.9525624189766635, 2.945099507845382, 4.031990134467649, 1.7412621413936573, 3.1896098681674396, 2.25, 2.462214450449026, 3.4890702359097205, 9.126473936281197], [7.267220926874317, 7.6534428450767304, 7.211102550927978, 3.783186487605389, 4.087215577701954, 3.5794552658190883, 3.2882366094914763, 3.2882366094914763, 4.311644440092176, 2.7950849718747373, 3.9484525801607115, 2.462214450449026, 2.25, 2.3048861143232218, 2.8000496027352404, 3.618048891015402, 1.8200274723201295, 2.416666666666667, 3.3302068671146814, 6.480854576643826, 1.346291201783626, 2.0833333333333335, 3.096817362677008, 1.8027756377319946, 1.118033988749895, 0.9013878188659973, 1.8276426832884427, 2.9309175658448297, 0.5590169943749475, 1.6853123680130573, 2.8443413609793358, 1.0, 0.0, 0.5590169943749475, 1.6853123680130573, 2.8443413609793358, 0.9013878188659973, 1.8276426832884427, 2.9309175658448297, 1.9525624189766635, 1.346291201783626, 1.346291201783626, 2.0833333333333335, 3.096817362677008, 1.472856045638667, 2.416666666666667, 2.462214450449026, 2.25, 2.8000496027352404, 8.453099862619828], [7.5, 7.6957851147912635, 7.163274390947201, 4.0, 4.125340809545936, 4.031128874149275, 3.640054944640259, 3.5, 4.2064764880413215, 3.0, 3.80058475033046, 2.9154759474226504, 2.5495097567963922, 2.5, 2.758824226207808, 3.4197140881138655, 2.0, 2.3154073315749675, 3.0731814857642963, 6.066734471481753, 1.5, 1.90029237516523, 2.7738861628488736, 2.358495283014151, 1.6007810593582121, 1.0, 1.5365907428821481, 2.53859103528797, 0.5, 1.269295517643985, 2.3863035105460595, 1.5206906325745548, 0.5590169943749475, 0.0, 1.166666666666667, 2.333333333333334, 0.5, 1.269295517643985, 2.3863035105460595, 2.23606797749979, 1.4142135623730951, 1.0, 1.5365907428821481, 2.53859103528797, 1.3471573634535683, 1.90029237516523, 2.5, 2.0615528128088303, 2.3154073315749675, 7.943846078058695], [7.5901983578238, 7.375811515539065, 6.671352519875144, 4.166666666666667, 3.909263641789794, 4.719934086168766, 4.116363011742823, 3.689323936863109, 3.689323936863109, 3.218867985971328, 3.218867985971328, 3.655285366576885, 3.0046260628866577, 2.758824226207808, 2.5, 2.758824226207808, 2.3154073315749675, 2.0, 2.3154073315749675, 4.965572426427413, 1.90029237516523, 1.5, 1.90029237516523, 3.4044497026359166, 2.501388503300606, 1.5365907428821481, 1.0, 1.5365907428821481, 1.269295517643985, 0.5, 1.269295517643985, 2.678359779998033, 1.6853123680130573, 1.166666666666667, 0.0, 1.166666666666667, 1.269295517643985, 0.5, 1.269295517643985, 3.3208098075285464, 2.386303510546059, 1.5365907428821481, 1.0, 1.5365907428821481, 2.121981858270491, 1.5, 3.3333333333333335, 2.6034165586355518, 2.0, 7.279324661700209], [7.8545811119654525, 7.232033235176454, 6.357956520070824, 4.630814663149935, 4.0334191288975045, 5.570258322356135, 4.833333333333334, 4.2064764880413215, 3.5, 3.80058475033046, 3.0, 4.5765100725819945, 3.7785946829182118, 3.4197140881138655, 2.758824226207808, 2.5, 3.0731814857642963, 2.3154073315749675, 2.0, 3.9026624397902645, 2.7738861628488736, 1.90029237516523, 1.5, 4.510019709244936, 3.560001560548972, 2.53859103528797, 1.5365907428821481, 1.0, 2.3863035105460595, 1.269295517643985, 0.5, 3.8414768572053704, 2.8443413609793358, 2.333333333333334, 1.166666666666667, 0.0, 2.3863035105460595, 1.269295517643985, 0.5, 4.447221354708779, 3.4801021696368504, 2.53859103528797, 1.5365907428821481, 1.0, 3.148492222314234, 1.90029237516523, 4.323707257024283, 3.468108674447469, 2.3154073315749675, 6.752382303395405], [8.0, 8.167019045459464, 7.603453162872775, 4.5, 4.60156449020259, 4.47213595499958, 4.123105625617661, 4.0, 4.630814663149935, 3.5, 4.2064764880413215, 3.3541019662496847, 3.0413812651491097, 3.0, 3.218867985971328, 3.80058475033046, 2.5, 2.758824226207808, 3.4197140881138655, 6.234371980115794, 2.0, 2.3154073315749675, 3.0731814857642963, 2.6575364531836625, 2.0155644370746373, 1.5, 1.90029237516523, 2.7738861628488736, 1.0, 1.5365907428821481, 2.53859103528797, 1.6770509831248424, 0.9013878188659973, 0.5, 1.269295517643985, 2.3863035105460595, 0.0, 1.166666666666667, 2.333333333333334, 2.0615528128088303, 1.118033988749895, 0.5, 1.269295517643985, 2.3863035105460595, 0.9184649896698401, 1.5365907428821481, 2.1213203435596424, 1.5811388300841898, 1.90029237516523, 7.557572770606677], [8.08462189042327, 7.866237160714994, 7.1419146203552755, 4.648775226993784, 4.408888883109656, 5.101742621671322, 4.549114687985393, 4.166666666666667, 4.166666666666667, 3.689323936863109, 3.689323936863109, 4.013864859597432, 3.4318767136623336, 3.218867985971328, 3.0, 3.218867985971328, 2.758824226207808, 2.5, 2.758824226207808, 5.169045981715018, 2.3154073315749675, 2.0, 2.3154073315749675, 3.618048891015402, 2.7851291611780673, 1.90029237516523, 1.5, 1.90029237516523, 1.5365907428821481, 1.0, 1.5365907428821481, 2.7701283564324437, 1.8276426832884427, 1.269295517643985, 0.5, 1.269295517643985, 1.166666666666667, 0.0, 1.166666666666667, 3.205897343611891, 2.2236106773543893, 1.269295517643985, 0.5, 1.269295517643985, 1.879242395799737, 1.0, 3.05959329178097, 2.242270674512285, 1.5, 6.855711721007807], [8.333333333333334, 7.731584331206096, 6.850081102520693, 5.068968775248517, 4.519339424290303, 5.897268670984712, 5.2068331172711035, 4.630814663149935, 4.0, 4.2064764880413215, 3.5, 4.8676939555034116, 4.126472801046649, 3.80058475033046, 3.218867985971328, 3.0, 3.4197140881138655, 2.758824226207808, 2.5, 4.1584733927172906, 3.0731814857642963, 2.3154073315749675, 2.0, 4.673358297603318, 3.764785666025506, 2.7738861628488736, 1.90029237516523, 1.5, 2.53859103528797, 1.5365907428821481, 1.0, 3.9060138817526555, 2.9309175658448297, 2.3863035105460595, 1.269295517643985, 0.5, 2.333333333333334, 1.166666666666667, 0.0, 4.362084109434134, 3.3706247360261146, 2.3863035105460595, 1.269295517643985, 0.5, 2.990275614272918, 1.5365907428821481, 4.116363011742823, 3.205897343611891, 1.90029237516523, 6.2933999112033545], [8.73212459828649, 9.448586675038527, 9.100137361600648, 5.385164807134504, 5.927887497251947, 4.5, 4.6097722286464435, 4.924428900898052, 6.247221604663771, 4.47213595499958, 5.897268670984712, 3.5355339059327378, 3.8078865529319543, 4.031128874149275, 4.719934086168766, 5.570258322356135, 3.605551275463989, 4.362084109434134, 5.2704627669473, 8.28182407975307, 3.2015621187164243, 4.034572812303401, 5.002777006601212, 2.25, 2.462214450449026, 2.8284271247461903, 3.7453675090407055, 4.772607021092118, 2.5, 3.5039660069381067, 4.585605497399202, 1.346291201783626, 1.9525624189766635, 2.23606797749979, 3.3208098075285464, 4.447221354708779, 2.0615528128088303, 3.205897343611891, 4.362084109434134, 0.0, 1.0, 2.0, 3.166666666666667, 4.333333333333334, 1.4483441374011141, 3.205897343611891, 1.118033988749895, 1.8027756377319946, 3.3208098075285464, 8.67780964866917], [8.558621384311845, 8.998641058528449, 8.533024082938006, 5.0990195135927845, 5.430018641780048, 4.6097722286464435, 4.5, 4.6097722286464435, 5.600099205470481, 4.123105625617661, 5.2068331172711035, 3.5355339059327378, 3.5355339059327378, 3.640054944640259, 4.116363011742823, 4.833333333333334, 3.1622776601683795, 3.70060055186242, 4.48454134902457, 7.349086028664336, 2.692582403567252, 3.308238873546535, 4.166666666666667, 2.462214450449026, 2.25, 2.23606797749979, 2.948634335492356, 3.8873012632302006, 1.8027756377319946, 2.63523138347365, 3.6552853665768854, 1.346291201783626, 1.346291201783626, 1.4142135623730951, 2.386303510546059, 3.4801021696368504, 1.118033988749895, 2.2236106773543893, 3.3706247360261146, 1.0, 0.0, 1.0, 2.166666666666667, 3.333333333333334, 0.48478018365824715, 2.2236106773543893, 1.118033988749895, 1.118033988749895, 2.386303510546059, 7.9035910241066425], [8.5, 8.641486657095085, 8.050621094052309, 5.0, 5.082357201150046, 4.924428900898052, 4.6097722286464435, 4.5, 5.068968775248517, 4.0, 4.630814663149935, 3.8078865529319543, 3.5355339059327378, 3.5, 3.689323936863109, 4.2064764880413215, 3.0, 3.218867985971328, 3.80058475033046, 6.436576794029641, 2.5, 2.758824226207808, 3.4197140881138655, 3.010398644698074, 2.462214450449026, 2.0, 2.3154073315749675, 3.0731814857642963, 1.5, 1.90029237516523, 2.7738861628488736, 1.9525624189766635, 1.346291201783626, 1.0, 1.5365907428821481, 2.53859103528797, 0.5, 1.269295517643985, 2.3863035105460595, 2.0, 1.0, 0.0, 1.166666666666667, 2.333333333333334, 0.6101826878823013, 1.269295517643985, 1.8027756377319946, 1.118033988749895, 1.5365907428821481, 7.18534076117079], [8.579691784155834, 8.357797474482634, 7.616229017331638, 5.134307266916454, 4.908590443925447, 5.50252467307306, 4.994441354590566, 4.648775226993784, 4.648775226993784, 4.166666666666667, 4.166666666666667, 4.400126260814695, 3.8765677832043357, 3.689323936863109, 3.5, 3.689323936863109, 3.218867985971328, 3.0, 3.218867985971328, 5.41120718509947, 2.758824226207808, 2.5, 2.758824226207808, 3.884620673602222, 3.1236108023318856, 2.3154073315749675, 2.0, 2.3154073315749675, 1.90029237516523, 1.5, 1.90029237516523, 2.945099507845382, 2.0833333333333335, 1.5365907428821481, 1.0, 1.5365907428821481, 1.269295517643985, 0.5, 1.269295517643985, 3.166666666666667, 2.166666666666667, 1.166666666666667, 0.0, 1.166666666666667, 1.7493704460500028, 0.5, 2.8480012484391772, 1.9436506316151003, 1.0, 6.443058192558156], [8.814445214784902, 8.2311899398815, 7.343269783353401, 5.517648452415616, 5.008032327624585, 6.247221604663771, 5.600099205470481, 5.068968775248517, 4.5, 4.630814663149935, 4.0, 5.190803834132479, 4.503085362035432, 4.2064764880413215, 3.689323936863109, 3.5, 3.80058475033046, 3.218867985971328, 3.0, 4.455898090949298, 3.4197140881138655, 2.758824226207808, 2.5, 4.882650691763418, 4.021642837337885, 3.0731814857642963, 2.3154073315749675, 2.0, 2.7738861628488736, 1.90029237516523, 1.5, 4.031990134467649, 3.096817362677008, 2.53859103528797, 1.5365907428821481, 1.0, 2.3863035105460595, 1.269295517643985, 0.5, 4.333333333333334, 3.333333333333334, 2.333333333333334, 1.166666666666667, 0.0, 2.9104111779364317, 1.269295517643985, 3.9616214413349047, 3.004626062886658, 1.5365907428821481, 5.841155546076593], [8.73977450119718, 9.038878046864633, 8.507268043947125, 5.2521303448382515, 5.466557489612932, 4.93345679643247, 4.740918376052184, 4.755377811963295, 5.541821762433259, 4.259385297182549, 5.122551456249212, 3.8360319936115754, 3.721888303285732, 3.76445322526352, 4.105981262757885, 4.719033629596527, 3.271062986330127, 3.658937975077042, 4.3356687341868065, 7.044927988626802, 2.780035617736042, 3.2274714686272494, 3.9782871123068873, 2.855844595090032, 2.5086170368209846, 2.292889663988014, 2.818743879132154, 3.65451957489478, 1.8127570125543906, 2.4441894426347224, 3.374056653144872, 1.7412621413936573, 1.472856045638667, 1.3471573634535683, 2.121981858270491, 3.148492222314234, 0.9184649896698401, 1.879242395799737, 2.990275614272918, 1.4483441374011141, 0.48478018365824715, 0.6101826878823013, 1.7493704460500028, 2.9104111779364317, 0.0, 1.7575670493199502, 1.2140206893171348, 0.7817655148531415, 1.9020480825145527, 7.434910554461745], [9.07530226004132, 8.850303394817779, 8.093636045958853, 5.622375931144333, 5.408347169772344, 5.918426968188235, 5.449260908090605, 5.134307266916454, 5.134307266916454, 4.648775226993784, 4.648775226993784, 4.8074017006186525, 4.333333333333333, 4.166666666666667, 4.0, 4.166666666666667, 3.689323936863109, 3.5, 3.689323936863109, 5.687116144326585, 3.218867985971328, 3.0, 3.218867985971328, 4.1940765107205396, 3.5009919229333346, 2.758824226207808, 2.5, 2.758824226207808, 2.3154073315749675, 2.0, 2.3154073315749675, 3.1896098681674396, 2.416666666666667, 1.90029237516523, 1.5, 1.90029237516523, 1.5365907428821481, 1.0, 1.5365907428821481, 3.205897343611891, 2.2236106773543893, 1.269295517643985, 0.5, 1.269295517643985, 1.7575670493199502, 0.0, 2.713136766016618, 1.7400510848184252, 0.5, 6.043609397025731], [9.617692030835672, 10.115623986669553, 9.64689069078737, 6.18465843842649, 6.547854170661867, 5.522680508593631, 5.522680508593631, 5.70087712549569, 6.704061787039589, 5.220153254455275, 6.300352723811933, 4.5, 4.6097722286464435, 4.743416490252569, 5.230784942158405, 5.911382616989401, 4.272001872658765, 4.8074017006186525, 5.540256712864887, 8.226365628290507, 3.8078865529319543, 4.400126260814695, 5.190803834132479, 3.2882366094914763, 3.2882366094914763, 3.3541019662496847, 4.013864859597432, 4.8676939555034116, 2.9154759474226504, 3.655285366576885, 4.5765100725819945, 2.25, 2.462214450449026, 2.5, 3.3333333333333335, 4.323707257024283, 2.1213203435596424, 3.05959329178097, 4.116363011742823, 1.118033988749895, 1.118033988749895, 1.8027756377319946, 2.8480012484391772, 3.9616214413349047, 1.2140206893171348, 2.713136766016618, 0.0, 1.0, 2.666666666666667, 7.691553616122774], [9.513148795220223, 9.748107477054344, 9.168560410446124, 6.020797289396148, 6.182204017197822, 5.70087712549569, 5.522680508593631, 5.522680508593631, 6.1869037310901955, 5.024937810560445, 5.74697988318889, 4.6097722286464435, 4.5, 4.527692569068709, 4.7987266829626565, 5.317685377847939, 4.031128874149275, 4.333333333333333, 4.901813723284247, 7.354831528937357, 3.5355339059327378, 3.8765677832043357, 4.503085362035432, 3.5794552658190883,