totalHoles = 50;
zeroHoleID = 12;
C = [[0.0, 2.0, 3.5, 5.0, 6.5, 1.6770509831248424, 4.120513732785786, 8.947831736625645, 7.65868258565346, 2.5, 3.0, 3.605551275463989, 4.6097722286464435, 5.830951894845301, 7.158910531638177, 3.5794552658190883, 4.4163227067323785, 5.268197628221629, 6.364267927263905, 7.599599084820198, 5.269309727089498, 6.001301942078902, 6.983238861731711, 8.125, 6.146963172982249, 6.784921241252547, 7.667147856276152, 8.719814003176902, 7.0400639201643616, 7.603453162872775, 8.40014880820572, 9.370832406995657, 7.943403316589181, 8.446754184300618, 9.170477427593397, 10.067157307303786, 8.853848033482391, 9.308094595565732, 9.969484690795207, 10.800028935146424, 9.76941176581272, 10.182897733454855, 10.790801928031113, 11.5625, 11.975336186623094, 10.5, 10.688779163215974, 11.067971810589327, 11.629703349613008, 14.892932332062058], [2.0, 0.0, 1.5, 3.0, 4.5, 0.9013878188659973, 2.189001030840906, 6.978081872259891, 5.726423402773394, 3.2015621187164243, 3.605551275463989, 3.0, 3.3541019662496847, 4.242640687119285, 5.408326913195984, 3.2882366094914763, 3.9375, 4.2135384476707936, 4.950142043416532, 5.97945701966324, 4.875, 5.100551440775791, 5.724126570927655, 6.634427254857799, 5.8125, 6.0029289725932955, 6.541036328442153, 7.350860918967247, 6.75, 6.914658342969665, 7.386643351347079, 8.112490369793976, 7.6875, 7.832474465327033, 8.25213040674952, 8.907730140164777, 8.625, 8.754463147446565, 9.13184674641444, 9.728341328304635, 9.5625, 9.67943212435523, 10.022046011169575, 10.568415503281464, 10.939060136602995, 10.688779163215974, 10.5, 10.606601717798213, 10.920164833920778, 14.169349864878171], [3.5, 1.5, 0.0, 1.5, 3.0, 2.1360009363293826, 0.9494970148622246, 5.515077242225161, 4.31790510755624, 4.301162633521313, 4.6097722286464435, 3.3541019662496847, 3.0, 3.3541019662496847, 4.242640687119285, 3.816084380618437, 4.2135384476707936, 3.9375, 4.2135384476707936, 4.950142043416532, 5.100551440775791, 4.875, 5.100551440775791, 5.724126570927655, 6.0029289725932955, 5.8125, 6.0029289725932955, 6.541036328442153, 6.914658342969665, 6.75, 6.914658342969665, 7.386643351347079, 7.832474465327033, 7.6875, 7.832474465327033, 8.25213040674952, 8.754463147446565, 8.625, 8.754463147446565, 9.13184674641444, 9.67943212435523, 9.5625, 9.67943212435523, 10.022046011169575, 10.349096897285088, 11.067971810589327, 10.606601717798213, 10.5, 10.606601717798213, 13.793069172696146], [5.0, 3.0, 1.5, 0.0, 1.5, 3.5794552658190883, 1.2293753086189758, 4.07903510152311, 2.999447290400301, 5.5901699437494745, 5.830951894845301, 4.242640687119285, 3.3541019662496847, 3.0, 3.3541019662496847, 4.7762432936357, 4.950142043416532, 4.2135384476707936, 3.9375, 4.2135384476707936, 5.724126570927655, 5.100551440775791, 4.875, 5.100551440775791, 6.541036328442153, 6.0029289725932955, 5.8125, 6.0029289725932955, 7.386643351347079, 6.914658342969665, 6.75, 6.914658342969665, 8.25213040674952, 7.832474465327033, 7.6875, 7.832474465327033, 9.13184674641444, 8.754463147446565, 8.625, 8.754463147446565, 10.022046011169575, 9.67943212435523, 9.5625, 9.67943212435523, 9.952114172705967, 11.629703349613008, 10.920164833920778, 10.606601717798213, 10.5, 13.573026147924363], [6.5, 4.5, 3.0, 1.5, 0.0, 5.055937104039171, 2.5731658939236173, 2.7131121855178453, 1.9619030500815153, 6.96419413859206, 7.158910531638177, 5.408326913195984, 4.242640687119285, 3.3541019662496847, 3.0, 5.963430220938282, 5.97945701966324, 4.950142043416532, 4.2135384476707936, 3.9375, 6.634427254857799, 5.724126570927655, 5.100551440775791, 4.875, 7.350860918967247, 6.541036328442153, 6.0029289725932955, 5.8125, 8.112490369793976, 7.386643351347079, 6.914658342969665, 6.75, 8.907730140164777, 8.25213040674952, 7.832474465327033, 7.6875, 9.728341328304635, 9.13184674641444, 8.754463147446565, 8.625, 10.568415503281464, 10.022046011169575, 9.67943212435523, 9.5625, 9.771660371899657, 12.349089035228468, 11.423659658795863, 10.920164833920778, 10.606601717798213, 13.51685319967988], [1.6770509831248424, 0.9013878188659973, 2.1360009363293826, 3.5794552658190883, 5.055937104039171, 0.0, 2.5468627235826187, 7.368544891793861, 6.042250145754587, 2.3048861143232218, 2.704163456597992, 2.3048861143232218, 3.010398644698074, 4.16082924427331, 5.482928049865327, 2.5, 3.226477374785077, 3.762998305872592, 4.733936654624775, 5.929600007589045, 4.155192534648665, 4.584280205223062, 5.4097712520956005, 6.481946081232087, 5.087131436281158, 5.443244092450751, 6.1545841654818565, 7.115399233352968, 6.020797289396148, 6.324555320336759, 6.946221994724902, 7.810249675906654, 6.95549468046666, 7.220035058779147, 7.770386492961595, 8.551544085719257, 7.890857051043315, 8.125, 8.617750576571591, 9.328216603402817, 8.82667300006067, 9.036600923466743, 9.482096616782599, 10.132134831811113, 10.524689128394185, 9.86470982847443, 9.762812094883317, 9.95301461869719, 10.35917467755033, 13.622342143572542], [4.120513732785786, 2.189001030840906, 0.9494970148622246, 1.2293753086189758, 2.5731658939236173, 2.5468627235826187, 0.0, 4.832251142450087, 3.543731114157103, 4.398540390141399, 4.617451937165242, 3.0222432865302804, 2.2899287218573154, 2.4194198931555486, 3.3111043003213494, 3.5503568657817595, 3.765940425191061, 3.20813440402642, 3.301809416442397, 4.001470291120179, 4.581317778674506, 4.135008060138315, 4.2081006078299215, 4.776811676613208, 5.436216551270744, 5.065794060216, 5.125630549379211, 5.60195569394646, 6.31460534755901, 5.998671499893171, 6.049287464804455, 6.45784003363741, 7.207901462876121, 6.932796157881858, 6.976638276057544, 7.333709886759968, 8.111181097820626, 7.8677238048785325, 7.9063833032595925, 8.22318162308676, 9.021445926499448, 8.803198604652925, 8.837766954450254, 9.122277336793848, 9.438831885972457, 10.532161925118606, 9.936776484749185, 9.739062890035884, 9.770320621365698, 12.92875231848168], [8.947831736625645, 6.978081872259891, 5.515077242225161, 4.07903510152311, 2.7131121855178453, 7.368544891793861, 4.832251142450087, 0.0, 1.4177400312853254, 8.914579537618526, 8.991714822081454, 7.034263946614195, 5.585993165264713, 4.174418524073965, 2.8545087818886854, 7.579676072758205, 7.308781625566741, 5.927962484865249, 4.622033058483847, 3.4764407035738887, 7.68853177985288, 6.390302911564949, 5.20177101315535, 4.216737132552965, 8.158833587553639, 6.949029851795224, 5.87464605341368, 5.02333719997341, 8.705022836786764, 7.582867067325316, 6.612285787265597, 5.868967004867414, 9.313758219352957, 8.274572045750315, 7.395335889062802, 6.738949716670104, 9.973593848164786, 9.010828187236633, 8.210814514507437, 7.6249541220517365, 10.675058258751385, 9.781580608443806, 9.049959644729455, 8.52198450731867, 8.606838089312808, 12.710981161119106, 11.410476585459602, 10.579292333567004, 9.906759139638824, 12.417973365309104], [7.65868258565346, 5.726423402773394, 4.31790510755624, 2.999447290400301, 1.9619030500815153, 6.042250145754587, 3.543731114157103, 1.4177400312853254, 0.0, 7.507799062838544, 7.576897276061809, 5.616571763276253, 4.171121899688568, 2.783996665244233, 1.6133867986693258, 6.162013846466031, 5.903210571764744, 4.549755442287473, 3.3245532203070414, 2.430027498750449, 6.317256068670791, 5.075441238669539, 4.014035786738432, 3.3113234253461665, 6.83559550585908, 5.707691779498109, 4.788541007423841, 4.216930697771684, 7.436452117931221, 6.415075964656475, 5.612983089440288, 5.134000262209974, 8.101486702133545, 7.175407048723863, 6.468295435808846, 6.0573282373448265, 8.81618772301325, 7.9735528779483875, 7.343699682548876, 6.984433016179473, 9.569433507265332, 8.799229351483113, 8.23278912094992, 7.913987379321552, 8.07161984465888, 11.534481167026808, 10.35281419868701, 9.64536890754132, 9.13156727471217, 11.868698857285858], [2.5, 3.2015621187164243, 4.301162633521313, 5.5901699437494745, 6.96419413859206, 2.3048861143232218, 4.398540390141399, 8.914579537618526, 7.507799062838544, 0.0, 0.5, 2.0615528128088303, 3.5355339059327378, 5.024937810560445, 6.519202405202649, 1.6770509831248424, 2.463007561904754, 3.7837027169163275, 5.202538442914189, 6.657056875977552, 3.1049355870935553, 4.229731078922158, 5.535397456371133, 6.920305267833204, 3.8694516730410267, 4.818989131550309, 5.997720921316696, 7.29538595620547, 4.697073557013984, 5.50567888638631, 6.562202374203344, 7.766112283504533, 5.559690301626522, 6.257807623281495, 7.204870314585822, 8.316258548770595, 6.443261984429936, 7.054475529761231, 7.906682300434235, 8.931160338948125, 7.3402252179343925, 7.882189178775145, 8.653259862618249, 9.598380397233692, 10.042366517959202, 8.0, 8.246211251235321, 8.73212459828649, 9.433981132056603, 12.667914910503791], [3.0, 3.605551275463989, 4.6097722286464435, 5.830951894845301, 7.158910531638177, 2.704163456597992, 4.617451937165242, 8.991714822081454, 7.576897276061809, 0.5, 0.0, 2.0, 3.5, 5.0, 6.5, 1.5206906325745548, 2.2088246308840365, 3.623383260158936, 5.087131436281158, 6.567260178339214, 2.7414640249326636, 3.9705950435671475, 5.340002340823457, 6.7650295638674045, 3.4511094230696306, 4.490006263915452, 5.736737422089319, 7.082383514749819, 4.25, 5.129571132170798, 6.25, 7.504165509901817, 5.096337532974047, 5.850013354685611, 6.853660062331659, 8.013903933165158, 5.969976968129776, 6.625, 7.525996611745184, 8.595965623477097, 6.8604960644256625, 7.4375, 8.250236739027553, 9.236688056332746, 9.686961080788171, 7.5, 7.762087348130012, 8.276472678623424, 9.013878188659973, 12.235660796468707], [3.605551275463989, 3.0, 3.3541019662496847, 4.242640687119285, 5.408326913195984, 2.3048861143232218, 3.0222432865302804, 7.034263946614195, 5.616571763276253, 2.0615528128088303, 2.0, 0.0, 1.5, 3.0, 4.5, 0.5590169943749475, 0.9375, 1.7688714622606132, 3.1430727401700396, 4.5966190020492235, 1.875, 2.401171589037318, 3.5377429245212264, 4.875, 2.8125, 3.1875, 4.112196037398995, 5.30661438678184, 3.75, 4.038873605350878, 4.802343178074636, 5.8576872569299905, 4.6875, 4.921651780652508, 5.565308279870936, 6.4978962941862966, 5.625, 5.821565511097509, 6.375, 7.203514767111955, 6.5625, 6.731746151631091, 7.215705526835197, 7.957160690221104, 8.372071121907464, 7.762087348130012, 7.5, 7.648529270389178, 8.077747210701755, 11.34382815773339], [4.6097722286464435, 3.3541019662496847, 3.0, 3.3541019662496847, 4.242640687119285, 3.010398644698074, 2.2899287218573154, 5.585993165264713, 4.171121899688568, 3.5355339059327378, 3.5, 1.5, 0.0, 1.5, 3.0, 2.0155644370746373, 1.7688714622606132, 0.9375, 1.7688714622606132, 3.1430727401700396, 2.401171589037318, 1.875, 2.401171589037318, 3.5377429245212264, 3.1875, 2.8125, 3.1875, 4.112196037398995, 4.038873605350878, 3.75, 4.038873605350878, 4.802343178074636, 4.921651780652508, 4.6875, 4.921651780652508, 5.565308279870936, 5.821565511097509, 5.625, 5.821565511097509, 6.375, 6.731746151631091, 6.5625, 6.731746151631091, 7.215705526835197, 7.585007896334456, 8.276472678623424, 7.648529270389178, 7.5, 7.648529270389178, 10.870175660109759], [5.830951894845301, 4.242640687119285, 3.3541019662496847, 3.0, 3.3541019662496847, 4.16082924427331, 2.4194198931555486, 4.174418524073965, 2.783996665244233, 5.024937810560445, 5.0, 3.0, 1.5, 0.0, 1.5, 3.5089172119045497, 3.1430727401700396, 1.7688714622606132, 0.9375, 1.7688714622606132, 3.5377429245212264, 2.401171589037318, 1.875, 2.401171589037318, 4.112196037398995, 3.1875, 2.8125, 3.1875, 4.802343178074636, 4.038873605350878, 3.75, 4.038873605350878, 5.565308279870936, 4.921651780652508, 4.6875, 4.921651780652508, 6.375, 5.821565511097509, 5.625, 5.821565511097509, 7.215705526835197, 6.731746151631091, 6.5625, 6.731746151631091, 7.033712725483973, 9.013878188659973, 8.077747210701755, 7.648529270389178, 7.5, 10.589570363858034], [7.158910531638177, 5.408326913195984, 4.242640687119285, 3.3541019662496847, 3.0, 5.482928049865327, 3.3111043003213494, 2.8545087818886854, 1.6133867986693258, 6.519202405202649, 6.5, 4.5, 3.0, 1.5, 0.0, 5.006246098625197, 4.5966190020492235, 3.1430727401700396, 1.7688714622606132, 0.9375, 4.875, 3.5377429245212264, 2.401171589037318, 1.875, 5.30661438678184, 4.112196037398995, 3.1875, 2.8125, 5.8576872569299905, 4.802343178074636, 4.038873605350878, 3.75, 6.4978962941862966, 5.565308279870936, 4.921651780652508, 4.6875, 7.203514767111955, 6.375, 5.821565511097509, 5.625, 7.957160690221104, 7.215705526835197, 6.731746151631091, 6.5625, 6.775978499214287, 9.924716620639604, 8.74642784226795, 8.077747210701755, 7.648529270389178, 10.517475082003193], [3.5794552658190883, 3.2882366094914763, 3.816084380618437, 4.7762432936357, 5.963430220938282, 2.5, 3.5503568657817595, 7.579676072758205, 6.162013846466031, 1.6770509831248424, 1.5206906325745548, 0.5590169943749475, 2.0155644370746373, 3.5089172119045497, 5.006246098625197, 0.0, 0.8500919067959652, 2.114865539461079, 3.5668832683450686, 5.047044308305605, 1.7001838135919305, 2.576941016011038, 3.8588372601082828, 5.257435211203273, 2.6108248217756778, 3.250600905986461, 4.3377881748651586, 5.618398904492276, 3.5355339059327378, 4.031128874149275, 4.949747468305833, 6.103277807866851, 4.4655801694740624, 4.867381868109384, 5.65167287181415, 6.685163143110271, 5.398205720422296, 5.735034873477231, 6.41409580533375, 7.341023430013012, 6.332271018363001, 6.621756281380341, 7.217870617432817, 8.05280424758978, 8.48289630655251, 7.403546447480424, 7.267220926874317, 7.520804478245662, 8.050621094052309, 11.313480463983552], [4.4163227067323785, 3.9375, 4.2135384476707936, 4.950142043416532, 5.97945701966324, 3.226477374785077, 3.765940425191061, 7.308781625566741, 5.903210571764744, 2.463007561904754, 2.2088246308840365, 0.9375, 1.7688714622606132, 3.1430727401700396, 4.5966190020492235, 0.8500919067959652, 0.0, 1.5, 3.0, 4.5, 0.9375, 1.7688714622606132, 3.1430727401700396, 4.5966190020492235, 1.875, 2.401171589037318, 3.5377429245212264, 4.875, 2.8125, 3.1875, 4.112196037398995, 5.30661438678184, 3.75, 4.038873605350878, 4.802343178074636, 5.8576872569299905, 4.6875, 4.921651780652508, 5.565308279870936, 6.4978962941862966, 5.625, 5.821565511097509, 6.375, 7.203514767111955, 7.634913182687194, 6.8604960644256625, 6.5625, 6.731746151631091, 7.215705526835197, 10.480760065321086], [5.268197628221629, 4.2135384476707936, 3.9375, 4.2135384476707936, 4.950142043416532, 3.762998305872592, 3.20813440402642, 5.927962484865249, 4.549755442287473, 3.7837027169163275, 3.623383260158936, 1.7688714622606132, 0.9375, 1.7688714622606132, 3.1430727401700396, 2.114865539461079, 1.5, 0.0, 1.5, 3.0, 1.7688714622606132, 0.9375, 1.7688714622606132, 3.1430727401700396, 2.401171589037318, 1.875, 2.401171589037318, 3.5377429245212264, 3.1875, 2.8125, 3.1875, 4.112196037398995, 4.038873605350878, 3.75, 4.038873605350878, 4.802343178074636, 4.921651780652508, 4.6875, 4.921651780652508, 5.565308279870936, 5.821565511097509, 5.625, 5.821565511097509, 6.375, 6.7625933800835485, 7.4375, 6.731746151631091, 6.5625, 6.731746151631091, 9.966173446026662], [6.364267927263905, 4.950142043416532, 4.2135384476707936, 3.9375, 4.2135384476707936, 4.733936654624775, 3.301809416442397, 4.622033058483847, 3.3245532203070414, 5.202538442914189, 5.087131436281158, 3.1430727401700396, 1.7688714622606132, 0.9375, 1.7688714622606132, 3.5668832683450686, 3.0, 1.5, 0.0, 1.5, 3.1430727401700396, 1.7688714622606132, 0.9375, 1.7688714622606132, 3.5377429245212264, 2.401171589037318, 1.875, 2.401171589037318, 4.112196037398995, 3.1875, 2.8125, 3.1875, 4.802343178074636, 4.038873605350878, 3.75, 4.038873605350878, 5.565308279870936, 4.921651780652508, 4.6875, 4.921651780652508, 6.375, 5.821565511097509, 5.625, 5.821565511097509, 6.137869267223682, 8.250236739027553, 7.215705526835197, 6.731746151631091, 6.5625, 9.659342356793484], [7.599599084820198, 5.97945701966324, 4.950142043416532, 4.2135384476707936, 3.9375, 5.929600007589045, 4.001470291120179, 3.4764407035738887, 2.430027498750449, 6.657056875977552, 6.567260178339214, 4.5966190020492235, 3.1430727401700396, 1.7688714622606132, 0.9375, 5.047044308305605, 4.5, 3.0, 1.5, 0.0, 4.5966190020492235, 3.1430727401700396, 1.7688714622606132, 0.9375, 4.875, 3.5377429245212264, 2.401171589037318, 1.875, 5.30661438678184, 4.112196037398995, 3.1875, 2.8125, 5.8576872569299905, 4.802343178074636, 4.038873605350878, 3.75, 6.4978962941862966, 5.565308279870936, 4.921651780652508, 4.6875, 7.203514767111955, 6.375, 5.821565511097509, 5.625, 5.840737030436151, 9.236688056332746, 7.957160690221104, 7.215705526835197, 6.731746151631091, 9.580249285650265], [5.269309727089498, 4.875, 5.100551440775791, 5.724126570927655, 6.634427254857799, 4.155192534648665, 4.581317778674506, 7.68853177985288, 6.317256068670791, 3.1049355870935553, 2.7414640249326636, 1.875, 2.401171589037318, 3.5377429245212264, 4.875, 1.7001838135919305, 0.9375, 1.7688714622606132, 3.1430727401700396, 4.5966190020492235, 0.0, 1.5, 3.0, 4.5, 0.9375, 1.7688714622606132, 3.1430727401700396, 4.5966190020492235, 1.875, 2.401171589037318, 3.5377429245212264, 4.875, 2.8125, 3.1875, 4.112196037398995, 5.30661438678184, 3.75, 4.038873605350878, 4.802343178074636, 5.8576872569299905, 4.6875, 4.921651780652508, 5.565308279870936, 6.4978962941862966, 6.946224603629262, 5.969976968129776, 5.625, 5.821565511097509, 6.375, 9.631616599588751], [6.001301942078902, 5.100551440775791, 4.875, 5.100551440775791, 5.724126570927655, 4.584280205223062, 4.135008060138315, 6.390302911564949, 5.075441238669539, 4.229731078922158, 3.9705950435671475, 2.401171589037318, 1.875, 2.401171589037318, 3.5377429245212264, 2.576941016011038, 1.7688714622606132, 0.9375, 1.7688714622606132, 3.1430727401700396, 1.5, 0.0, 1.5, 3.0, 1.7688714622606132, 0.9375, 1.7688714622606132, 3.1430727401700396, 2.401171589037318, 1.875, 2.401171589037318, 3.5377429245212264, 3.1875, 2.8125, 3.1875, 4.112196037398995, 4.038873605350878, 3.75, 4.038873605350878, 4.802343178074636, 4.921651780652508, 4.6875, 4.921651780652508, 5.565308279870936, 5.974178283349405, 6.625, 5.821565511097509, 5.625, 5.821565511097509, 9.068975682563677], [6.983238861731711, 5.724126570927655, 5.100551440775791, 4.875, 5.100551440775791, 5.4097712520956005, 4.2081006078299215, 5.20177101315535, 4.014035786738432, 5.535397456371133, 5.340002340823457, 3.5377429245212264, 2.401171589037318, 1.875, 2.401171589037318, 3.8588372601082828, 3.1430727401700396, 1.7688714622606132, 0.9375, 1.7688714622606132, 3.0, 1.5, 0.0, 1.5, 3.1430727401700396, 1.7688714622606132, 0.9375, 1.7688714622606132, 3.5377429245212264, 2.401171589037318, 1.875, 2.401171589037318, 4.112196037398995, 3.1875, 2.8125, 3.1875, 4.802343178074636, 4.038873605350878, 3.75, 4.038873605350878, 5.565308279870936, 4.921651780652508, 4.6875, 4.921651780652508, 5.256574557487297, 7.525996611745184, 6.375, 5.821565511097509, 5.625, 8.730670165593763], [8.125, 6.634427254857799, 5.724126570927655, 5.100551440775791, 4.875, 6.481946081232087, 4.776811676613208, 4.216737132552965, 3.3113234253461665, 6.920305267833204, 6.7650295638674045, 4.875, 3.5377429245212264, 2.401171589037318, 1.875, 5.257435211203273, 4.5966190020492235, 3.1430727401700396, 1.7688714622606132, 0.9375, 4.5, 3.0, 1.5, 0.0, 4.5966190020492235, 3.1430727401700396, 1.7688714622606132, 0.9375, 4.875, 3.5377429245212264, 2.401171589037318, 1.875, 5.30661438678184, 4.112196037398995, 3.1875, 2.8125, 5.8576872569299905, 4.802343178074636, 4.038873605350878, 3.75, 6.4978962941862966, 5.565308279870936, 4.921651780652508, 4.6875, 4.906357711745232, 8.595965623477097, 7.203514767111955, 6.375, 5.821565511097509, 8.643082965576967], [6.146963172982249, 5.8125, 6.0029289725932955, 6.541036328442153, 7.350860918967247, 5.087131436281158, 5.436216551270744, 8.158833587553639, 6.83559550585908, 3.8694516730410267, 3.4511094230696306, 2.8125, 3.1875, 4.112196037398995, 5.30661438678184, 2.6108248217756778, 1.875, 2.401171589037318, 3.5377429245212264, 4.875, 0.9375, 1.7688714622606132, 3.1430727401700396, 4.5966190020492235, 0.0, 1.5, 3.0, 4.5, 0.9375, 1.7688714622606132, 3.1430727401700396, 4.5966190020492235, 1.875, 2.401171589037318, 3.5377429245212264, 4.875, 2.8125, 3.1875, 4.112196037398995, 5.30661438678184, 3.75, 4.038873605350878, 4.802343178074636, 5.8576872569299905, 6.321865680395172, 5.096337532974047, 4.6875, 4.921651780652508, 5.565308279870936, 8.80042939839403], [6.784921241252547, 6.0029289725932955, 5.8125, 6.0029289725932955, 6.541036328442153, 5.443244092450751, 5.065794060216, 6.949029851795224, 5.707691779498109, 4.818989131550309, 4.490006263915452, 3.1875, 2.8125, 3.1875, 4.112196037398995, 3.250600905986461, 2.401171589037318, 1.875, 2.401171589037318, 3.5377429245212264, 1.7688714622606132, 0.9375, 1.7688714622606132, 3.1430727401700396, 1.5, 0.0, 1.5, 3.0, 1.7688714622606132, 0.9375, 1.7688714622606132, 3.1430727401700396, 2.401171589037318, 1.875, 2.401171589037318, 3.5377429245212264, 3.1875, 2.8125, 3.1875, 4.112196037398995, 4.038873605350878, 3.75, 4.038873605350878, 4.802343178074636, 5.2351461868927265, 5.850013354685611, 4.921651780652508, 4.6875, 4.921651780652508, 8.180821426090146], [7.667147856276152, 6.541036328442153, 6.0029289725932955, 5.8125, 6.0029289725932955, 6.1545841654818565, 5.125630549379211, 5.87464605341368, 4.788541007423841, 5.997720921316696, 5.736737422089319, 4.112196037398995, 3.1875, 2.8125, 3.1875, 4.3377881748651586, 3.5377429245212264, 2.401171589037318, 1.875, 2.401171589037318, 3.1430727401700396, 1.7688714622606132, 0.9375, 1.7688714622606132, 3.0, 1.5, 0.0, 1.5, 3.1430727401700396, 1.7688714622606132, 0.9375, 1.7688714622606132, 3.5377429245212264, 2.401171589037318, 1.875, 2.401171589037318, 4.112196037398995, 3.1875, 2.8125, 3.1875, 4.802343178074636, 4.038873605350878, 3.75, 4.038873605350878, 4.398582216500742, 6.853660062331659, 5.565308279870936, 4.921651780652508, 4.6875, 7.804109226236736], [8.719814003176902, 7.350860918967247, 6.541036328442153, 6.0029289725932955, 5.8125, 7.115399233352968, 5.60195569394646, 5.02333719997341, 4.216930697771684, 7.29538595620547, 7.082383514749819, 5.30661438678184, 4.112196037398995, 3.1875, 2.8125, 5.618398904492276, 4.875, 3.5377429245212264, 2.401171589037318, 1.875, 4.5966190020492235, 3.1430727401700396, 1.7688714622606132, 0.9375, 4.5, 3.0, 1.5, 0.0, 4.5966190020492235, 3.1430727401700396, 1.7688714622606132, 0.9375, 4.875, 3.5377429245212264, 2.401171589037318, 1.875, 5.30661438678184, 4.112196037398995, 3.1875, 2.8125, 5.8576872569299905, 4.802343178074636, 4.038873605350878, 3.75, 3.9734488083396413, 8.013903933165158, 6.4978962941862966, 5.565308279870936, 4.921651780652508, 7.7059978214693965], [7.0400639201643616, 6.75, 6.914658342969665, 7.386643351347079, 8.112490369793976, 6.020797289396148, 6.31460534755901, 8.705022836786764, 7.436452117931221, 4.697073557013984, 4.25, 3.75, 4.038873605350878, 4.802343178074636, 5.8576872569299905, 3.5355339059327378, 2.8125, 3.1875, 4.112196037398995, 5.30661438678184, 1.875, 2.401171589037318, 3.5377429245212264, 4.875, 0.9375, 1.7688714622606132, 3.1430727401700396, 4.5966190020492235, 0.0, 1.5, 3.0, 4.5, 0.9375, 1.7688714622606132, 3.1430727401700396, 4.5966190020492235, 1.875, 2.401171589037318, 3.5377429245212264, 4.875, 2.8125, 3.1875, 4.112196037398995, 5.30661438678184, 5.782711095831446, 4.25, 3.75, 4.038873605350878, 4.802343178074636, 7.992802347785301], [7.603453162872775, 6.914658342969665, 6.75, 6.914658342969665, 7.386643351347079, 6.324555320336759, 5.998671499893171, 7.582867067325316, 6.415075964656475, 5.50567888638631, 5.129571132170798, 4.038873605350878, 3.75, 4.038873605350878, 4.802343178074636, 4.031128874149275, 3.1875, 2.8125, 3.1875, 4.112196037398995, 2.401171589037318, 1.875, 2.401171589037318, 3.5377429245212264, 1.7688714622606132, 0.9375, 1.7688714622606132, 3.1430727401700396, 1.5, 0.0, 1.5, 3.0, 1.7688714622606132, 0.9375, 1.7688714622606132, 3.1430727401700396, 2.401171589037318, 1.875, 2.401171589037318, 3.5377429245212264, 3.1875, 2.8125, 3.1875, 4.112196037398995, 4.5695204928998026, 5.129571132170798, 4.038873605350878, 3.75, 4.038873605350878, 7.30500999179467], [8.40014880820572, 7.386643351347079, 6.914658342969665, 6.75, 6.914658342969665, 6.946221994724902, 6.049287464804455, 6.612285787265597, 5.612983089440288, 6.562202374203344, 6.25, 4.802343178074636, 4.038873605350878, 3.75, 4.038873605350878, 4.949747468305833, 4.112196037398995, 3.1875, 2.8125, 3.1875, 3.5377429245212264, 2.401171589037318, 1.875, 2.401171589037318, 3.1430727401700396, 1.7688714622606132, 0.9375, 1.7688714622606132, 3.0, 1.5, 0.0, 1.5, 3.1430727401700396, 1.7688714622606132, 0.9375, 1.7688714622606132, 3.5377429245212264, 2.401171589037318, 1.875, 2.401171589037318, 4.112196037398995, 3.1875, 2.8125, 3.1875, 3.580682539992953, 6.25, 4.802343178074636, 4.038873605350878, 3.75, 6.880512523764322], [9.370832406995657, 8.112490369793976, 7.386643351347079, 6.914658342969665, 6.75, 7.810249675906654, 6.45784003363741, 5.868967004867414, 5.134000262209974, 7.766112283504533, 7.504165509901817, 5.8576872569299905, 4.802343178074636, 4.038873605350878, 3.75, 6.103277807866851, 5.30661438678184, 4.112196037398995, 3.1875, 2.8125, 4.875, 3.5377429245212264, 2.401171589037318, 1.875, 4.5966190020492235, 3.1430727401700396, 1.7688714622606132, 0.9375, 4.5, 3.0, 1.5, 0.0, 4.5966190020492235, 3.1430727401700396, 1.7688714622606132, 0.9375, 4.875, 3.5377429245212264, 2.401171589037318, 1.875, 5.30661438678184, 4.112196037398995, 3.1875, 2.8125, 3.043362838931553, 7.504165509901817, 5.8576872569299905, 4.802343178074636, 4.038873605350878, 6.769027566728874], [7.943403316589181, 7.6875, 7.832474465327033, 8.25213040674952, 8.907730140164777, 6.95549468046666, 7.207901462876121, 9.313758219352957, 8.101486702133545, 5.559690301626522, 5.096337532974047, 4.6875, 4.921651780652508, 5.565308279870936, 6.4978962941862966, 4.4655801694740624, 3.75, 4.038873605350878, 4.802343178074636, 5.8576872569299905, 2.8125, 3.1875, 4.112196037398995, 5.30661438678184, 1.875, 2.401171589037318, 3.5377429245212264, 4.875, 0.9375, 1.7688714622606132, 3.1430727401700396, 4.5966190020492235, 0.0, 1.5, 3.0, 4.5, 0.9375, 1.7688714622606132, 3.1430727401700396, 4.5966190020492235, 1.875, 2.401171589037318, 3.5377429245212264, 4.875, 5.354560864790494, 3.4511094230696306, 2.8125, 3.1875, 4.112196037398995, 7.21664975216385], [8.446754184300618, 7.832474465327033, 7.6875, 7.832474465327033, 8.25213040674952, 7.220035058779147, 6.932796157881858, 8.274572045750315, 7.175407048723863, 6.257807623281495, 5.850013354685611, 4.921651780652508, 4.6875, 4.921651780652508, 5.565308279870936, 4.867381868109384, 4.038873605350878, 3.75, 4.038873605350878, 4.802343178074636, 3.1875, 2.8125, 3.1875, 4.112196037398995, 2.401171589037318, 1.875, 2.401171589037318, 3.5377429245212264, 1.7688714622606132, 0.9375, 1.7688714622606132, 3.1430727401700396, 1.5, 0.0, 1.5, 3.0, 1.7688714622606132, 0.9375, 1.7688714622606132, 3.1430727401700396, 2.401171589037318, 1.875, 2.401171589037318, 3.5377429245212264, 4.0139870418232615, 4.490006263915452, 3.1875, 2.8125, 3.1875, 6.44657391603201], [9.170477427593397, 8.25213040674952, 7.832474465327033, 7.6875, 7.832474465327033, 7.770386492961595, 6.976638276057544, 7.395335889062802, 6.468295435808846, 7.204870314585822, 6.853660062331659, 5.565308279870936, 4.921651780652508, 4.6875, 4.921651780652508, 5.65167287181415, 4.802343178074636, 4.038873605350878, 3.75, 4.038873605350878, 4.112196037398995, 3.1875, 2.8125, 3.1875, 3.5377429245212264, 2.401171589037318, 1.875, 2.401171589037318, 3.1430727401700396, 1.7688714622606132, 0.9375, 1.7688714622606132, 3.0, 1.5, 0.0, 1.5, 3.1430727401700396, 1.7688714622606132, 0.9375, 1.7688714622606132, 3.5377429245212264, 2.401171589037318, 1.875, 2.401171589037318, 2.837756488690351, 5.736737422089319, 4.112196037398995, 3.1875, 2.8125, 5.961257993437461], [10.067157307303786, 8.907730140164777, 8.25213040674952, 7.832474465327033, 7.6875, 8.551544085719257, 7.333709886759968, 6.738949716670104, 6.0573282373448265, 8.316258548770595, 8.013903933165158, 6.4978962941862966, 5.565308279870936, 4.921651780652508, 4.6875, 6.685163143110271, 5.8576872569299905, 4.802343178074636, 4.038873605350878, 3.75, 5.30661438678184, 4.112196037398995, 3.1875, 2.8125, 4.875, 3.5377429245212264, 2.401171589037318, 1.875, 4.5966190020492235, 3.1430727401700396, 1.7688714622606132, 0.9375, 4.5, 3.0, 1.5, 0.0, 4.5966190020492235, 3.1430727401700396, 1.7688714622606132, 0.9375, 4.875, 3.5377429245212264, 2.401171589037318, 1.875, 2.119818814494136, 7.082383514749819, 5.30661438678184, 4.112196037398995, 3.1875, 5.832227573901738], [8.853848033482391, 8.625, 8.754463147446565, 9.13184674641444, 9.728341328304635, 7.890857051043315, 8.111181097820626, 9.973593848164786, 8.81618772301325, 6.443261984429936, 5.969976968129776, 5.625, 5.821565511097509, 6.375, 7.203514767111955, 5.398205720422296, 4.6875, 4.921651780652508, 5.565308279870936, 6.4978962941862966, 3.75, 4.038873605350878, 4.802343178074636, 5.8576872569299905, 2.8125, 3.1875, 4.112196037398995, 5.30661438678184, 1.875, 2.401171589037318, 3.5377429245212264, 4.875, 0.9375, 1.7688714622606132, 3.1430727401700396, 4.5966190020492235, 0.0, 1.5, 3.0, 4.5, 0.9375, 1.7688714622606132, 3.1430727401700396, 4.5966190020492235, 5.0656400377089295, 2.7414640249326636, 1.875, 2.401171589037318, 3.5377429245212264, 6.483285464951462], [9.308094595565732, 8.754463147446565, 8.625, 8.754463147446565, 9.13184674641444, 8.125, 7.8677238048785325, 9.010828187236633, 7.9735528779483875, 7.054475529761231, 6.625, 5.821565511097509, 5.625, 5.821565511097509, 6.375, 5.735034873477231, 4.921651780652508, 4.6875, 4.921651780652508, 5.565308279870936, 4.038873605350878, 3.75, 4.038873605350878, 4.802343178074636, 3.1875, 2.8125, 3.1875, 4.112196037398995, 2.401171589037318, 1.875, 2.401171589037318, 3.5377429245212264, 1.7688714622606132, 0.9375, 1.7688714622606132, 3.1430727401700396, 1.5, 0.0, 1.5, 3.0, 1.7688714622606132, 0.9375, 1.7688714622606132, 3.1430727401700396, 3.6195965118806908, 3.9705950435671475, 2.401171589037318, 1.875, 2.401171589037318, 5.613490182543177], [9.969484690795207, 9.13184674641444, 8.754463147446565, 8.625, 8.754463147446565, 8.617750576571591, 7.9063833032595925, 8.210814514507437, 7.343699682548876, 7.906682300434235, 7.525996611745184, 6.375, 5.821565511097509, 5.625, 5.821565511097509, 6.41409580533375, 5.565308279870936, 4.921651780652508, 4.6875, 4.921651780652508, 4.802343178074636, 4.038873605350878, 3.75, 4.038873605350878, 4.112196037398995, 3.1875, 2.8125, 3.1875, 3.5377429245212264, 2.401171589037318, 1.875, 2.401171589037318, 3.1430727401700396, 1.7688714622606132, 0.9375, 1.7688714622606132, 3.0, 1.5, 0.0, 1.5, 3.1430727401700396, 1.7688714622606132, 0.9375, 1.7688714622606132, 2.245495229564738, 5.340002340823457, 3.5377429245212264, 2.401171589037318, 1.875, 5.048718019355642], [10.800028935146424, 9.728341328304635, 9.13184674641444, 8.754463147446565, 8.625, 9.328216603402817, 8.22318162308676, 7.6249541220517365, 6.984433016179473, 8.931160338948125, 8.595965623477097, 7.203514767111955, 6.375, 5.821565511097509, 5.625, 7.341023430013012, 6.4978962941862966, 5.565308279870936, 4.921651780652508, 4.6875, 5.8576872569299905, 4.802343178074636, 4.038873605350878, 3.75, 5.30661438678184, 4.112196037398995, 3.1875, 2.8125, 4.875, 3.5377429245212264, 2.401171589037318, 1.875, 4.5966190020492235, 3.1430727401700396, 1.7688714622606132, 0.9375, 4.5, 3.0, 1.5, 0.0, 4.5966190020492235, 3.1430727401700396, 1.7688714622606132, 0.9375, 1.217792569848055, 6.7650295638674045, 4.875, 3.5377429245212264, 2.401171589037318, 4.89569558371679], [9.76941176581272, 9.5625, 9.67943212435523, 10.022046011169575, 10.568415503281464, 8.82667300006067, 9.021445926499448, 10.675058258751385, 9.569433507265332, 7.3402252179343925, 6.8604960644256625, 6.5625, 6.731746151631091, 7.215705526835197, 7.957160690221104, 6.332271018363001, 5.625, 5.821565511097509, 6.375, 7.203514767111955, 4.6875, 4.921651780652508, 5.565308279870936, 6.4978962941862966, 3.75, 4.038873605350878, 4.802343178074636, 5.8576872569299905, 2.8125, 3.1875, 4.112196037398995, 5.30661438678184, 1.875, 2.401171589037318, 3.5377429245212264, 4.875, 0.9375, 1.7688714622606132, 3.1430727401700396, 4.5966190020492235, 0.0, 1.5, 3.0, 4.5, 4.940436056517028, 2.2088246308840365, 0.9375, 1.7688714622606132, 3.1430727401700396, 5.808937914515461], [10.182897733454855, 9.67943212435523, 9.5625, 9.67943212435523, 10.022046011169575, 9.036600923466743, 8.803198604652925, 9.781580608443806, 8.799229351483113, 7.882189178775145, 7.4375, 6.731746151631091, 6.5625, 6.731746151631091, 7.215705526835197, 6.621756281380341, 5.821565511097509, 5.625, 5.821565511097509, 6.375, 4.921651780652508, 4.6875, 4.921651780652508, 5.565308279870936, 4.038873605350878, 3.75, 4.038873605350878, 4.802343178074636, 3.1875, 2.8125, 3.1875, 4.112196037398995, 2.401171589037318, 1.875, 2.401171589037318, 3.5377429245212264, 1.7688714622606132, 0.9375, 1.7688714622606132, 3.1430727401700396, 1.5, 0.0, 1.5, 3.0, 3.442190922321519, 3.623383260158936, 1.7688714622606132, 0.9375, 1.7688714622606132, 4.818925326683632], [10.790801928031113, 10.022046011169575, 9.67943212435523, 9.5625, 9.67943212435523, 9.482096616782599, 8.837766954450254, 9.049959644729455, 8.23278912094992, 8.653259862618249, 8.250236739027553, 7.215705526835197, 6.731746151631091, 6.5625, 6.731746151631091, 7.217870617432817, 6.375, 5.821565511097509, 5.625, 5.821565511097509, 5.565308279870936, 4.921651780652508, 4.6875, 4.921651780652508, 4.802343178074636, 4.038873605350878, 3.75, 4.038873605350878, 4.112196037398995, 3.1875, 2.8125, 3.1875, 3.5377429245212264, 2.401171589037318, 1.875, 2.401171589037318, 3.1430727401700396, 1.7688714622606132, 0.9375, 1.7688714622606132, 3.0, 1.5, 0.0, 1.5, 1.9466505240776528, 5.087131436281158, 3.1430727401700396, 1.7688714622606132, 0.9375, 4.147327201175558], [11.5625, 10.568415503281464, 10.022046011169575, 9.67943212435523, 9.5625, 10.132134831811113, 9.122277336793848, 8.52198450731867, 7.913987379321552, 9.598380397233692, 9.236688056332746, 7.957160690221104, 7.215705526835197, 6.731746151631091, 6.5625, 8.05280424758978, 7.203514767111955, 6.375, 5.821565511097509, 5.625, 6.4978962941862966, 5.565308279870936, 4.921651780652508, 4.6875, 5.8576872569299905, 4.802343178074636, 4.038873605350878, 3.75, 5.30661438678184, 4.112196037398995, 3.1875, 2.8125, 4.875, 3.5377429245212264, 2.401171589037318, 1.875, 4.5966190020492235, 3.1430727401700396, 1.7688714622606132, 0.9375, 4.5, 3.0, 1.5, 0.0, 0.4798105668604371, 6.567260178339214, 4.5966190020492235, 3.1430727401700396, 1.7688714622606132, 3.959621765152376], [11.975336186623094, 10.939060136602995, 10.349096897285088, 9.952114172705967, 9.771660371899657, 10.524689128394185, 9.438831885972457, 8.606838089312808, 8.07161984465888, 10.042366517959202, 9.686961080788171, 8.372071121907464, 7.585007896334456, 7.033712725483973, 6.775978499214287, 8.48289630655251, 7.634913182687194, 6.7625933800835485, 6.137869267223682, 5.840737030436151, 6.946224603629262, 5.974178283349405, 5.256574557487297, 4.906357711745232, 6.321865680395172, 5.2351461868927265, 4.398582216500742, 3.9734488083396413, 5.782711095831446, 4.5695204928998026, 3.580682539992953, 3.043362838931553, 5.354560864790494, 4.0139870418232615, 2.837756488690351, 2.119818814494136, 5.0656400377089295, 3.6195965118806908, 2.245495229564738, 1.217792569848055, 4.940436056517028, 3.442190922321519, 1.9466505240776528, 0.4798105668604371, 0.0, 6.975568828121127, 4.991284440444898, 3.5147816834913757, 2.072307940385696, 3.8137253358013803], [10.5, 10.688779163215974, 11.067971810589327, 11.629703349613008, 12.349089035228468, 9.86470982847443, 10.532161925118606, 12.710981161119106, 11.534481167026808, 8.0, 7.5, 7.762087348130012, 8.276472678623424, 9.013878188659973, 9.924716620639604, 7.403546447480424, 6.8604960644256625, 7.4375, 8.250236739027553, 9.236688056332746, 5.969976968129776, 6.625, 7.525996611745184, 8.595965623477097, 5.096337532974047, 5.850013354685611, 6.853660062331659, 8.013903933165158, 4.25, 5.129571132170798, 6.25, 7.504165509901817, 3.4511094230696306, 4.490006263915452, 5.736737422089319, 7.082383514749819, 2.7414640249326636, 3.9705950435671475, 5.340002340823457, 6.7650295638674045, 2.2088246308840365, 3.623383260158936, 5.087131436281158, 6.567260178339214, 6.975568828121127, 0.0, 2.0, 3.5, 5.0, 6.945595678082328], [10.688779163215974, 10.5, 10.606601717798213, 10.920164833920778, 11.423659658795863, 9.762812094883317, 9.936776484749185, 11.410476585459602, 10.35281419868701, 8.246211251235321, 7.762087348130012, 7.5, 7.648529270389178, 8.077747210701755, 8.74642784226795, 7.267220926874317, 6.5625, 6.731746151631091, 7.215705526835197, 7.957160690221104, 5.625, 5.821565511097509, 6.375, 7.203514767111955, 4.6875, 4.921651780652508, 5.565308279870936, 6.4978962941862966, 3.75, 4.038873605350878, 4.802343178074636, 5.8576872569299905, 2.8125, 3.1875, 4.112196037398995, 5.30661438678184, 1.875, 2.401171589037318, 3.5377429245212264, 4.875, 0.9375, 1.7688714622606132, 3.1430727401700396, 4.5966190020492235, 4.991284440444898, 2.0, 0.0, 1.5, 3.0, 5.21654497434265], [11.067971810589327, 10.606601717798213, 10.5, 10.606601717798213, 10.920164833920778, 9.95301461869719, 9.739062890035884, 10.579292333567004, 9.64536890754132, 8.73212459828649, 8.276472678623424, 7.648529270389178, 7.5, 7.648529270389178, 8.077747210701755, 7.520804478245662, 6.731746151631091, 6.5625, 6.731746151631091, 7.215705526835197, 5.821565511097509, 5.625, 5.821565511097509, 6.375, 4.921651780652508, 4.6875, 4.921651780652508, 5.565308279870936, 4.038873605350878, 3.75, 4.038873605350878, 4.802343178074636, 3.1875, 2.8125, 3.1875, 4.112196037398995, 2.401171589037318, 1.875, 2.401171589037318, 3.5377429245212264, 1.7688714622606132, 0.9375, 1.7688714622606132, 3.1430727401700396, 3.5147816834913757, 3.5, 1.5, 0.0, 1.5, 4.085415900345678], [11.629703349613008, 10.920164833920778, 10.606601717798213, 10.5, 10.606601717798213, 10.35917467755033, 9.770320621365698, 9.906759139638824, 9.13156727471217, 9.433981132056603, 9.013878188659973, 8.077747210701755, 7.648529270389178, 7.5, 7.648529270389178, 8.050621094052309, 7.215705526835197, 6.731746151631091, 6.5625, 6.731746151631091, 6.375, 5.821565511097509, 5.625, 5.821565511097509, 5.565308279870936, 4.921651780652508, 4.6875, 4.921651780652508, 4.802343178074636, 4.038873605350878, 3.75, 4.038873605350878, 4.112196037398995, 3.1875, 2.8125, 3.1875, 3.5377429245212264, 2.401171589037318, 1.875, 2.401171589037318, 3.1430727401700396, 1.7688714622606132, 0.9375, 1.7688714622606132, 2.072307940385696, 5.0, 3.0, 1.5, 0.0, 3.266328931423628], [14.892932332062058, 14.169349864878171, 13.793069172696146, 13.573026147924363, 13.51685319967988, 13.622342143572542, 12.92875231848168, 12.417973365309104, 11.868698857285858, 12.667914910503791, 12.235660796468707, 11.34382815773339, 10.870175660109759, 10.589570363858034, 10.517475082003193, 11.313480463983552, 10.480760065321086, 9.966173446026662, 9.659342356793484, 9.580249285650265, 9.631616599588751, 9.068975682563677, 8.730670165593763, 8.643082965576967, 8.80042939839403, 8.180821426090146, 7.804109226236736, 7.7059978214693965, 7.992802347785301, 7.30500999179467, 6.880512523764322, 6.769027566728874, 7.21664975216385, 6.44657391603201, 5.961257993437461, 5.832227573901738, 6.483285464951462, 5.613490182543177, 5.048718019355642, 4.89569558371679, 5.808937914515461, 4.818925326683632, 4.147327201175558, 3.959621765152376, 3.8137253358013803, 6.945595678082328, 5.21654497434265, 4.085415900345678, 3.266328931423628, 0.0]];