totalHoles = 50;
zeroHoleID = 28;
C = [[0.0, 1.666666666666667, 3.0, 3.833333333333333, 4.666666666666667, 5.5, 1.30670412521946, 1.3017082793177759, 2.692582403567252, 3.0516389039334255, 8.267358679255903, 4.6097722286464435, 5.1908038341324785, 5.833333333333334, 6.519202405202649, 4.0, 5.0, 6.146362971528593, 5.460440115045673, 6.526421992775044, 6.300352723811933, 7.433034373659253, 5.938486760109852, 6.931334848193224, 5.7554218337689695, 6.755431199741763, 7.822493608178916, 6.430214323799791, 7.356998982450507, 7.225653565210862, 8.231987913013478, 6.932712311931024, 7.8000178062474825, 7.708248873411161, 7.443799852897712, 8.257598563007152, 8.20103313274885, 7.9618229696470895, 8.727451104290289, 8.702275604371792, 8.485511549105334, 9.207696999129467, 9.21059549890475, 8.5, 9.013878188659973, 9.696792138525904, 9.724883068420127, 10.244239573752873, 10.992823066140714, 12.292611793730103], [1.666666666666667, 0.0, 1.333333333333333, 2.166666666666666, 3.0, 3.833333333333333, 0.5449646046451407, 1.3017082793177759, 1.3017082793177757, 1.9382838916021676, 6.716658862910184, 3.745367509040705, 4.1163630117428225, 4.6097722286464435, 5.1908038341324785, 4.333333333333333, 4.216370213557839, 5.0, 4.753333990766668, 5.460440115045673, 5.449260908090605, 6.300352723811933, 5.295602211059454, 5.938486760109852, 5.517888626093448, 5.969577095108534, 6.755431199741763, 5.841697872004147, 6.430214323799791, 6.496927692720956, 7.225653565210862, 6.390639856679281, 6.932712311931024, 7.0297297739276186, 6.941752950644223, 7.443799852897712, 7.566831863101257, 7.49455821098067, 7.9618229696470895, 8.107379397465277, 8.048706978625683, 8.485511549105334, 8.650726526971273, 8.661857640124188, 8.603939666093538, 9.013878188659973, 9.196377041772724, 9.74394398816231, 10.815969332480728, 12.021280850877515], [3.0, 1.333333333333333, 0.0, 0.833333333333333, 1.666666666666667, 2.5, 1.780054780021227, 2.3863035105460586, 1.118033988749895, 1.8200274723201295, 5.524937617756743, 3.5, 3.5978388574871505, 3.8765677832043357, 4.301162633521313, 5.0, 4.0, 4.333333333333333, 4.5625, 4.857384484244353, 5.068968775248516, 5.5901699437494745, 5.125, 5.389193147195392, 5.6837370113552, 5.624575601273793, 6.098475731689026, 5.6875, 5.926671412165329, 6.181429401396124, 6.615559311199621, 6.25, 6.468406123441676, 6.73922107475667, 6.8125, 7.013411012323303, 7.297735569643809, 7.375, 7.560978956311, 7.8568187388054485, 7.9375, 8.110590855651502, 8.416357255038811, 9.013878188659973, 8.5, 8.661857640124188, 8.976265966115557, 9.536479667279979, 10.858159121661195, 11.968020060274469], [3.833333333333333, 2.166666666666666, 0.833333333333333, 0.0, 0.8333333333333339, 1.666666666666667, 2.601712119001103, 3.162277660168379, 1.6666666666666663, 2.2000631304073472, 4.817949212090154, 3.5978388574871505, 3.5, 3.5978388574871505, 3.8765677832043357, 5.540256712864887, 4.0858835573770875, 4.0858835573770875, 4.637979160630677, 4.637979160630678, 5.0, 5.270462766947299, 5.192308681544699, 5.192308681544699, 5.9389838501614, 5.5625, 5.806822197017727, 5.748225873645228, 5.748225873645228, 6.125, 6.347708466665571, 6.305310812675648, 6.305310812675648, 6.6875, 6.863279150263702, 6.863279150263702, 7.25, 7.421931651830569, 7.421931651830569, 7.8125, 7.981124650977733, 7.981124650977733, 8.375, 9.324400487132909, 8.540751983545972, 8.540751983545972, 8.9375, 9.5, 10.967073077431095, 12.010016819757109], [4.666666666666667, 3.0, 1.666666666666667, 0.8333333333333339, 0.0, 0.833333333333333, 3.4290094443332904, 3.9616214413349047, 2.386303510546059, 2.7851291611780673, 4.1580310760437555, 3.8765677832043357, 3.5978388574871505, 3.5, 3.5978388574871505, 6.146362971528593, 4.333333333333333, 4.0, 4.857384484244353, 4.5625, 5.068968775248517, 5.068968775248516, 5.389193147195392, 5.125, 6.295004433643857, 5.624575601273793, 5.624575601273793, 5.926671412165329, 5.6875, 6.181429401396124, 6.181429401396124, 6.468406123441676, 6.25, 6.73922107475667, 7.013411012323303, 6.8125, 7.297735569643809, 7.560978956311, 7.375, 7.8568187388054485, 8.110590855651502, 7.9375, 8.416357255038811, 9.696792138525904, 8.661857640124188, 8.5, 8.976265966115557, 9.536479667279979, 11.137443743920889, 12.109351458581674], [5.5, 3.833333333333333, 2.5, 1.666666666666667, 0.833333333333333, 0.0, 4.258661113235645, 4.772607021092117, 3.1622776601683795, 3.473110997362451, 3.571372164490834, 4.301162633521313, 3.8765677832043357, 3.5978388574871505, 3.5, 6.800735254367722, 4.716990566028302, 4.0858835573770875, 5.202538442914189, 4.637979160630677, 5.270462766947299, 5.0, 5.702247363978522, 5.192308681544699, 6.735838578499531, 5.806822197017727, 5.5625, 6.212701203985268, 5.748225873645228, 6.347708466665571, 6.125, 6.73145600891813, 6.305310812675648, 6.8920558636576486, 7.2567317884844, 6.863279150263702, 7.439104635490603, 7.7872090635862605, 7.421931651830569, 7.988299820849101, 8.321893189052597, 7.981124650977733, 8.539227293952175, 10.124228365658293, 8.860022573334675, 8.540751983545972, 9.091572142802244, 9.645090864153524, 11.36650796424214, 12.264630869820277], [1.30670412521946, 0.5449646046451407, 1.780054780021227, 2.601712119001103, 3.4290094443332904, 4.258661113235645, 0.0, 0.7682433463500504, 1.399101985717761, 1.8659568041591856, 6.963283417505413, 3.592636128680878, 4.062923243599849, 4.636436681607289, 5.2796433412316945, 3.8518983142243837, 4.037107872244128, 4.988762443891871, 4.550934249530194, 5.41299485432948, 5.308574398129981, 6.288739990467831, 5.075093852822664, 5.860553588562165, 5.173002579322811, 5.806782647205982, 6.714611920217041, 5.606689324937652, 6.326490017048973, 6.315797636348393, 7.159370664418222, 6.143790788900715, 6.807031365230495, 6.833204764582677, 6.685071265827515, 7.299293704095155, 7.357233680271874, 7.229592166962403, 7.801058495489865, 7.886564524400867, 7.776672840747229, 8.310604744629963, 8.420197448335147, 8.23759498849125, 8.325808702067745, 8.826584916765798, 8.95736359875835, 9.497463488309528, 10.47806470921682, 11.711579782953137], [1.3017082793177759, 1.3017082793177759, 2.3863035105460586, 3.162277660168379, 3.9616214413349047, 4.772607021092117, 0.7682433463500504, 0.0, 1.6666666666666665, 1.8276426832884423, 7.181881553510167, 3.3082388735465345, 3.905124837953327, 4.576510072581994, 5.294126724756197, 3.1135902820449006, 3.7006005518624194, 4.8676939555034116, 4.169634359802361, 5.233149213852443, 5.0, 6.146362971528591, 4.659406554964317, 5.631169456200412, 4.588673999342136, 5.460440115045673, 6.5264219927750435, 5.164019819331103, 6.055336546753156, 5.938486760109852, 6.931334848193223, 5.679519737129579, 6.5005341660854645, 6.430214323799791, 6.2031927823052895, 6.962729399771647, 6.932712311931024, 6.733132216468383, 7.43875456272382, 7.443799852897712, 7.267967439005519, 7.926118261447052, 7.9618229696470895, 7.54615428178118, 7.806692285753579, 8.422852512328852, 8.485511549105334, 9.013878188659973, 9.8791186810901, 11.143706886694662], [2.692582403567252, 1.3017082793177757, 1.118033988749895, 1.6666666666666663, 2.386303510546059, 3.1622776601683795, 1.399101985717761, 1.6666666666666665, 0.0, 0.75, 5.578663565377415, 2.5495097567963922, 2.833333333333333, 3.308238873546535, 3.905124837953327, 3.905124837953327, 3.0413812651491097, 3.70060055186242, 3.59741660778954, 4.1696343598023615, 4.216370213557839, 5.0, 4.155192534648665, 4.659406554964317, 4.59955663682525, 4.753333990766668, 5.460440115045673, 4.714091243283269, 5.164019819331104, 5.295602211059454, 5.938486760109852, 5.273755777432247, 5.679519737129579, 5.841697872004147, 5.833965739529158, 6.2031927823052895, 6.390639856679281, 6.394577781214331, 6.733132216468383, 6.941752950644223, 6.95549468046666, 7.267967439005519, 7.49455821098067, 7.905694150420948, 7.516648189186454, 7.806692285753579, 8.048706978625683, 8.603939666093538, 9.824347170704497, 10.971001300640971], [3.0516389039334255, 1.9382838916021676, 1.8200274723201295, 2.2000631304073472, 2.7851291611780673, 3.473110997362451, 1.8659568041591856, 1.8276426832884423, 0.75, 0.0, 5.393594841654619, 1.8200274723201295, 2.2000631304073472, 2.7851291611780673, 3.473110997362451, 3.3634060117684275, 2.3048861143232218, 3.1236108023318856, 2.85659872050661, 3.5502958601283425, 3.5128731513929985, 4.422951503238533, 3.4118360159890453, 4.010619583611047, 3.865450895743205, 4.038927336283456, 4.851304592581258, 3.969119077326857, 4.494257524268547, 4.573664042950441, 5.304773793480736, 4.527692569068709, 4.994441354590566, 5.114360568807969, 5.087131436281158, 5.506664207525682, 5.659308948783215, 5.647178499038259, 6.027857782367169, 6.207389469638406, 6.2076691479169535, 6.555882907316485, 6.75784009708559, 7.198090024443984, 6.768493185340442, 7.089213245801289, 7.310125445420057, 7.86385896222572, 9.07544011403418, 10.221327873705484], [8.267358679255903, 6.716658862910184, 5.524937617756743, 4.817949212090154, 4.1580310760437555, 3.571372164490834, 6.963283417505413, 7.181881553510167, 5.578663565377415, 5.393594841654619, 0.0, 4.865562694552567, 4.044922652511197, 3.2307873783125487, 2.4297044659419025, 7.906910665961046, 4.969401616706404, 3.3851498013184376, 5.142131589459241, 3.6339790908254637, 4.574402206333191, 3.235308342697149, 5.368509536035587, 3.9478071619250943, 6.768707864809384, 4.878188229301569, 3.6522301306894915, 5.642081574533945, 4.312466955576294, 5.22504523958279, 4.104042188222069, 5.956348449250249, 4.716182099763312, 5.606985608228113, 6.305228124665772, 5.1497755731020245, 6.017332462650505, 6.683302257063245, 5.606319274578348, 6.450667005919465, 7.0858993017440675, 6.080645990657497, 6.902661238714268, 9.70620961658112, 7.509075926480399, 6.568904628542684, 7.369882769192384, 7.849613008730381, 9.956053800276491, 10.500136983981642], [4.6097722286464435, 3.745367509040705, 3.5, 3.5978388574871505, 3.8765677832043357, 4.301162633521313, 3.592636128680878, 3.3082388735465345, 2.5495097567963922, 1.8200274723201295, 4.865562694552567, 0.0, 0.833333333333333, 1.666666666666667, 2.5, 3.0413812651491097, 0.5, 1.7400510848184252, 1.0625, 1.976533335863015, 1.7159383568311666, 2.9154759474226504, 1.625, 2.3277462872439036, 2.4352036500252723, 2.2244888613891605, 3.2409730406160433, 2.1875, 2.7500789130091845, 2.75410047827679, 3.625, 2.75, 3.2156302302624566, 3.294632103049511, 3.3125, 3.708157767379616, 3.84147685720537, 3.875, 4.218222703672458, 4.392277392702383, 4.4375, 4.740167088592741, 4.945712228228048, 5.830951894845301, 5.0, 5.270462766947299, 5.500986338325559, 6.057593948462083, 7.380498664146856, 8.468627357746463], [5.1908038341324785, 4.1163630117428225, 3.5978388574871505, 3.5, 3.5978388574871505, 3.8765677832043357, 4.062923243599849, 3.905124837953327, 2.833333333333333, 2.2000631304073472, 4.044922652511197, 0.833333333333333, 0.0, 0.8333333333333339, 1.666666666666667, 3.865804501581067, 0.9718253158075498, 0.9718253158075506, 1.3503150352582334, 1.3503150352582338, 1.5, 2.242270674512285, 1.8262172500675937, 1.8262172500675942, 2.9827637478227134, 2.0625, 2.6517322692492504, 2.340854693150441, 2.3408546931504413, 2.625, 3.109405534467606, 2.873489941594445, 2.873489941594445, 3.1875, 3.4157137898899617, 3.4157137898899617, 3.75, 3.9635929968204913, 3.9635929968204913, 4.3125, 4.515069290104465, 4.515069290104466, 4.875, 6.300352723811933, 5.068968775248516, 5.068968775248517, 5.4375, 6.0, 7.5398165034616875, 8.527874833279885], [5.833333333333334, 4.6097722286464435, 3.8765677832043357, 3.5978388574871505, 3.5, 3.5978388574871505, 4.636436681607289, 4.576510072581994, 3.308238873546535, 2.7851291611780673, 3.2307873783125487, 1.666666666666667, 0.8333333333333339, 0.0, 0.833333333333333, 4.693375946776242, 1.7400510848184252, 0.5, 1.976533335863015, 1.0625, 1.715938356831167, 1.7159383568311666, 2.3277462872439036, 1.625, 3.6403888834083764, 2.224488861389161, 2.2244888613891605, 2.7500789130091845, 2.1875, 2.7541004782767904, 2.75410047827679, 3.2156302302624566, 2.75, 3.294632103049511, 3.708157767379616, 3.3125, 3.84147685720537, 4.218222703672458, 3.875, 4.3922773927023835, 4.740167088592741, 4.4375, 4.945712228228048, 6.839428176227731, 5.270462766947299, 5.0, 5.50098633832556, 6.057593948462083, 7.785550344655271, 8.667210503310386], [6.519202405202649, 5.1908038341324785, 4.301162633521313, 3.8765677832043357, 3.5978388574871505, 3.5, 5.2796433412316945, 5.294126724756197, 3.905124837953327, 3.473110997362451, 2.4297044659419025, 2.5, 1.666666666666667, 0.833333333333333, 0.0, 5.522680508593631, 2.5495097567963922, 0.9718253158075498, 2.7164142265125912, 1.3503150352582334, 2.242270674512285, 1.5, 2.981715110469141, 1.8262172500675937, 4.358540094854016, 2.6517322692492504, 2.0625, 3.321920566479578, 2.340854693150441, 3.109405534467606, 2.625, 3.7165171868296265, 2.873489941594445, 3.596933976010371, 4.150018825258507, 3.4157137898899617, 4.103690750748377, 4.611466686424179, 3.9635929968204913, 4.62335744105707, 5.093270682969834, 4.515069290104465, 5.152028996208948, 7.433034373659253, 5.5901699437494745, 5.068968775248516, 5.68719474150286, 6.227180564089801, 8.109848600395651, 8.882866403036141], [4.0, 4.333333333333333, 5.0, 5.540256712864887, 6.146362971528593, 6.800735254367722, 3.8518983142243837, 3.1135902820449006, 3.905124837953327, 3.3634060117684275, 7.906910665961046, 3.0413812651491097, 3.865804501581067, 4.693375946776242, 5.522680508593631, 0.0, 3.0, 4.666666666666667, 3.052278861768695, 4.700445088263215, 3.9616214413349042, 5.5901699437494745, 3.204001404494074, 4.800354442932083, 2.2321343602401114, 4.139547160553247, 5.717639919582204, 3.442042453253591, 4.962402042134211, 4.382929322319086, 5.896238207535378, 3.75, 5.180760347456518, 4.681570323560722, 4.112196037398995, 5.448663508400733, 5.025628761104867, 4.5155979670471105, 5.759201574678367, 5.406440667800252, 4.950142043416532, 6.1058729128420115, 5.816792023482053, 4.5, 5.408326913195984, 6.482883446258909, 6.250867995282291, 6.704061787039588, 7.095997271154267, 8.448425840435645], [5.0, 4.216370213557839, 4.0, 4.0858835573770875, 4.333333333333333, 4.716990566028302, 4.037107872244128, 3.7006005518624194, 3.0413812651491097, 2.3048861143232218, 4.969401616706404, 0.5, 0.9718253158075498, 1.7400510848184252, 2.5495097567963922, 3.0, 0.0, 1.666666666666667, 0.5625, 1.7590292856509748, 1.3017082793177757, 2.692582403567252, 1.125, 2.0108214186689426, 2.0401984540208105, 1.770833333333333, 2.948119103767689, 1.6875, 2.3717997444509895, 2.282557654133723, 3.281101187101672, 2.25, 2.8000496027352404, 2.813734297058705, 2.8125, 3.2692405888490033, 3.355137023199566, 3.375, 3.764093885356445, 3.902512100486614, 3.9375, 4.275708599492928, 4.453657984673323, 5.408326913195984, 4.5, 4.7987266829626565, 5.007329696998635, 5.562773089426212, 6.885538310115463, 7.968757659329364], [6.146362971528593, 5.0, 4.333333333333333, 4.0858835573770875, 4.0, 4.0858835573770875, 4.988762443891871, 4.8676939555034116, 3.70060055186242, 3.1236108023318856, 3.3851498013184376, 1.7400510848184252, 0.9718253158075506, 0.5, 0.9718253158075498, 4.666666666666667, 1.666666666666667, 0.0, 1.7590292856509748, 0.5625, 1.301708279317776, 1.3017082793177757, 2.0108214186689426, 1.125, 3.388897185978911, 1.7708333333333337, 1.770833333333333, 2.3717997444509895, 1.6875, 2.2825576541337234, 2.282557654133723, 2.8000496027352404, 2.25, 2.813734297058705, 3.2692405888490033, 2.8125, 3.355137023199566, 3.764093885356445, 3.375, 3.902512100486614, 4.275708599492928, 3.9375, 4.453657984673323, 6.482883446258909, 4.7987266829626565, 4.5, 5.007329696998635, 5.562773089426212, 7.318037404779782, 8.179485755073019], [5.460440115045673, 4.753333990766668, 4.5625, 4.637979160630677, 4.857384484244353, 5.202538442914189, 4.550934249530194, 4.169634359802361, 3.59741660778954, 2.85659872050661, 5.142131589459241, 1.0625, 1.3503150352582334, 1.976533335863015, 2.7164142265125912, 3.052278861768695, 0.5625, 1.7590292856509748, 0.0, 1.666666666666667, 0.9411964165063762, 2.537992563030869, 0.5625, 1.7590292856509748, 1.6647170963313742, 1.3017082793177757, 2.692582403567252, 1.125, 2.0108214186689426, 1.770833333333333, 2.948119103767689, 1.6875, 2.3717997444509895, 2.282557654133723, 2.25, 2.8000496027352404, 2.813734297058705, 2.8125, 3.2692405888490033, 3.355137023199566, 3.375, 3.764093885356445, 3.902512100486614, 4.950142043416532, 3.9375, 4.275708599492928, 4.453657984673323, 5.007329696998635, 6.329654889465631, 7.406425275088009], [6.526421992775044, 5.460440115045673, 4.857384484244353, 4.637979160630678, 4.5625, 4.637979160630677, 5.41299485432948, 5.233149213852443, 4.1696343598023615, 3.5502958601283425, 3.6339790908254637, 1.976533335863015, 1.3503150352582338, 1.0625, 1.3503150352582334, 4.700445088263215, 1.7590292856509748, 0.5625, 1.666666666666667, 0.0, 0.941196416506377, 0.9411964165063762, 1.7590292856509748, 0.5625, 3.1770265054237172, 1.301708279317776, 1.3017082793177757, 2.0108214186689426, 1.125, 1.7708333333333337, 1.770833333333333, 2.3717997444509895, 1.6875, 2.2825576541337234, 2.8000496027352404, 2.25, 2.813734297058705, 3.2692405888490033, 2.8125, 3.355137023199566, 3.764093885356445, 3.375, 3.902512100486614, 6.1058729128420115, 4.275708599492928, 3.9375, 4.453657984673323, 5.007329696998635, 6.797614629958398, 7.632694408908596], [6.300352723811933, 5.449260908090605, 5.068968775248516, 5.0, 5.068968775248517, 5.270462766947299, 5.308574398129981, 5.0, 4.216370213557839, 3.5128731513929985, 4.574402206333191, 1.7159383568311666, 1.5, 1.715938356831167, 2.242270674512285, 3.9616214413349042, 1.3017082793177757, 1.301708279317776, 0.9411964165063762, 0.941196416506377, 0.0, 1.666666666666667, 0.8426561840065282, 0.8426561840065291, 2.256869140956756, 0.5625, 1.7590292856509748, 1.080324346872014, 1.080324346872015, 1.125, 2.0108214186689426, 1.5023130314433286, 1.5023130314433293, 1.6875, 1.9948936549210947, 1.9948936549210952, 2.25, 2.5169563850898258, 2.516956385089826, 2.8125, 3.05341623340881, 3.05341623340881, 3.375, 5.1908038341324785, 3.5978388574871505, 3.5978388574871505, 3.9375, 4.5, 6.096348478528419, 7.040951434169536], [7.433034373659253, 6.300352723811933, 5.5901699437494745, 5.270462766947299, 5.068968775248516, 5.0, 6.288739990467831, 6.146362971528591, 5.0, 4.422951503238533, 3.235308342697149, 2.9154759474226504, 2.242270674512285, 1.7159383568311666, 1.5, 5.5901699437494745, 2.692582403567252, 1.3017082793177757, 2.537992563030869, 0.9411964165063762, 1.666666666666667, 0.0, 2.5031230493125984, 0.8426561840065282, 3.897877692094448, 1.7590292856509748, 0.5625, 2.5928085640864427, 1.080324346872014, 2.0108214186689426, 1.125, 2.7950849718747373, 1.5023130314433286, 2.3717997444509895, 3.087904831758906, 1.9948936549210947, 2.8000496027352404, 3.4482785560334306, 2.5169563850898258, 3.2692405888490033, 3.857318531052368, 3.05341623340881, 3.764093885356445, 6.519202405202649, 4.301162633521313, 3.5978388574871505, 4.275708599492928, 4.7987266829626565, 6.788687368491926, 7.466971505264625], [5.938486760109852, 5.295602211059454, 5.125, 5.192308681544699, 5.389193147195392, 5.702247363978522, 5.075093852822664, 4.659406554964317, 4.155192534648665, 3.4118360159890453, 5.368509536035587, 1.625, 1.8262172500675937, 2.3277462872439036, 2.981715110469141, 3.204001404494074, 1.125, 2.0108214186689426, 0.5625, 1.7590292856509748, 0.8426561840065282, 2.5031230493125984, 0.0, 1.666666666666667, 1.418791313000971, 0.9411964165063762, 2.537992563030869, 0.5625, 1.7590292856509748, 1.3017082793177757, 2.692582403567252, 1.125, 2.0108214186689426, 1.770833333333333, 1.6875, 2.3717997444509895, 2.282557654133723, 2.25, 2.8000496027352404, 2.813734297058705, 2.8125, 3.2692405888490033, 3.355137023199566, 4.5155979670471105, 3.375, 3.764093885356445, 3.902512100486614, 4.453657984673323, 5.775052962476156, 6.844120438581177], [6.931334848193224, 5.938486760109852, 5.389193147195392, 5.192308681544699, 5.125, 5.192308681544699, 5.860553588562165, 5.631169456200412, 4.659406554964317, 4.010619583611047, 3.9478071619250943, 2.3277462872439036, 1.8262172500675942, 1.625, 1.8262172500675937, 4.800354442932083, 2.0108214186689426, 1.125, 1.7590292856509748, 0.5625, 0.8426561840065291, 0.8426561840065282, 1.666666666666667, 0.0, 3.055353203018252, 0.941196416506377, 0.9411964165063762, 1.7590292856509748, 0.5625, 1.301708279317776, 1.3017082793177757, 2.0108214186689426, 1.125, 1.7708333333333337, 2.3717997444509895, 1.6875, 2.2825576541337234, 2.8000496027352404, 2.25, 2.813734297058705, 3.2692405888490033, 2.8125, 3.355137023199566, 5.759201574678367, 3.764093885356445, 3.375, 3.902512100486614, 4.453657984673323, 6.284446702542151, 7.088361810893025], [5.7554218337689695, 5.517888626093448, 5.6837370113552, 5.9389838501614, 6.295004433643857, 6.735838578499531, 5.173002579322811, 4.588673999342136, 4.59955663682525, 3.865450895743205, 6.768707864809384, 2.4352036500252723, 2.9827637478227134, 3.6403888834083764, 4.358540094854016, 2.2321343602401114, 2.0401984540208105, 3.388897185978911, 1.6647170963313742, 3.1770265054237172, 2.256869140956756, 3.897877692094448, 1.418791313000971, 3.055353203018252, 0.0, 2.197118931335294, 3.8635894944412246, 1.3738511814880374, 3.0347457017389368, 2.2790386959112827, 3.9107556252706015, 1.5475069783057955, 3.117209048692758, 2.488677491458075, 1.8801332737160392, 3.2950137377985342, 2.79746786139164, 2.303874325123497, 3.553878347849026, 3.1766255231846534, 2.7773341867683667, 3.877602299145592, 3.604009641160416, 3.401787770334445, 3.2790465022657678, 4.251395108592971, 4.0644352341507775, 4.547878027348067, 5.305123219393684, 6.555058690463782], [6.755431199741763, 5.969577095108534, 5.624575601273793, 5.5625, 5.624575601273793, 5.806822197017727, 5.806782647205982, 5.460440115045673, 4.753333990766668, 4.038927336283456, 4.878188229301569, 2.2244888613891605, 2.0625, 2.224488861389161, 2.6517322692492504, 4.139547160553247, 1.770833333333333, 1.7708333333333337, 1.3017082793177757, 1.301708279317776, 0.5625, 1.7590292856509748, 0.9411964165063762, 0.941196416506377, 2.197118931335294, 0.0, 1.666666666666667, 0.8426561840065282, 0.8426561840065291, 0.5625, 1.7590292856509748, 1.080324346872014, 1.080324346872015, 1.125, 1.5023130314433286, 1.5023130314433293, 1.6875, 1.9948936549210947, 1.9948936549210952, 2.25, 2.5169563850898258, 2.516956385089826, 2.8125, 4.829425503560899, 3.05341623340881, 3.05341623340881, 3.375, 3.9375, 5.562765316937631, 6.484908158229857], [7.822493608178916, 6.755431199741763, 6.098475731689026, 5.806822197017727, 5.624575601273793, 5.5625, 6.714611920217041, 6.5264219927750435, 5.460440115045673, 4.851304592581258, 3.6522301306894915, 3.2409730406160433, 2.6517322692492504, 2.2244888613891605, 2.0625, 5.717639919582204, 2.948119103767689, 1.770833333333333, 2.692582403567252, 1.3017082793177757, 1.7590292856509748, 0.5625, 2.537992563030869, 0.9411964165063762, 3.8635894944412246, 1.666666666666667, 0.0, 2.5031230493125984, 0.8426561840065282, 1.7590292856509748, 0.5625, 2.5928085640864427, 1.080324346872014, 2.0108214186689426, 2.7950849718747373, 1.5023130314433286, 2.3717997444509895, 3.087904831758906, 1.9948936549210947, 2.8000496027352404, 3.4482785560334306, 2.5169563850898258, 3.2692405888490033, 6.235295201512114, 3.857318531052368, 3.05341623340881, 3.764093885356445, 4.275708599492928, 6.313887026768082, 6.945120602464436], [6.430214323799791, 5.841697872004147, 5.6875, 5.748225873645228, 5.926671412165329, 6.212701203985268, 5.606689324937652, 5.164019819331103, 4.714091243283269, 3.969119077326857, 5.642081574533945, 2.1875, 2.340854693150441, 2.7500789130091845, 3.321920566479578, 3.442042453253591, 1.6875, 2.3717997444509895, 1.125, 2.0108214186689426, 1.080324346872014, 2.5928085640864427, 0.5625, 1.7590292856509748, 1.3738511814880374, 0.8426561840065282, 2.5031230493125984, 0.0, 1.666666666666667, 0.9411964165063762, 2.537992563030869, 0.5625, 1.7590292856509748, 1.3017082793177757, 1.125, 2.0108214186689426, 1.770833333333333, 1.6875, 2.3717997444509895, 2.282557654133723, 2.25, 2.8000496027352404, 2.813734297058705, 4.112196037398995, 2.8125, 3.2692405888490033, 3.355137023199566, 3.902512100486614, 5.222140836771168, 6.28185054742205], [7.356998982450507, 6.430214323799791, 5.926671412165329, 5.748225873645228, 5.6875, 5.748225873645228, 6.326490017048973, 6.055336546753156, 5.164019819331104, 4.494257524268547, 4.312466955576294, 2.7500789130091845, 2.3408546931504413, 2.1875, 2.340854693150441, 4.962402042134211, 2.3717997444509895, 1.6875, 2.0108214186689426, 1.125, 1.080324346872015, 1.080324346872014, 1.7590292856509748, 0.5625, 3.0347457017389368, 0.8426561840065291, 0.8426561840065282, 1.666666666666667, 0.0, 0.941196416506377, 0.9411964165063762, 1.7590292856509748, 0.5625, 1.301708279317776, 2.0108214186689426, 1.125, 1.7708333333333337, 2.3717997444509895, 1.6875, 2.2825576541337234, 2.8000496027352404, 2.25, 2.813734297058705, 5.448663508400733, 3.2692405888490033, 2.8125, 3.355137023199566, 3.902512100486614, 5.780466119333402, 6.547101258149957], [7.225653565210862, 6.496927692720956, 6.181429401396124, 6.125, 6.181429401396124, 6.347708466665571, 6.315797636348393, 5.938486760109852, 5.295602211059454, 4.573664042950441, 5.22504523958279, 2.75410047827679, 2.625, 2.7541004782767904, 3.109405534467606, 4.382929322319086, 2.282557654133723, 2.2825576541337234, 1.770833333333333, 1.7708333333333337, 1.125, 2.0108214186689426, 1.3017082793177757, 1.301708279317776, 2.2790386959112827, 0.5625, 1.7590292856509748, 0.9411964165063762, 0.941196416506377, 0.0, 1.666666666666667, 0.8426561840065282, 0.8426561840065291, 0.5625, 1.080324346872014, 1.080324346872015, 1.125, 1.5023130314433286, 1.5023130314433293, 1.6875, 1.9948936549210947, 1.9948936549210952, 2.25, 4.509442254253229, 2.5169563850898258, 2.516956385089826, 2.8125, 3.375, 5.035480480648563, 5.930082886690392], [8.231987913013478, 7.225653565210862, 6.615559311199621, 6.347708466665571, 6.181429401396124, 6.125, 7.159370664418222, 6.931334848193223, 5.938486760109852, 5.304773793480736, 4.104042188222069, 3.625, 3.109405534467606, 2.75410047827679, 2.625, 5.896238207535378, 3.281101187101672, 2.282557654133723, 2.948119103767689, 1.770833333333333, 2.0108214186689426, 1.125, 2.692582403567252, 1.3017082793177757, 3.9107556252706015, 1.7590292856509748, 0.5625, 2.537992563030869, 0.9411964165063762, 1.666666666666667, 0.0, 2.5031230493125984, 0.8426561840065282, 1.7590292856509748, 2.5928085640864427, 1.080324346872014, 2.0108214186689426, 2.7950849718747373, 1.5023130314433286, 2.3717997444509895, 3.087904831758906, 1.9948936549210947, 2.8000496027352404, 5.99087848316088, 3.4482785560334306, 2.5169563850898258, 3.2692405888490033, 3.764093885356445, 5.854645598706957, 6.430128257283681], [6.932712311931024, 6.390639856679281, 6.25, 6.305310812675648, 6.468406123441676, 6.73145600891813, 6.143790788900715, 5.679519737129579, 5.273755777432247, 4.527692569068709, 5.956348449250249, 2.75, 2.873489941594445, 3.2156302302624566, 3.7165171868296265, 3.75, 2.25, 2.8000496027352404, 1.6875, 2.3717997444509895, 1.5023130314433286, 2.7950849718747373, 1.125, 2.0108214186689426, 1.5475069783057955, 1.080324346872014, 2.5928085640864427, 0.5625, 1.7590292856509748, 0.8426561840065282, 2.5031230493125984, 0.0, 1.666666666666667, 0.9411964165063762, 0.5625, 1.7590292856509748, 1.3017082793177757, 1.125, 2.0108214186689426, 1.770833333333333, 1.6875, 2.3717997444509895, 2.282557654133723, 3.75, 2.25, 2.8000496027352404, 2.813734297058705, 3.355137023199566, 4.671518555966736, 5.719625907565005], [7.8000178062474825, 6.932712311931024, 6.468406123441676, 6.305310812675648, 6.25, 6.305310812675648, 6.807031365230495, 6.5005341660854645, 5.679519737129579, 4.994441354590566, 4.716182099763312, 3.2156302302624566, 2.873489941594445, 2.75, 2.873489941594445, 5.180760347456518, 2.8000496027352404, 2.25, 2.3717997444509895, 1.6875, 1.5023130314433293, 1.5023130314433286, 2.0108214186689426, 1.125, 3.117209048692758, 1.080324346872015, 1.080324346872014, 1.7590292856509748, 0.5625, 0.8426561840065291, 0.8426561840065282, 1.666666666666667, 0.0, 0.941196416506377, 1.7590292856509748, 0.5625, 1.301708279317776, 2.0108214186689426, 1.125, 1.7708333333333337, 2.3717997444509895, 1.6875, 2.2825576541337234, 5.180760347456518, 2.8000496027352404, 2.25, 2.813734297058705, 3.355137023199566, 5.288300223742013, 6.009742848642598], [7.708248873411161, 7.0297297739276186, 6.73922107475667, 6.6875, 6.73922107475667, 6.8920558636576486, 6.833204764582677, 6.430214323799791, 5.841697872004147, 5.114360568807969, 5.606985608228113, 3.294632103049511, 3.1875, 3.294632103049511, 3.596933976010371, 4.681570323560722, 2.813734297058705, 2.813734297058705, 2.282557654133723, 2.2825576541337234, 1.6875, 2.3717997444509895, 1.770833333333333, 1.7708333333333337, 2.488677491458075, 1.125, 2.0108214186689426, 1.3017082793177757, 1.301708279317776, 0.5625, 1.7590292856509748, 0.9411964165063762, 0.941196416506377, 0.0, 0.8426561840065282, 0.8426561840065291, 0.5625, 1.080324346872014, 1.080324346872015, 1.125, 1.5023130314433286, 1.5023130314433293, 1.6875, 4.240235924384921, 1.9948936549210947, 1.9948936549210952, 2.25, 2.8125, 4.516700329960041, 5.376852682132956], [7.443799852897712, 6.941752950644223, 6.8125, 6.863279150263702, 7.013411012323303, 7.2567317884844, 6.685071265827515, 6.2031927823052895, 5.833965739529158, 5.087131436281158, 6.305228124665772, 3.3125, 3.4157137898899617, 3.708157767379616, 4.150018825258507, 4.112196037398995, 2.8125, 3.2692405888490033, 2.25, 2.8000496027352404, 1.9948936549210947, 3.087904831758906, 1.6875, 2.3717997444509895, 1.8801332737160392, 1.5023130314433286, 2.7950849718747373, 1.125, 2.0108214186689426, 1.080324346872014, 2.5928085640864427, 0.5625, 1.7590292856509748, 0.8426561840065282, 0.0, 1.666666666666667, 0.9411964165063762, 0.5625, 1.7590292856509748, 1.3017082793177757, 1.125, 2.0108214186689426, 1.770833333333333, 3.442042453253591, 1.6875, 2.3717997444509895, 2.282557654133723, 2.813734297058705, 4.124103395698269, 5.157461317822066], [8.257598563007152, 7.443799852897712, 7.013411012323303, 6.863279150263702, 6.8125, 6.863279150263702, 7.299293704095155, 6.962729399771647, 6.2031927823052895, 5.506664207525682, 5.1497755731020245, 3.708157767379616, 3.4157137898899617, 3.3125, 3.4157137898899617, 5.448663508400733, 3.2692405888490033, 2.8125, 2.8000496027352404, 2.25, 1.9948936549210952, 1.9948936549210947, 2.3717997444509895, 1.6875, 3.2950137377985342, 1.5023130314433293, 1.5023130314433286, 2.0108214186689426, 1.125, 1.080324346872015, 1.080324346872014, 1.7590292856509748, 0.5625, 0.8426561840065291, 1.666666666666667, 0.0, 0.941196416506377, 1.7590292856509748, 0.5625, 1.301708279317776, 2.0108214186689426, 1.125, 1.7708333333333337, 4.962402042134211, 2.3717997444509895, 1.6875, 2.2825576541337234, 2.813734297058705, 4.8115758807378555, 5.477435150611367], [8.20103313274885, 7.566831863101257, 7.297735569643809, 7.25, 7.297735569643809, 7.439104635490603, 7.357233680271874, 6.932712311931024, 6.390639856679281, 5.659308948783215, 6.017332462650505, 3.84147685720537, 3.75, 3.84147685720537, 4.103690750748377, 5.025628761104867, 3.355137023199566, 3.355137023199566, 2.813734297058705, 2.813734297058705, 2.25, 2.8000496027352404, 2.282557654133723, 2.2825576541337234, 2.79746786139164, 1.6875, 2.3717997444509895, 1.770833333333333, 1.7708333333333337, 1.125, 2.0108214186689426, 1.3017082793177757, 1.301708279317776, 0.5625, 0.9411964165063762, 0.941196416506377, 0.0, 0.8426561840065282, 0.8426561840065291, 0.5625, 1.080324346872014, 1.080324346872015, 1.125, 4.031990134467648, 1.5023130314433286, 1.5023130314433293, 1.6875, 2.25, 4.009727243882007, 4.8257661555138025], [7.9618229696470895, 7.49455821098067, 7.375, 7.421931651830569, 7.560978956311, 7.7872090635862605, 7.229592166962403, 6.733132216468383, 6.394577781214331, 5.647178499038259, 6.683302257063245, 3.875, 3.9635929968204913, 4.218222703672458, 4.611466686424179, 4.5155979670471105, 3.375, 3.764093885356445, 2.8125, 3.2692405888490033, 2.5169563850898258, 3.4482785560334306, 2.25, 2.8000496027352404, 2.303874325123497, 1.9948936549210947, 3.087904831758906, 1.6875, 2.3717997444509895, 1.5023130314433286, 2.7950849718747373, 1.125, 2.0108214186689426, 1.080324346872014, 0.5625, 1.7590292856509748, 0.8426561840065282, 0.0, 1.666666666666667, 0.9411964165063762, 0.5625, 1.7590292856509748, 1.3017082793177757, 3.204001404494074, 1.125, 2.0108214186689426, 1.770833333333333, 2.282557654133723, 3.581366292084411, 4.595378816503927], [8.727451104290289, 7.9618229696470895, 7.560978956311, 7.421931651830569, 7.375, 7.421931651830569, 7.801058495489865, 7.43875456272382, 6.733132216468383, 6.027857782367169, 5.606319274578348, 4.218222703672458, 3.9635929968204913, 3.875, 3.9635929968204913, 5.759201574678367, 3.764093885356445, 3.375, 3.2692405888490033, 2.8125, 2.516956385089826, 2.5169563850898258, 2.8000496027352404, 2.25, 3.553878347849026, 1.9948936549210952, 1.9948936549210947, 2.3717997444509895, 1.6875, 1.5023130314433293, 1.5023130314433286, 2.0108214186689426, 1.125, 1.080324346872015, 1.7590292856509748, 0.5625, 0.8426561840065291, 1.666666666666667, 0.0, 0.941196416506377, 1.7590292856509748, 0.5625, 1.301708279317776, 4.800354442932083, 2.0108214186689426, 1.125, 1.7708333333333337, 2.2825576541337234, 4.355366592580552, 4.9518072510443165], [8.702275604371792, 8.107379397465277, 7.8568187388054485, 7.8125, 7.8568187388054485, 7.988299820849101, 7.886564524400867, 7.443799852897712, 6.941752950644223, 6.207389469638406, 6.450667005919465, 4.392277392702383, 4.3125, 4.3922773927023835, 4.62335744105707, 5.406440667800252, 3.902512100486614, 3.902512100486614, 3.355137023199566, 3.355137023199566, 2.8125, 3.2692405888490033, 2.813734297058705, 2.813734297058705, 3.1766255231846534, 2.25, 2.8000496027352404, 2.282557654133723, 2.2825576541337234, 1.6875, 2.3717997444509895, 1.770833333333333, 1.7708333333333337, 1.125, 1.3017082793177757, 1.301708279317776, 0.5625, 0.9411964165063762, 0.941196416506377, 0.0, 0.8426561840065282, 0.8426561840065291, 0.5625, 3.894496205473109, 1.080324346872014, 1.080324346872015, 1.125, 1.6875, 3.519666997032255, 4.277651892106763], [8.485511549105334, 8.048706978625683, 7.9375, 7.981124650977733, 8.110590855651502, 8.321893189052597, 7.776672840747229, 7.267967439005519, 6.95549468046666, 6.2076691479169535, 7.0858993017440675, 4.4375, 4.515069290104465, 4.740167088592741, 5.093270682969834, 4.950142043416532, 3.9375, 4.275708599492928, 3.375, 3.764093885356445, 3.05341623340881, 3.857318531052368, 2.8125, 3.2692405888490033, 2.7773341867683667, 2.5169563850898258, 3.4482785560334306, 2.25, 2.8000496027352404, 1.9948936549210947, 3.087904831758906, 1.6875, 2.3717997444509895, 1.5023130314433286, 1.125, 2.0108214186689426, 1.080324346872014, 0.5625, 1.7590292856509748, 0.8426561840065282, 0.0, 1.666666666666667, 0.9411964165063762, 3.052278861768695, 0.5625, 1.7590292856509748, 1.3017082793177757, 1.770833333333333, 3.0458090415761294, 4.033412722436812], [9.207696999129467, 8.485511549105334, 8.110590855651502, 7.981124650977733, 7.9375, 7.981124650977733, 8.310604744629963, 7.926118261447052, 7.267967439005519, 6.555882907316485, 6.080645990657497, 4.740167088592741, 4.515069290104466, 4.4375, 4.515069290104465, 6.1058729128420115, 4.275708599492928, 3.9375, 3.764093885356445, 3.375, 3.05341623340881, 3.05341623340881, 3.2692405888490033, 2.8125, 3.877602299145592, 2.516956385089826, 2.5169563850898258, 2.8000496027352404, 2.25, 1.9948936549210952, 1.9948936549210947, 2.3717997444509895, 1.6875, 1.5023130314433293, 2.0108214186689426, 1.125, 1.080324346872015, 1.7590292856509748, 0.5625, 0.8426561840065291, 1.666666666666667, 0.0, 0.941196416506377, 4.700445088263215, 1.7590292856509748, 0.5625, 1.301708279317776, 1.7708333333333337, 3.9268290458632378, 4.435234692080812], [9.21059549890475, 8.650726526971273, 8.416357255038811, 8.375, 8.416357255038811, 8.539227293952175, 8.420197448335147, 7.9618229696470895, 7.49455821098067, 6.75784009708559, 6.902661238714268, 4.945712228228048, 4.875, 4.945712228228048, 5.152028996208948, 5.816792023482053, 4.453657984673323, 4.453657984673323, 3.902512100486614, 3.902512100486614, 3.375, 3.764093885356445, 3.355137023199566, 3.355137023199566, 3.604009641160416, 2.8125, 3.2692405888490033, 2.813734297058705, 2.813734297058705, 2.25, 2.8000496027352404, 2.282557654133723, 2.2825576541337234, 1.6875, 1.770833333333333, 1.7708333333333337, 1.125, 1.3017082793177757, 1.301708279317776, 0.5625, 0.9411964165063762, 0.941196416506377, 0.0, 3.835370835322765, 0.8426561840065282, 0.8426561840065291, 0.5625, 1.125, 3.0546704355243475, 3.7338190813678533], [8.5, 8.661857640124188, 9.013878188659973, 9.324400487132909, 9.696792138525904, 10.124228365658293, 8.23759498849125, 7.54615428178118, 7.905694150420948, 7.198090024443984, 9.70620961658112, 5.830951894845301, 6.300352723811933, 6.839428176227731, 7.433034373659253, 4.5, 5.408326913195984, 6.482883446258909, 4.950142043416532, 6.1058729128420115, 5.1908038341324785, 6.519202405202649, 4.5155979670471105, 5.759201574678367, 3.401787770334445, 4.829425503560899, 6.235295201512114, 4.112196037398995, 5.448663508400733, 4.509442254253229, 5.99087848316088, 3.75, 5.180760347456518, 4.240235924384921, 3.442042453253591, 4.962402042134211, 4.031990134467648, 3.204001404494074, 4.800354442932083, 3.894496205473109, 3.052278861768695, 4.700445088263215, 3.835370835322765, 0.0, 3.0, 4.666666666666667, 3.8582185908064415, 3.9616214413349042, 3.0500939115995176, 4.463960456822795], [9.013878188659973, 8.603939666093538, 8.5, 8.540751983545972, 8.661857640124188, 8.860022573334675, 8.325808702067745, 7.806692285753579, 7.516648189186454, 6.768493185340442, 7.509075926480399, 5.0, 5.068968775248516, 5.270462766947299, 5.5901699437494745, 5.408326913195984, 4.5, 4.7987266829626565, 3.9375, 4.275708599492928, 3.5978388574871505, 4.301162633521313, 3.375, 3.764093885356445, 3.2790465022657678, 3.05341623340881, 3.857318531052368, 2.8125, 3.2692405888490033, 2.5169563850898258, 3.4482785560334306, 2.25, 2.8000496027352404, 1.9948936549210947, 1.6875, 2.3717997444509895, 1.5023130314433286, 1.125, 2.0108214186689426, 1.080324346872014, 0.5625, 1.7590292856509748, 0.8426561840065282, 3.0, 0.0, 1.666666666666667, 0.9411964165063762, 1.3017082793177757, 2.522009797248091, 3.471619566118563], [9.696792138525904, 9.013878188659973, 8.661857640124188, 8.540751983545972, 8.5, 8.540751983545972, 8.826584916765798, 8.422852512328852, 7.806692285753579, 7.089213245801289, 6.568904628542684, 5.270462766947299, 5.068968775248517, 5.0, 5.068968775248516, 6.482883446258909, 4.7987266829626565, 4.5, 4.275708599492928, 3.9375, 3.5978388574871505, 3.5978388574871505, 3.764093885356445, 3.375, 4.251395108592971, 3.05341623340881, 3.05341623340881, 3.2692405888490033, 2.8125, 2.516956385089826, 2.5169563850898258, 2.8000496027352404, 2.25, 1.9948936549210952, 2.3717997444509895, 1.6875, 1.5023130314433293, 2.0108214186689426, 1.125, 1.080324346872015, 1.7590292856509748, 0.5625, 0.8426561840065291, 4.666666666666667, 1.666666666666667, 0.0, 0.941196416506377, 1.301708279317776, 3.5360383277198286, 3.9312887195141593], [9.724883068420127, 9.196377041772724, 8.976265966115557, 8.9375, 8.976265966115557, 9.091572142802244, 8.95736359875835, 8.485511549105334, 8.048706978625683, 7.310125445420057, 7.369882769192384, 5.500986338325559, 5.4375, 5.50098633832556, 5.68719474150286, 6.250867995282291, 5.007329696998635, 5.007329696998635, 4.453657984673323, 4.453657984673323, 3.9375, 4.275708599492928, 3.902512100486614, 3.902512100486614, 4.0644352341507775, 3.375, 3.764093885356445, 3.355137023199566, 3.355137023199566, 2.8125, 3.2692405888490033, 2.813734297058705, 2.813734297058705, 2.25, 2.282557654133723, 2.2825576541337234, 1.6875, 1.770833333333333, 1.7708333333333337, 1.125, 1