totalHoles = 50;
zeroHoleID = 46;
C = [[0.0, 2.1666666666666665, 4.333333333333333, 6.5, 1.5, 2.6352313834736494, 4.585605497399201, 6.670832032063167, 2.7083572838398418, 2.6875, 3.452115394137983, 5.099062073340329, 7.03368013560469, 3.875, 4.439602397112206, 5.813209335451268, 7.567405433832655, 5.0625, 5.506664207525682, 6.6638340336309225, 8.238865592422297, 6.25, 6.6149032074887115, 7.605279598921908, 9.017344398435716, 7.449053373518469, 7.4375, 7.746667070065968, 8.60779786169365, 9.877570867880422, 8.625, 8.892978659844205, 9.652378089247113, 10.800028935146424, 9.110212902919226, 9.8125, 10.048860666485751, 10.726739207596024, 11.77009584710337, 9.935952485407505, 10.097326304270533, 10.5, 10.721214690716927, 11.359039474259157, 12.349089035228468, 11.0, 11.211353372561426, 11.8227652339788, 12.776932339180638, 13.038404810405298], [2.1666666666666665, 0.0, 2.1666666666666665, 4.333333333333334, 2.6352313834736494, 1.5, 2.6352313834736494, 4.585605497399202, 2.096018311987856, 3.452115394137983, 2.6875, 3.452115394137983, 5.099062073340329, 4.439602397112206, 3.875, 4.439602397112206, 5.813209335451269, 5.506664207525682, 5.0625, 5.506664207525682, 6.663834033630923, 6.6149032074887115, 6.25, 6.6149032074887115, 7.605279598921909, 7.114722785198095, 7.746667070065968, 7.4375, 7.746667070065968, 8.607797861693651, 8.892978659844205, 8.625, 8.892978659844205, 9.652378089247115, 8.998195790406186, 10.048860666485751, 9.8125, 10.048860666485751, 10.726739207596024, 9.891360086110177, 10.100617386827777, 10.721214690716927, 10.5, 10.721214690716927, 11.359039474259157, 11.211353372561426, 11.0, 11.211353372561426, 11.8227652339788, 12.015036875145707], [4.333333333333333, 2.1666666666666665, 0.0, 2.166666666666667, 4.585605497399201, 2.6352313834736494, 1.5, 2.63523138347365, 3.2924573255150027, 5.099062073340329, 3.452115394137983, 2.6875, 3.4521153941379836, 5.813209335451268, 4.439602397112206, 3.875, 4.439602397112206, 6.6638340336309225, 5.506664207525682, 5.0625, 5.506664207525682, 7.605279598921908, 6.6149032074887115, 6.25, 6.6149032074887115, 7.425567543817502, 8.60779786169365, 7.746667070065968, 7.4375, 7.746667070065968, 9.652378089247113, 8.892978659844205, 8.625, 8.892978659844205, 9.398295841126739, 10.726739207596024, 10.048860666485751, 9.8125, 10.048860666485751, 10.312310400817092, 10.55830637858887, 11.359039474259157, 10.721214690716927, 10.5, 10.721214690716927, 11.8227652339788, 11.211353372561426, 11.0, 11.211353372561426, 11.31861789756643], [6.5, 4.333333333333334, 2.166666666666667, 0.0, 6.670832032063167, 4.585605497399202, 2.63523138347365, 1.5, 5.164895604499212, 7.03368013560469, 5.099062073340329, 3.4521153941379836, 2.6875, 7.567405433832655, 5.813209335451269, 4.439602397112206, 3.875, 8.238865592422297, 6.663834033630923, 5.506664207525682, 5.0625, 9.017344398435716, 7.605279598921909, 6.6149032074887115, 6.25, 8.30949548855186, 9.877570867880422, 8.607797861693651, 7.746667070065968, 7.4375, 10.800028935146424, 9.652378089247115, 8.892978659844205, 8.625, 10.250721479051393, 11.77009584710337, 10.726739207596024, 10.048860666485751, 9.8125, 11.14618213297253, 11.415869851312348, 12.349089035228468, 11.359039474259157, 10.721214690716927, 10.5, 12.776932339180638, 11.8227652339788, 11.211353372561426, 11.0, 11.01135777277262], [1.5, 2.6352313834736494, 4.585605497399201, 6.670832032063167, 0.0, 2.1666666666666665, 4.333333333333333, 6.5, 1.8480553775920574, 1.1875, 2.470749014862587, 4.493098488546381, 6.607583238219553, 2.375, 3.214820281826722, 4.941498029725174, 6.920305267833204, 3.5625, 4.169634359802361, 5.609740103407446, 7.412247044587761, 4.75, 5.220818369225695, 6.429640563653444, 8.050621094052309, 6.032791258246841, 5.9375, 6.320470765255104, 7.350624737243615, 8.803630288125461, 7.125, 7.447151767249305, 8.339268719604721, 9.644460845480166, 7.6363972398020294, 8.3125, 8.590232866136077, 9.374189779803787, 10.552139889614807, 8.450831496011126, 8.607202711251627, 9.0, 9.257129384665877, 9.988882709181132, 11.10180165558726, 9.5, 9.74394398816231, 10.44163673845139, 11.510864433221338, 11.800423721205947], [2.6352313834736494, 1.5, 2.6352313834736494, 4.585605497399202, 2.1666666666666665, 0.0, 2.1666666666666665, 4.333333333333334, 0.6880423431061617, 2.470749014862587, 1.1875, 2.470749014862587, 4.493098488546382, 3.214820281826722, 2.375, 3.214820281826722, 4.9414980297251745, 4.169634359802361, 3.5625, 4.169634359802361, 5.609740103407446, 5.220818369225695, 4.75, 5.220818369225695, 6.429640563653445, 5.614753290596976, 6.320470765255104, 5.9375, 6.320470765255104, 7.350624737243616, 7.447151767249305, 7.125, 7.447151767249305, 8.339268719604723, 7.502407023750691, 8.590232866136077, 8.3125, 8.590232866136077, 9.374189779803787, 8.398357311688494, 8.611063326485954, 9.257129384665877, 9.0, 9.257129384665877, 9.988882709181132, 9.74394398816231, 9.5, 9.74394398816231, 10.44163673845139, 10.65885130354632], [4.585605497399201, 2.6352313834736494, 1.5, 2.63523138347365, 4.333333333333333, 2.1666666666666665, 0.0, 2.166666666666667, 2.630662415068874, 4.493098488546381, 2.470749014862587, 1.1875, 2.4707490148625872, 4.941498029725174, 3.214820281826722, 2.375, 3.2148202818267224, 5.609740103407446, 4.169634359802361, 3.5625, 4.1696343598023615, 6.429640563653444, 5.220818369225695, 4.75, 5.220818369225695, 6.003767779640424, 7.350624737243615, 6.320470765255104, 5.9375, 6.320470765255104, 8.339268719604721, 7.447151767249305, 7.125, 7.447151767249305, 7.977878689531463, 9.374189779803787, 8.590232866136077, 8.3125, 8.590232866136077, 8.89028385286423, 9.143619283512093, 9.988882709181132, 9.257129384665877, 9.0, 9.257129384665877, 10.44163673845139, 9.74394398816231, 9.5, 9.74394398816231, 9.867173410410457], [6.670832032063167, 4.585605497399202, 2.63523138347365, 1.5, 6.5, 4.333333333333334, 2.166666666666667, 0.0, 4.770351780224796, 6.607583238219553, 4.493098488546382, 2.4707490148625872, 1.1875, 6.920305267833204, 4.9414980297251745, 3.2148202818267224, 2.375, 7.412247044587761, 5.609740103407446, 4.1696343598023615, 3.5625, 8.050621094052309, 6.429640563653445, 5.220818369225695, 4.75, 7.067806553543776, 8.803630288125461, 7.350624737243616, 6.320470765255104, 5.9375, 9.644460845480166, 8.339268719604723, 7.447151767249305, 7.125, 8.966374658055823, 10.552139889614807, 9.374189779803787, 8.590232866136077, 8.3125, 9.84534292562195, 10.1217599497205, 11.10180165558726, 9.988882709181132, 9.257129384665877, 9.0, 11.510864433221338, 10.44163673845139, 9.74394398816231, 9.5, 9.513148795220223], [2.7083572838398418, 2.096018311987856, 3.2924573255150027, 5.164895604499212, 1.8480553775920574, 0.6880423431061617, 2.630662415068874, 4.770351780224796, 0.0, 1.8717554018017803, 0.7493743199724952, 2.6473655485374934, 4.77958321536733, 2.5321809551652046, 1.8628027208916842, 3.1491294754440387, 5.0747303197459, 3.484354315397415, 3.0329554204585145, 3.955477349023461, 5.610853092327008, 4.548606610903587, 4.212827517002792, 4.918830975360395, 6.326987397585266, 5.077493482100089, 5.6620872217127705, 5.3960471915600525, 5.963581790307911, 7.169391824606184, 6.800658336647287, 6.580809023142242, 7.053653654328325, 8.098759240788505, 6.923718287294559, 7.953551937174829, 7.766407277795672, 8.170928006092488, 9.088450684565794, 7.810019333791773, 8.014183006893127, 8.625309599600383, 8.453050294196682, 8.826156680705799, 9.681782538221228, 9.115335184339889, 8.952509654288278, 9.305611832989477, 10.12078470037337, 10.364267853452809], [2.6875, 3.452115394137983, 5.099062073340329, 7.03368013560469, 1.1875, 2.470749014862587, 4.493098488546381, 6.607583238219553, 1.8717554018017803, 0.0, 2.1666666666666665, 4.333333333333333, 6.5, 1.1875, 2.470749014862587, 4.493098488546381, 6.607583238219553, 2.375, 3.214820281826722, 4.941498029725174, 6.920305267833204, 3.5625, 4.169634359802361, 5.609740103407446, 7.412247044587761, 4.946719235391053, 4.75, 5.220818369225695, 6.429640563653444, 8.050621094052309, 5.9375, 6.320470765255104, 7.350624737243615, 8.803630288125461, 6.4781567175798775, 7.125, 7.447151767249305, 8.339268719604721, 9.644460845480166, 7.279439206387028, 7.430340768984141, 7.8125, 8.107379397465277, 8.933808483943327, 10.162930495186908, 8.3125, 8.590232866136077, 9.374189779803787, 10.552139889614807, 10.867274554827443], [3.452115394137983, 2.6875, 3.452115394137983, 5.099062073340329, 2.470749014862587, 1.1875, 2.470749014862587, 4.493098488546382, 0.7493743199724952, 2.1666666666666665, 0.0, 2.1666666666666665, 4.333333333333334, 2.470749014862587, 1.1875, 2.470749014862587, 4.493098488546382, 3.214820281826722, 2.375, 3.214820281826722, 4.9414980297251745, 4.169634359802361, 3.5625, 4.169634359802361, 5.609740103407446, 4.42729210042413, 5.220818369225695, 4.75, 5.220818369225695, 6.429640563653445, 6.320470765255104, 5.9375, 6.320470765255104, 7.350624737243616, 6.3196568580495684, 7.447151767249305, 7.125, 7.447151767249305, 8.339268719604723, 7.218454662897216, 7.434812508960923, 8.107379397465277, 7.8125, 8.107379397465277, 8.933808483943329, 8.590232866136077, 8.3125, 8.590232866136077, 9.374189779803787, 9.615548209078415], [5.099062073340329, 3.452115394137983, 2.6875, 3.4521153941379836, 4.493098488546381, 2.470749014862587, 1.1875, 2.4707490148625872, 2.6473655485374934, 4.333333333333333, 2.1666666666666665, 0.0, 2.166666666666667, 4.493098488546381, 2.470749014862587, 1.1875, 2.4707490148625872, 4.941498029725174, 3.214820281826722, 2.375, 3.2148202818267224, 5.609740103407446, 4.169634359802361, 3.5625, 4.1696343598023615, 4.911281745130984, 6.429640563653444, 5.220818369225695, 4.75, 5.220818369225695, 7.350624737243615, 6.320470765255104, 5.9375, 6.320470765255104, 6.877390496281965, 8.339268719604721, 7.447151767249305, 7.125, 7.447151767249305, 7.785295702156046, 8.045607437133922, 8.933808483943327, 8.107379397465277, 7.8125, 8.107379397465277, 9.374189779803787, 8.590232866136077, 8.3125, 8.590232866136077, 8.729763304987777], [7.03368013560469, 5.099062073340329, 3.4521153941379836, 2.6875, 6.607583238219553, 4.493098488546382, 2.4707490148625872, 1.1875, 4.77958321536733, 6.5, 4.333333333333334, 2.166666666666667, 0.0, 6.607583238219553, 4.493098488546382, 2.4707490148625872, 1.1875, 6.920305267833204, 4.9414980297251745, 3.2148202818267224, 2.375, 7.412247044587761, 5.609740103407446, 4.1696343598023615, 3.5625, 6.166794167679402, 8.050621094052309, 6.429640563653445, 5.220818369225695, 4.75, 8.803630288125461, 7.350624737243616, 6.320470765255104, 5.9375, 8.002988576906438, 9.644460845480166, 8.339268719604723, 7.447151767249305, 7.125, 8.860274234390554, 9.141993760138782, 10.162930495186908, 8.933808483943329, 8.107379397465277, 7.8125, 10.552139889614807, 9.374189779803787, 8.590232866136077, 8.3125, 8.327524016777136], [3.875, 4.439602397112206, 5.813209335451268, 7.567405433832655, 2.375, 3.214820281826722, 4.941498029725174, 6.920305267833204, 2.5321809551652046, 1.1875, 2.470749014862587, 4.493098488546381, 6.607583238219553, 0.0, 2.1666666666666665, 4.333333333333333, 6.5, 1.1875, 2.470749014862587, 4.493098488546381, 6.607583238219553, 2.375, 3.214820281826722, 4.941498029725174, 6.920305267833204, 3.919924045437128, 3.5625, 4.169634359802361, 5.609740103407446, 7.412247044587761, 4.75, 5.220818369225695, 6.429640563653444, 8.050621094052309, 5.332802134993809, 5.9375, 6.320470765255104, 7.350624737243615, 8.803630288125461, 6.114264456579841, 6.25749965032986, 6.625, 6.970299092897266, 7.916337712463875, 9.281197390423285, 7.125, 7.447151767249305, 8.339268719604721, 9.644460845480166, 9.988274375486489], [4.439602397112206, 3.875, 4.439602397112206, 5.813209335451269, 3.214820281826722, 2.375, 3.214820281826722, 4.9414980297251745, 1.8628027208916842, 2.470749014862587, 1.1875, 2.470749014862587, 4.493098488546382, 2.1666666666666665, 0.0, 2.1666666666666665, 4.333333333333334, 2.470749014862587, 1.1875, 2.470749014862587, 4.493098488546382, 3.214820281826722, 2.375, 3.214820281826722, 4.9414980297251745, 3.2398593597077996, 4.169634359802361, 3.5625, 4.169634359802361, 5.609740103407446, 5.220818369225695, 4.75, 5.220818369225695, 6.429640563653445, 5.139097873845388, 6.320470765255104, 5.9375, 6.320470765255104, 7.350624737243616, 6.04152980674709, 6.26280887254691, 6.970299092897266, 6.625, 6.970299092897266, 7.916337712463876, 7.447151767249305, 7.125, 7.447151767249305, 8.339268719604723, 8.609688502559841], [5.813209335451268, 4.439602397112206, 3.875, 4.439602397112206, 4.941498029725174, 3.214820281826722, 2.375, 3.2148202818267224, 3.1491294754440387, 4.493098488546381, 2.470749014862587, 1.1875, 2.4707490148625872, 4.333333333333333, 2.1666666666666665, 0.0, 2.166666666666667, 4.493098488546381, 2.470749014862587, 1.1875, 2.4707490148625872, 4.941498029725174, 3.214820281826722, 2.375, 3.2148202818267224, 3.875107960852856, 5.609740103407446, 4.169634359802361, 3.5625, 4.1696343598023615, 6.429640563653444, 5.220818369225695, 4.75, 5.220818369225695, 5.8112618416157025, 7.350624737243615, 6.320470765255104, 5.9375, 6.320470765255104, 6.708563471826167, 6.976971904996835, 7.916337712463875, 6.970299092897266, 6.625, 6.970299092897266, 8.339268719604721, 7.447151767249305, 7.125, 7.447151767249305, 7.6076761307978344], [7.567405433832655, 5.813209335451269, 4.439602397112206, 3.875, 6.920305267833204, 4.9414980297251745, 3.2148202818267224, 2.375, 5.0747303197459, 6.607583238219553, 4.493098488546382, 2.4707490148625872, 1.1875, 6.5, 4.333333333333334, 2.166666666666667, 0.0, 6.607583238219553, 4.493098488546382, 2.4707490148625872, 1.1875, 6.920305267833204, 4.9414980297251745, 3.2148202818267224, 2.375, 5.3782082178670825, 7.412247044587761, 5.609740103407446, 4.1696343598023615, 3.5625, 8.050621094052309, 6.429640563653445, 5.220818369225695, 4.75, 7.1077486108868655, 8.803630288125461, 7.350624737243616, 6.320470765255104, 5.9375, 7.930854568967716, 8.217200730240615, 9.281197390423285, 7.916337712463876, 6.970299092897266, 6.625, 9.644460845480166, 8.339268719604723, 7.447151767249305, 7.125, 7.142522313580827], [5.0625, 5.506664207525682, 6.6638340336309225, 8.238865592422297, 3.5625, 4.169634359802361, 5.609740103407446, 7.412247044587761, 3.484354315397415, 2.375, 3.214820281826722, 4.941498029725174, 6.920305267833204, 1.1875, 2.470749014862587, 4.493098488546381, 6.607583238219553, 0.0, 2.1666666666666665, 4.333333333333333, 6.5, 1.1875, 2.470749014862587, 4.493098488546381, 6.607583238219553, 3.013617485714554, 2.375, 3.214820281826722, 4.941498029725174, 6.920305267833204, 3.5625, 4.169634359802361, 5.609740103407446, 7.412247044587761, 4.210861582201886, 4.75, 5.220818369225695, 6.429640563653444, 8.050621094052309, 4.959691223302772, 5.091458759975259, 5.4375, 5.853276919337103, 6.952998204212178, 8.474456103491244, 5.9375, 6.320470765255104, 7.350624737243615, 8.803630288125461, 9.178992659872868], [5.506664207525682, 5.0625, 5.506664207525682, 6.663834033630923, 4.169634359802361, 3.5625, 4.169634359802361, 5.609740103407446, 3.0329554204585145, 3.214820281826722, 2.375, 3.214820281826722, 4.9414980297251745, 2.470749014862587, 1.1875, 2.470749014862587, 4.493098488546382, 2.1666666666666665, 0.0, 2.1666666666666665, 4.333333333333334, 2.470749014862587, 1.1875, 2.470749014862587, 4.493098488546382, 2.0525044455237036, 3.214820281826722, 2.375, 3.214820281826722, 4.9414980297251745, 4.169634359802361, 3.5625, 4.169634359802361, 5.609740103407446, 3.9626889368749887, 5.220818369225695, 4.75, 5.220818369225695, 6.429640563653445, 4.869742251015396, 5.09798248375794, 5.853276919337103, 5.4375, 5.853276919337103, 6.952998204212179, 6.320470765255104, 5.9375, 6.320470765255104, 7.350624737243616, 7.6560444983758495], [6.6638340336309225, 5.506664207525682, 5.0625, 5.506664207525682, 5.609740103407446, 4.169634359802361, 3.5625, 4.1696343598023615, 3.955477349023461, 4.941498029725174, 3.214820281826722, 2.375, 3.2148202818267224, 4.493098488546381, 2.470749014862587, 1.1875, 2.4707490148625872, 4.333333333333333, 2.1666666666666665, 0.0, 2.166666666666667, 4.493098488546381, 2.470749014862587, 1.1875, 2.4707490148625872, 2.955088414324267, 4.941498029725174, 3.214820281826722, 2.375, 3.2148202818267224, 5.609740103407446, 4.169634359802361, 3.5625, 4.1696343598023615, 4.802430722591214, 6.429640563653444, 5.220818369225695, 4.75, 5.220818369225695, 5.676189834830344, 5.9535525019744, 6.952998204212178, 5.853276919337103, 5.4375, 5.853276919337103, 7.350624737243615, 6.320470765255104, 5.9375, 6.320470765255104, 6.5088414761085644], [8.238865592422297, 6.663834033630923, 5.506664207525682, 5.0625, 7.412247044587761, 5.609740103407446, 4.1696343598023615, 3.5625, 5.610853092327008, 6.920305267833204, 4.9414980297251745, 3.2148202818267224, 2.375, 6.607583238219553, 4.493098488546382, 2.4707490148625872, 1.1875, 6.5, 4.333333333333334, 2.166666666666667, 0.0, 6.607583238219553, 4.493098488546382, 2.4707490148625872, 1.1875, 4.758277993449033, 6.920305267833204, 4.9414980297251745, 3.2148202818267224, 2.375, 7.412247044587761, 5.609740103407446, 4.1696343598023615, 3.5625, 6.3097279631560514, 8.050621094052309, 6.429640563653445, 5.220818369225695, 4.75, 7.079036755069652, 7.368109545311971, 8.474456103491244, 6.952998204212179, 5.853276919337103, 5.4375, 8.803630288125461, 7.350624737243616, 6.320470765255104, 5.9375, 5.958515440107544], [6.25, 6.6149032074887115, 7.605279598921908, 9.017344398435716, 4.75, 5.220818369225695, 6.429640563653444, 8.050621094052309, 4.548606610903587, 3.5625, 4.169634359802361, 5.609740103407446, 7.412247044587761, 2.375, 3.214820281826722, 4.941498029725174, 6.920305267833204, 1.1875, 2.470749014862587, 4.493098488546381, 6.607583238219553, 0.0, 2.1666666666666665, 4.333333333333333, 6.5, 2.3702929520236187, 1.1875, 2.470749014862587, 4.493098488546381, 6.607583238219553, 2.375, 3.214820281826722, 4.941498029725174, 6.920305267833204, 3.1375538908412417, 3.5625, 4.169634359802361, 5.609740103407446, 7.412247044587761, 3.825330928954711, 3.938262971816291, 4.25, 4.77042392712057, 6.069619244876714, 7.766112283504533, 4.75, 5.220818369225695, 6.429640563653444, 8.050621094052309, 8.459462157844316], [6.6149032074887115, 6.25, 6.6149032074887115, 7.605279598921909, 5.220818369225695, 4.75, 5.220818369225695, 6.429640563653445, 4.212827517002792, 4.169634359802361, 3.5625, 4.169634359802361, 5.609740103407446, 3.214820281826722, 2.375, 3.214820281826722, 4.9414980297251745, 2.470749014862587, 1.1875, 2.470749014862587, 4.493098488546382, 2.1666666666666665, 0.0, 2.1666666666666665, 4.333333333333334, 0.8655477035397281, 2.470749014862587, 1.1875, 2.470749014862587, 4.493098488546382, 3.214820281826722, 2.375, 3.214820281826722, 4.9414980297251745, 2.79567393733616, 4.169634359802361, 3.5625, 4.169634359802361, 5.609740103407446, 3.7079656520571302, 3.946693341945033, 4.77042392712057, 4.25, 4.77042392712057, 6.069619244876715, 5.220818369225695, 4.75, 5.220818369225695, 6.429640563653445, 6.776696179637325], [7.605279598921908, 6.6149032074887115, 6.25, 6.6149032074887115, 6.429640563653444, 5.220818369225695, 4.75, 5.220818369225695, 4.918830975360395, 5.609740103407446, 4.169634359802361, 3.5625, 4.1696343598023615, 4.941498029725174, 3.214820281826722, 2.375, 3.2148202818267224, 4.493098488546381, 2.470749014862587, 1.1875, 2.4707490148625872, 4.333333333333333, 2.1666666666666665, 0.0, 2.166666666666667, 2.29541845088904, 4.493098488546381, 2.470749014862587, 1.1875, 2.4707490148625872, 4.941498029725174, 3.214820281826722, 2.375, 3.2148202818267224, 3.8956681068537153, 5.609740103407446, 4.169634359802361, 3.5625, 4.1696343598023615, 4.717388125492993, 5.003174024998142, 6.069619244876714, 4.77042392712057, 4.25, 4.770423927120571, 6.429640563653444, 5.220818369225695, 4.75, 5.220818369225695, 5.4473489984680725], [9.017344398435716, 7.605279598921909, 6.6149032074887115, 6.25, 8.050621094052309, 6.429640563653445, 5.220818369225695, 4.75, 6.326987397585266, 7.412247044587761, 5.609740103407446, 4.1696343598023615, 3.5625, 6.920305267833204, 4.9414980297251745, 3.2148202818267224, 2.375, 6.607583238219553, 4.493098488546382, 2.4707490148625872, 1.1875, 6.5, 4.333333333333334, 2.166666666666667, 0.0, 4.379224565051406, 6.607583238219553, 4.493098488546382, 2.4707490148625872, 1.1875, 6.920305267833204, 4.9414980297251745, 3.2148202818267224, 2.375, 5.65027044684612, 7.412247044587761, 5.609740103407446, 4.1696343598023615, 3.5625, 6.336196103746949, 6.623896225211251, 7.766112283504533, 6.069619244876715, 4.770423927120571, 4.25, 8.050621094052309, 6.429640563653445, 5.220818369225695, 4.75, 4.7762432936357], [7.449053373518469, 7.114722785198095, 7.425567543817502, 8.30949548855186, 6.032791258246841, 5.614753290596976, 6.003767779640424, 7.067806553543776, 5.077493482100089, 4.946719235391053, 4.42729210042413, 4.911281745130984, 6.166794167679402, 3.919924045437128, 3.2398593597077996, 3.875107960852856, 5.3782082178670825, 3.013617485714554, 2.0525044455237036, 2.955088414324267, 4.758277993449033, 2.3702929520236187, 0.8655477035397281, 2.29541845088904, 4.379224565051406, 0.0, 2.230470691719838, 0.32539768793159596, 2.1507339893371684, 4.305150243529024, 2.6743266133420396, 1.5109291788563617, 2.60819478204725, 4.550971538865777, 1.9745249034914767, 3.485593014543986, 2.698192508278068, 3.4351151144185597, 5.070372548025902, 2.887920285026013, 3.1399383706888457, 4.041239363103266, 3.3856313648395546, 3.9977834829020304, 5.467260255615433, 4.468445701946726, 3.8856004864031277, 4.429183240453613, 5.790192233767633, 6.170036519431356], [7.4375, 7.746667070065968, 8.60779786169365, 9.877570867880422, 5.9375, 6.320470765255104, 7.350624737243615, 8.803630288125461, 5.6620872217127705, 4.75, 5.220818369225695, 6.429640563653444, 8.050621094052309, 3.5625, 4.169634359802361, 5.609740103407446, 7.412247044587761, 2.375, 3.214820281826722, 4.941498029725174, 6.920305267833204, 1.1875, 2.470749014862587, 4.493098488546381, 6.607583238219553, 2.230470691719838, 0.0, 2.1666666666666665, 4.333333333333333, 6.5, 1.1875, 2.470749014862587, 4.493098488546381, 6.607583238219553, 2.1857369629949197, 2.375, 3.214820281826722, 4.941498029725174, 6.920305267833204, 2.7364372643144, 2.813750284909761, 3.0625, 3.7514464802852303, 5.30628721685679, 7.185325758098933, 3.5625, 4.169634359802361, 5.609740103407446, 7.412247044587761, 7.854387706880785], [7.746667070065968, 7.4375, 7.746667070065968, 8.607797861693651, 6.320470765255104, 5.9375, 6.320470765255104, 7.350624737243616, 5.3960471915600525, 5.220818369225695, 4.75, 5.220818369225695, 6.429640563653445, 4.169634359802361, 3.5625, 4.169634359802361, 5.609740103407446, 3.214820281826722, 2.375, 3.214820281826722, 4.9414980297251745, 2.470749014862587, 1.1875, 2.470749014862587, 4.493098488546382, 0.32539768793159596, 2.1666666666666665, 0.0, 2.1666666666666665, 4.333333333333334, 2.470749014862587, 1.1875, 2.470749014862587, 4.493098488546382, 1.6580091728847313, 3.214820281826722, 2.375, 3.214820281826722, 4.9414980297251745, 2.5698135073087354, 2.8255377835031212, 3.7514464802852303, 3.0625, 3.7514464802852303, 5.3062872168567905, 4.169634359802361, 3.5625, 4.169634359802361, 5.609740103407446, 6.004374851815226], [8.60779786169365, 7.746667070065968, 7.4375, 7.746667070065968, 7.350624737243615, 6.320470765255104, 5.9375, 6.320470765255104, 5.963581790307911, 6.429640563653444, 5.220818369225695, 4.75, 5.220818369225695, 5.609740103407446, 4.169634359802361, 3.5625, 4.1696343598023615, 4.941498029725174, 3.214820281826722, 2.375, 3.2148202818267224, 4.493098488546381, 2.470749014862587, 1.1875, 2.4707490148625872, 2.1507339893371684, 4.333333333333333, 2.1666666666666665, 0.0, 2.166666666666667, 4.493098488546381, 2.470749014862587, 1.1875, 2.4707490148625872, 3.179533244397116, 4.941498029725174, 3.214820281826722, 2.375, 3.2148202818267224, 3.8869889261552135, 4.176005957259471, 5.30628721685679, 3.7514464802852303, 3.0625, 3.7514464802852308, 5.609740103407446, 4.169634359802361, 3.5625, 4.1696343598023615, 4.4500019506862145], [9.877570867880422, 8.607797861693651, 7.746667070065968, 7.4375, 8.803630288125461, 7.350624737243616, 6.320470765255104, 5.9375, 7.169391824606184, 8.050621094052309, 6.429640563653445, 5.220818369225695, 4.75, 7.412247044587761, 5.609740103407446, 4.1696343598023615, 3.5625, 6.920305267833204, 4.9414980297251745, 3.2148202818267224, 2.375, 6.607583238219553, 4.493098488546382, 2.4707490148625872, 1.1875, 4.305150243529024, 6.5, 4.333333333333334, 2.166666666666667, 0.0, 6.607583238219553, 4.493098488546382, 2.4707490148625872, 1.1875, 5.182543562380531, 6.920305267833204, 4.9414980297251745, 3.2148202818267224, 2.375, 5.7447639856350055, 6.023560129443246, 7.185325758098933, 5.3062872168567905, 3.7514464802852308, 3.0625, 7.412247044587761, 5.609740103407446, 4.1696343598023615, 3.5625, 3.59741660778954], [8.625, 8.892978659844205, 9.652378089247113, 10.800028935146424, 7.125, 7.447151767249305, 8.339268719604721, 9.644460845480166, 6.800658336647287, 5.9375, 6.320470765255104, 7.350624737243615, 8.803630288125461, 4.75, 5.220818369225695, 6.429640563653444, 8.050621094052309, 3.5625, 4.169634359802361, 5.609740103407446, 7.412247044587761, 2.375, 3.214820281826722, 4.941498029725174, 6.920305267833204, 2.6743266133420396, 1.1875, 2.470749014862587, 4.493098488546381, 6.607583238219553, 0.0, 2.1666666666666665, 4.333333333333333, 6.5, 1.590899187526192, 1.1875, 2.470749014862587, 4.493098488546381, 6.607583238219553, 1.7785762809166896, 1.7733523610608912, 1.875, 2.8653218744923654, 4.721589009833212, 6.7650295638674045, 2.375, 3.214820281826722, 4.941498029725174, 6.920305267833204, 7.391929720986259], [8.892978659844205, 8.625, 8.892978659844205, 9.652378089247115, 7.447151767249305, 7.125, 7.447151767249305, 8.339268719604723, 6.580809023142242, 6.320470765255104, 5.9375, 6.320470765255104, 7.350624737243616, 5.220818369225695, 4.75, 5.220818369225695, 6.429640563653445, 4.169634359802361, 3.5625, 4.169634359802361, 5.609740103407446, 3.214820281826722, 2.375, 3.214820281826722, 4.9414980297251745, 1.5109291788563617, 2.470749014862587, 1.1875, 2.470749014862587, 4.493098488546382, 2.1666666666666665, 0.0, 2.1666666666666665, 4.333333333333334, 0.7088783893159335, 2.470749014862587, 1.1875, 2.470749014862587, 4.493098488546382, 1.509697369626572, 1.7919965671435334, 2.8653218744923654, 1.875, 2.8653218744923654, 4.721589009833213, 3.214820281826722, 2.375, 3.214820281826722, 4.9414980297251745, 5.385325998592018], [9.652378089247113, 8.892978659844205, 8.625, 8.892978659844205, 8.339268719604721, 7.447151767249305, 7.125, 7.447151767249305, 7.053653654328325, 7.350624737243615, 6.320470765255104, 5.9375, 6.320470765255104, 6.429640563653444, 5.220818369225695, 4.75, 5.220818369225695, 5.609740103407446, 4.169634359802361, 3.5625, 4.1696343598023615, 4.941498029725174, 3.214820281826722, 2.375, 3.2148202818267224, 2.60819478204725, 4.493098488546381, 2.470749014862587, 1.1875, 2.4707490148625872, 4.333333333333333, 2.1666666666666665, 0.0, 2.166666666666667, 2.8040944716067777, 4.493098488546381, 2.470749014862587, 1.1875, 2.4707490148625872, 3.28388909641666, 3.559018640821802, 4.721589009833212, 2.8653218744923654, 1.875, 2.865321874492366, 4.941498029725174, 3.214820281826722, 2.375, 3.2148202818267224, 3.570957310177638], [10.800028935146424, 9.652378089247115, 8.892978659844205, 8.625, 9.644460845480166, 8.339268719604723, 7.447151767249305, 7.125, 8.098759240788505, 8.803630288125461, 7.350624737243616, 6.320470765255104, 5.9375, 8.050621094052309, 6.429640563653445, 5.220818369225695, 4.75, 7.412247044587761, 5.609740103407446, 4.1696343598023615, 3.5625, 6.920305267833204, 4.9414980297251745, 3.2148202818267224, 2.375, 4.550971538865777, 6.607583238219553, 4.493098488546382, 2.4707490148625872, 1.1875, 6.5, 4.333333333333334, 2.166666666666667, 0.0, 4.961075682696357, 6.607583238219553, 4.493098488546382, 2.4707490148625872, 1.1875, 5.35514312938132, 5.613453888976805, 6.7650295638674045, 4.721589009833213, 2.865321874492366, 1.875, 6.920305267833204, 4.9414980297251745, 3.2148202818267224, 2.375, 2.42706097986845], [9.110212902919226, 8.998195790406186, 9.398295841126739, 10.250721479051393, 7.6363972398020294, 7.502407023750691, 7.977878689531463, 8.966374658055823, 6.923718287294559, 6.4781567175798775, 6.3196568580495684, 6.877390496281965, 8.002988576906438, 5.332802134993809, 5.139097873845388, 5.8112618416157025, 7.1077486108868655, 4.210861582201886, 3.9626889368749887, 4.802430722591214, 6.3097279631560514, 3.1375538908412417, 2.79567393733616, 3.8956681068537153, 5.65027044684612, 1.9745249034914767, 2.1857369629949197, 1.6580091728847313, 3.179533244397116, 5.182543562380531, 1.590899187526192, 0.7088783893159335, 2.8040944716067777, 4.961075682696357, 0.0, 1.7620405438981077, 1.0374657701863679, 2.9046122734652444, 5.018575353913735, 0.9140374861637849, 1.168268962814517, 2.173951427538485, 1.6424412182066885, 3.1714429507908246, 5.177584042182826, 2.5492991256049145, 2.114349634705111, 3.4396092238267673, 5.346048796670267, 5.811953215158624], [9.8125, 10.048860666485751, 10.726739207596024, 11.77009584710337, 8.3125, 8.590232866136077, 9.374189779803787, 10.552139889614807, 7.953551937174829, 7.125, 7.447151767249305, 8.339268719604721, 9.644460845480166, 5.9375, 6.320470765255104, 7.350624737243615, 8.803630288125461, 4.75, 5.220818369225695, 6.429640563653444, 8.050621094052309, 3.5625, 4.169634359802361, 5.609740103407446, 7.412247044587761, 3.485593014543986, 2.375, 3.214820281826722, 4.941498029725174, 6.920305267833204, 1.1875, 2.470749014862587, 4.493098488546381, 6.607583238219553, 1.7620405438981077, 0.0, 2.1666666666666665, 4.333333333333333, 6.5, 1.287979337004445, 1.0920984512079097, 0.6875, 2.273125754208166, 4.387531655473015, 6.53625705201379, 1.1875, 2.470749014862587, 4.493098488546381, 6.607583238219553, 7.1000110035126], [10.048860666485751, 9.8125, 10.048860666485751, 10.726739207596024, 8.590232866136077, 8.3125, 8.590232866136077, 9.374189779803787, 7.766407277795672, 7.447151767249305, 7.125, 7.447151767249305, 8.339268719604723, 6.320470765255104, 5.9375, 6.320470765255104, 7.350624737243616, 5.220818369225695, 4.75, 5.220818369225695, 6.429640563653445, 4.169634359802361, 3.5625, 4.169634359802361, 5.609740103407446, 2.698192508278068, 3.214820281826722, 2.375, 3.214820281826722, 4.9414980297251745, 2.470749014862587, 1.1875, 2.470749014862587, 4.493098488546382, 1.0374657701863679, 2.1666666666666665, 0.0, 2.1666666666666665, 4.333333333333334, 0.8801950541603586, 1.1221194799595475, 2.273125754208166, 0.6875, 2.273125754208166, 4.3875316554730155, 2.470749014862587, 1.1875, 2.470749014862587, 4.493098488546382, 4.977074176774053], [10.726739207596024, 10.048860666485751, 9.8125, 10.048860666485751, 9.374189779803787, 8.590232866136077, 8.3125, 8.590232866136077, 8.170928006092488, 8.339268719604721, 7.447151767249305, 7.125, 7.447151767249305, 7.350624737243615, 6.320470765255104, 5.9375, 6.320470765255104, 6.429640563653444, 5.220818369225695, 4.75, 5.220818369225695, 5.609740103407446, 4.169634359802361, 3.5625, 4.1696343598023615, 3.4351151144185597, 4.941498029725174, 3.214820281826722, 2.375, 3.2148202818267224, 4.493098488546381, 2.470749014862587, 1.1875, 2.4707490148625872, 2.9046122734652444, 4.333333333333333, 2.1666666666666665, 0.0, 2.166666666666667, 3.0462246770511188, 3.273303242348246, 4.387531655473015, 2.273125754208166, 0.6875, 2.2731257542081664, 4.493098488546381, 2.470749014862587, 1.1875, 2.4707490148625872, 2.9191209911737324], [11.77009584710337, 10.726739207596024, 10.048860666485751, 9.8125, 10.552139889614807, 9.374189779803787, 8.590232866136077, 8.3125, 9.088450684565794, 9.644460845480166, 8.339268719604723, 7.447151767249305, 7.125, 8.803630288125461, 7.350624737243616, 6.320470765255104, 5.9375, 8.050621094052309, 6.429640563653445, 5.220818369225695, 4.75, 7.412247044587761, 5.609740103407446, 4.1696343598023615, 3.5625, 5.070372548025902, 6.920305267833204, 4.9414980297251745, 3.2148202818267224, 2.375, 6.607583238219553, 4.493098488546382, 2.4707490148625872, 1.1875, 5.018575353913735, 6.5, 4.333333333333334, 2.166666666666667, 0.0, 5.212783816893898, 5.43679731039509, 6.53625705201379, 4.3875316554730155, 2.2731257542081664, 0.6875, 6.607583238219553, 4.493098488546382, 2.4707490148625872, 1.1875, 1.288470508005519], [9.935952485407505, 9.891360086110177, 10.312310400817092, 11.14618213297253, 8.450831496011126, 8.398357311688494, 8.89028385286423, 9.84534292562195, 7.810019333791773, 7.279439206387028, 7.218454662897216, 7.785295702156046, 8.860274234390554, 6.114264456579841, 6.04152980674709, 6.708563471826167, 7.930854568967716, 4.959691223302772, 4.869742251015396, 5.676189834830344, 7.079036755069652, 3.825330928954711, 3.7079656520571302, 4.717388125492993, 6.336196103746949, 2.887920285026013, 2.7364372643144, 2.5698135073087354, 3.8869889261552135, 5.7447639856350055, 1.7785762809166896, 1.509697369626572, 3.28388909641666, 5.35514312938132, 0.9140374861637849, 1.287979337004445, 0.8801950541603586, 3.0462246770511188, 5.212783816893898, 0.0, 0.28922708857761276, 1.4411662167016064, 1.0921596151570376, 3.1140896060786054, 5.252731138491911, 1.724749389929266, 1.4458952309483983, 3.2550506092204095, 5.3375073589815205, 5.826801648367819], [10.097326304270533, 10.100617386827777, 10.55830637858887, 11.415869851312348, 8.607202711251627, 8.611063326485954, 9.143619283512093, 10.1217599497205, 8.014183006893127, 7.430340768984141, 7.434812508960923, 8.045607437133922, 9.141993760138782, 6.25749965032986, 6.26280887254691, 6.976971904996835, 8.217200730240615, 5.091458759975259, 5.09798248375794, 5.9535525019744, 7.368109545311971, 3.938262971816291, 3.946693341945033, 5.003174024998142, 6.623896225211251, 3.1399383706888457, 2.813750284909761, 2.8255377835031212, 4.176005957259471, 6.023560129443246, 1.7733523610608912, 1.7919965671435334, 3.559018640821802, 5.613453888976805, 1.168268962814517, 1.0920984512079097, 1.1221194799595475, 3.273303242348246, 5.43679731039509, 0.28922708857761276, 0.0, 1.1625741346511795, 1.190819767527357, 3.2974859677937625, 5.45139106886935, 1.4355807040292763, 1.4585489563107448, 3.403340571705691, 5.516065438786034, 6.009075181575816], [10.5, 10.721214690716927, 11.359039474259157, 12.349089035228468, 9.0, 9.257129384665877, 9.988882709181132, 11.10180165558726, 8.625309599600383, 7.8125, 8.107379397465277, 8.933808483943327, 10.162930495186908, 6.625, 6.970299092897266, 7.916337712463875, 9.281197390423285, 5.4375, 5.853276919337103, 6.952998204212178, 8.474456103491244, 4.25, 4.77042392712057, 6.069619244876714, 7.766112283504533, 4.041239363103266, 3.0625, 3.7514464802852303, 5.30628721685679, 7.185325758098933, 1.875, 2.8653218744923654, 4.721589009833212, 6.7650295638674045, 2.173951427538485, 0.6875, 2.273125754208166, 4.387531655473015, 6.53625705201379, 1.4411662167016064, 1.1625741346511795, 0.0, 2.1666666666666665, 4.333333333333333, 6.5, 0.5, 2.223610677354389, 4.362084109434133, 6.519202405202649, 7.0178344238090995], [10.721214690716927, 10.5, 10.721214690716927, 11.359039474259157, 9.257129384665877, 9.0, 9.257129384665877, 9.988882709181132, 8.453050294196682, 8.107379397465277, 7.8125, 8.107379397465277, 8.933808483943329, 6.970299092897266, 6.625, 6.970299092897266, 7.916337712463876, 5.853276919337103, 5.4375, 5.853276919337103, 6.952998204212179, 4.77042392712057, 4.25, 4.77042392712057, 6.069619244876715, 3.3856313648395546, 3.7514464802852303, 3.0625, 3.7514464802852303, 5.3062872168567905, 2.8653218744923654, 1.875, 2.8653218744923654, 4.721589009833213, 1.6424412182066885, 2.273125754208166, 0.6875, 2.273125754208166, 4.3875316554730155, 1.0921596151570376, 1.190819767527357, 2.1666666666666665, 0.0, 2.1666666666666665, 4.333333333333334, 2.223610677354389, 0.5, 2.223610677354389, 4.362084109434134, 4.859126579037751], [11.359039474259157, 10.721214690716927, 10.5, 10.721214690716927, 9.988882709181132, 9.257129384665877, 9.0, 9.257129384665877, 8.826156680705799, 8.933808483943327, 8.107379397465277, 7.8125, 8.107379397465277, 7.916337712463875, 6.970299092897266, 6.625, 6.970299092897266, 6.952998204212178, 5.853276919337103, 5.4375, 5.853276919337103, 6.069619244876714, 4.77042392712057, 4.25, 4.770423927120571, 3.9977834829020304, 5.30628721685679, 3.7514464802852303, 3.0625, 3.7514464802852308, 4.721589009833212, 2.8653218744923654, 1.875, 2.865321874492366, 3.1714429507908246, 4.387531655473015, 2.273125754208166, 0.6875, 2.2731257542081664, 3.1140896060786054, 3.2974859677937625, 4.333333333333333, 2.1666666666666665, 0.0, 2.166666666666667, 4.362084109434133, 2.223610677354389, 0.5, 2.2236106773543893, 2.713136766016618], [12.349089035228468, 11.359039474259157, 10.721214690716927, 10.5, 11.10180165558726, 9.988882709181132, 9.257129384665877, 9.0, 9.681782538221228, 10.162930495186908, 8.933808483943329, 8.107379397465277, 7.8125, 9.281197390423285, 7.916337712463876, 6.970299092897266, 6.625, 8.474456103491244, 6.952998204212179, 5.853276919337103, 5.4375, 7.766112283504533, 6.069619244876715, 4.770423927120571, 4.25, 5.467260255615433, 7.185325758098933, 5.3062872168567905, 3.7514464802852308, 3.0625, 6.7650295638674045, 4.721589009833213, 2.865321874492366, 1.875, 5.177584042182826, 6.53625705201379, 4.3875316554730155, 2.2731257542081664, 0.6875, 5.252731138491911, 5.45139106886935, 6.5, 4.333333333333334, 2.166666666666667, 0.0, 6.519202405202649, 4.362084109434134, 2.2236106773543893, 0.5, 0.7071067811865476], [11.0, 11.211353372561426, 11.8227652339788, 12.776932339180638, 9.5, 9.74394398816231, 10.44163673845139, 11.510864433221338, 9.115335184339889, 8.3125, 8.590232866136077, 9.374189779803787, 10.552139889614807, 7.125, 7.447151767249305, 8.339268719604721, 9.644460845480166, 5.9375, 6.320470765255104, 7.350624737243615, 8.803630288125461, 4.75, 5.220818369225695, 6.429640563653444, 8.050621094052309, 4.468445701946726, 3.5625, 4.169634359802361, 5.609740103407446, 7.412247044587761, 2.375, 3.214820281826722, 4.941498029725174, 6.920305267833204, 2.5492991256049145, 1.1875, 2.470749014862587, 4.493098488546381, 6.607583238219553, 1.724749389929266, 1.4355807040292763, 0.5, 2.223610677354389, 4.362084109434133, 6.519202405202649, 0.0, 2.1666666666666665, 4.333333333333333, 6.5, 7.0], [11.211353372561426, 11.0, 11.211353372561426, 11.8227652339788, 9.74394398816231, 9.5, 9.74394398816231, 10.44163673845139, 8.952509654288278, 8.590232866136077, 8.3125, 8.590232866136077, 9.374189779803787, 7.447151767249305, 7.125, 7.447151767249305, 8.339268719604723, 6.320470765255104, 5.9375, 6.320470765255104, 7.350624737243616, 5.220818369225695, 4.75, 5.220818369225695, 6.429640563653445, 3.8856004864031277, 4.169634359802361, 3.5625, 4.169634359802361, 5.609740103407446, 3.214820281826722, 2.375, 3.214820281826722, 4.9414980297251745, 2.114349634705111, 2.470749014862587, 1.1875, 2.470749014862587, 4.493098488546382, 1.4458952309483983, 1.4585489563107448, 2.223610677354389, 0.5, 2.223610677354389, 4.362084109434134, 2.1666666666666665, 0.0, 2.1666666666666665, 4.333333333333334, 4.833333333333334], [11.8227652339788, 11.211353372561426, 11.0, 11.211353372561426, 10.44163673845139, 9.74394398816231, 9.5, 9.74394398816231, 9.305611832989477, 9.374189779803787, 8.590232866136077, 8.3125, 8.590232866136077, 8.339268719604721, 7.447151767249305, 7.125, 7.447151767249305, 7.350624737243615, 6.320470765255104, 5.9375, 6.320470765255104, 6.429640563653444, 5.220818369225695, 4.75, 5.220818369225695, 4.429183240453613, 5.609740103407446, 4.169634359802361, 3.5625, 4.1696343598023615, 4.941498029725174, 3.214820281826722, 2.375, 3.2148202818267224, 3.4396092238267673, 4.493098488546381, 2.470749014862587, 1.1875, 2.4707490148625872, 3.2550506092204095, 3.403340571705691, 4.362084109434133, 2.223610677354389, 0.5, 2.2236106773543893, 4.333333333333333, 2.166666666666