totalHoles = 50;
zeroHoleID = 5;
C = [[0.0, 1.5, 3.0, 4.5, 0.75, 1.6770509831248424, 3.092329219213245, 4.562071897723665, 1.5, 2.1213203435596424, 3.3541019662496847, 4.743416490252569, 2.25, 2.704163456597992, 3.75, 5.031152949374527, 3.0, 3.3541019662496847, 4.242640687119285, 5.408326913195984, 3.75, 4.038873605350878, 4.802343178074636, 5.8576872569299905, 4.5, 4.743416490252569, 5.408326913195984, 6.363961030678928, 8.996341988850057, 5.25, 5.460082416960389, 6.046693311223912, 6.914658342969665, 6.0, 6.18465843842649, 6.708203932499369, 7.5, 6.75, 6.914658342969665, 7.386643351347079, 8.112490369793976, 6.854286680125923, 7.5, 7.648529270389178, 8.077747210701755, 8.74642784226795, 8.0, 10.33456818067785, 11.434353059420866, 14.612527510827707], [1.5, 0.0, 1.5, 3.0, 1.6770509831248424, 0.75, 1.6770509831248424, 3.092329219213245, 2.1213203435596424, 1.5, 2.1213203435596424, 3.3541019662496847, 2.704163456597992, 2.25, 2.704163456597992, 3.75, 3.3541019662496847, 3.0, 3.3541019662496847, 4.242640687119285, 4.038873605350878, 3.75, 4.038873605350878, 4.802343178074636, 4.743416490252569, 4.5, 4.743416490252569, 5.408326913195984, 7.778684255325399, 5.460082416960389, 5.25, 5.460082416960389, 6.046693311223912, 6.18465843842649, 6.0, 6.18465843842649, 6.708203932499369, 6.914658342969665, 6.75, 6.914658342969665, 7.386643351347079, 6.9123203784894205, 7.648529270389178, 7.5, 7.648529270389178, 8.077747210701755, 8.139410298049853, 10.04135369258227, 11.391606996242585, 14.251044992521685], [3.0, 1.5, 0.0, 1.5, 3.092329219213245, 1.6770509831248424, 0.75, 1.6770509831248424, 3.3541019662496847, 2.1213203435596424, 1.5, 2.1213203435596424, 3.75, 2.704163456597992, 2.25, 2.704163456597992, 4.242640687119285, 3.3541019662496847, 3.0, 3.3541019662496847, 4.802343178074636, 4.038873605350878, 3.75, 4.038873605350878, 5.408326913195984, 4.743416490252569, 4.5, 4.743416490252569, 6.67695202227393, 6.046693311223912, 5.460082416960389, 5.25, 5.460082416960389, 6.708203932499369, 6.18465843842649, 6.0, 6.18465843842649, 7.386643351347079, 6.914658342969665, 6.75, 6.914658342969665, 7.285540483478806, 8.077747210701755, 7.648529270389178, 7.5, 7.648529270389178, 8.54400374531753, 9.967661133786205, 11.545258335186729, 14.041317833560289], [4.5, 3.0, 1.5, 0.0, 4.562071897723665, 3.092329219213245, 1.6770509831248424, 0.75, 4.743416490252569, 3.3541019662496847, 2.1213203435596424, 1.5, 5.031152949374527, 3.75, 2.704163456597992, 2.25, 5.408326913195984, 4.242640687119285, 3.3541019662496847, 3.0, 5.8576872569299905, 4.802343178074636, 4.038873605350878, 3.75, 6.363961030678928, 5.408326913195984, 4.743416490252569, 4.5, 5.758076751090471, 6.914658342969665, 6.046693311223912, 5.460082416960389, 5.25, 7.5, 6.708203932499369, 6.18465843842649, 6.0, 8.112490369793976, 7.386643351347079, 6.914658342969665, 6.75, 7.9295666500721875, 8.74642784226795, 8.077747210701755, 7.648529270389178, 7.5, 9.17877987534291, 10.118288045734248, 11.887694061320484, 13.990172608915124], [0.75, 1.6770509831248424, 3.092329219213245, 4.562071897723665, 0.0, 1.5, 3.0, 4.5, 0.75, 1.6770509831248424, 3.092329219213245, 4.562071897723665, 1.5, 2.1213203435596424, 3.3541019662496847, 4.743416490252569, 2.25, 2.704163456597992, 3.75, 5.031152949374527, 3.0, 3.3541019662496847, 4.242640687119285, 5.408326913195984, 3.75, 4.038873605350878, 4.802343178074636, 5.8576872569299905, 8.612720654180595, 4.5, 4.743416490252569, 5.408326913195984, 6.363961030678928, 5.25, 5.460082416960389, 6.046693311223912, 6.914658342969665, 6.0, 6.18465843842649, 6.708203932499369, 7.5, 6.10638579904669, 6.75, 6.914658342969665, 7.386643351347079, 8.112490369793976, 7.25, 9.613497612914593, 10.687909153703016, 13.896300625390328], [1.6770509831248424, 0.75, 1.6770509831248424, 3.092329219213245, 1.5, 0.0, 1.5, 3.0, 1.6770509831248424, 0.75, 1.6770509831248424, 3.092329219213245, 2.1213203435596424, 1.5, 2.1213203435596424, 3.3541019662496847, 2.704163456597992, 2.25, 2.704163456597992, 3.75, 3.3541019662496847, 3.0, 3.3541019662496847, 4.242640687119285, 4.038873605350878, 3.75, 4.038873605350878, 4.802343178074636, 7.33162441963919, 4.743416490252569, 4.5, 4.743416490252569, 5.408326913195984, 5.460082416960389, 5.25, 5.460082416960389, 6.046693311223912, 6.18465843842649, 6.0, 6.18465843842649, 6.708203932499369, 6.17145644465936, 6.914658342969665, 6.75, 6.914658342969665, 7.386643351347079, 7.403546447480424, 9.29757069626099, 10.642165294110233, 13.515675868982818], [3.092329219213245, 1.6770509831248424, 0.75, 1.6770509831248424, 3.0, 1.5, 0.0, 1.5, 3.092329219213245, 1.6770509831248424, 0.75, 1.6770509831248424, 3.3541019662496847, 2.1213203435596424, 1.5, 2.1213203435596424, 3.75, 2.704163456597992, 2.25, 2.704163456597992, 4.242640687119285, 3.3541019662496847, 3.0, 3.3541019662496847, 4.802343178074636, 4.038873605350878, 3.75, 4.038873605350878, 6.1503232593377035, 5.408326913195984, 4.743416490252569, 4.5, 4.743416490252569, 6.046693311223912, 5.460082416960389, 5.25, 5.460082416960389, 6.708203932499369, 6.18465843842649, 6.0, 6.18465843842649, 6.586789944263899, 7.386643351347079, 6.914658342969665, 6.75, 6.914658342969665, 7.846177413237608, 9.217933898137238, 10.806477789572329, 13.294352835681217], [4.562071897723665, 3.092329219213245, 1.6770509831248424, 0.75, 4.5, 3.0, 1.5, 0.0, 4.562071897723665, 3.092329219213245, 1.6770509831248424, 0.75, 4.743416490252569, 3.3541019662496847, 2.1213203435596424, 1.5, 5.031152949374527, 3.75, 2.704163456597992, 2.25, 5.408326913195984, 4.242640687119285, 3.3541019662496847, 3.0, 5.8576872569299905, 4.802343178074636, 4.038873605350878, 3.75, 5.1381159735890565, 6.363961030678928, 5.408326913195984, 4.743416490252569, 4.5, 6.914658342969665, 6.046693311223912, 5.460082416960389, 5.25, 7.5, 6.708203932499369, 6.18465843842649, 6.0, 7.292786085672915, 8.112490369793976, 7.386643351347079, 6.914658342969665, 6.75, 8.533024082938006, 9.380607115154332, 11.171581906152579, 13.240322520383181], [1.5, 2.1213203435596424, 3.3541019662496847, 4.743416490252569, 0.75, 1.6770509831248424, 3.092329219213245, 4.562071897723665, 0.0, 1.5, 3.0, 4.5, 0.75, 1.6770509831248424, 3.092329219213245, 4.562071897723665, 1.5, 2.1213203435596424, 3.3541019662496847, 4.743416490252569, 2.25, 2.704163456597992, 3.75, 5.031152949374527, 3.0, 3.3541019662496847, 4.242640687119285, 5.408326913195984, 8.279416945265616, 3.75, 4.038873605350878, 4.802343178074636, 5.8576872569299905, 4.5, 4.743416490252569, 5.408326913195984, 6.363961030678928, 5.25, 5.460082416960389, 6.046693311223912, 6.914658342969665, 5.359071669631459, 6.0, 6.18465843842649, 6.708203932499369, 7.5, 6.5, 8.897211542160278, 9.942000516401622, 13.18383031928698], [2.1213203435596424, 1.5, 2.1213203435596424, 3.3541019662496847, 1.6770509831248424, 0.75, 1.6770509831248424, 3.092329219213245, 1.5, 0.0, 1.5, 3.0, 1.6770509831248424, 0.75, 1.6770509831248424, 3.092329219213245, 2.1213203435596424, 1.5, 2.1213203435596424, 3.3541019662496847, 2.704163456597992, 2.25, 2.704163456597992, 3.75, 3.3541019662496847, 3.0, 3.3541019662496847, 4.242640687119285, 6.937038598512489, 4.038873605350878, 3.75, 4.038873605350878, 4.802343178074636, 4.743416490252569, 4.5, 4.743416490252569, 5.408326913195984, 5.460082416960389, 5.25, 5.460082416960389, 6.046693311223912, 5.433100061822438, 6.18465843842649, 6.0, 6.18465843842649, 6.708203932499369, 6.670832032063167, 8.55487333187386, 9.892808212913346, 12.782007080733896], [3.3541019662496847, 2.1213203435596424, 1.5, 2.1213203435596424, 3.092329219213245, 1.6770509831248424, 0.75, 1.6770509831248424, 3.0, 1.5, 0.0, 1.5, 3.092329219213245, 1.6770509831248424, 0.75, 1.6770509831248424, 3.3541019662496847, 2.1213203435596424, 1.5, 2.1213203435596424, 3.75, 2.704163456597992, 2.25, 2.704163456597992, 4.242640687119285, 3.3541019662496847, 3.0, 3.3541019662496847, 5.6741751894837344, 4.802343178074636, 4.038873605350878, 3.75, 4.038873605350878, 5.408326913195984, 4.743416490252569, 4.5, 4.743416490252569, 6.046693311223912, 5.460082416960389, 5.25, 5.460082416960389, 5.900635847373015, 6.708203932499369, 6.18465843842649, 6.0, 6.18465843842649, 7.158910531638177, 8.468254969169449, 10.06935620617532, 12.547749923237722], [4.743416490252569, 3.3541019662496847, 2.1213203435596424, 1.5, 4.562071897723665, 3.092329219213245, 1.6770509831248424, 0.75, 4.5, 3.0, 1.5, 0.0, 4.562071897723665, 3.092329219213245, 1.6770509831248424, 0.75, 4.743416490252569, 3.3541019662496847, 2.1213203435596424, 1.5, 5.031152949374527, 3.75, 2.704163456597992, 2.25, 5.408326913195984, 4.242640687119285, 3.3541019662496847, 3.0, 4.557414140129625, 5.8576872569299905, 4.802343178074636, 4.038873605350878, 3.75, 6.363961030678928, 5.408326913195984, 4.743416490252569, 4.5, 6.914658342969665, 6.046693311223912, 5.460082416960389, 5.25, 6.679553168051881, 7.5, 6.708203932499369, 6.18465843842649, 6.0, 7.905694150420948, 8.645046368951387, 10.460220574930391, 12.490490433137246], [2.25, 2.704163456597992, 3.75, 5.031152949374527, 1.5, 2.1213203435596424, 3.3541019662496847, 4.743416490252569, 0.75, 1.6770509831248424, 3.092329219213245, 4.562071897723665, 0.0, 1.5, 3.0, 4.5, 0.75, 1.6770509831248424, 3.092329219213245, 4.562071897723665, 1.5, 2.1213203435596424, 3.3541019662496847, 4.743416490252569, 2.25, 2.704163456597992, 3.75, 5.031152949374527, 8.002720339994012, 3.0, 3.3541019662496847, 4.242640687119285, 5.408326913195984, 3.75, 4.038873605350878, 4.802343178074636, 5.8576872569299905, 4.5, 4.743416490252569, 5.408326913195984, 6.363961030678928, 4.612629488013745, 5.25, 5.460082416960389, 6.046693311223912, 6.914658342969665, 5.75, 8.186965866448054, 9.196757388256554, 12.475760205465544], [2.704163456597992, 2.25, 2.704163456597992, 3.75, 2.1213203435596424, 1.5, 2.1213203435596424, 3.3541019662496847, 1.6770509831248424, 0.75, 1.6770509831248424, 3.092329219213245, 1.5, 0.0, 1.5, 3.0, 1.6770509831248424, 0.75, 1.6770509831248424, 3.092329219213245, 2.1213203435596424, 1.5, 2.1213203435596424, 3.3541019662496847, 2.704163456597992, 2.25, 2.704163456597992, 3.75, 6.6043389074043235, 3.3541019662496847, 3.0, 3.3541019662496847, 4.242640687119285, 4.038873605350878, 3.75, 4.038873605350878, 4.802343178074636, 4.743416490252569, 4.5, 4.743416490252569, 5.408326913195984, 4.698433559732693, 5.460082416960389, 5.25, 5.460082416960389, 6.046693311223912, 5.942432162002357, 7.813571180762485, 9.143556557915916, 12.050349199440591], [3.75, 2.704163456597992, 2.25, 2.704163456597992, 3.3541019662496847, 2.1213203435596424, 1.5, 2.1213203435596424, 3.092329219213245, 1.6770509831248424, 0.75, 1.6770509831248424, 3.0, 1.5, 0.0, 1.5, 3.092329219213245, 1.6770509831248424, 0.75, 1.6770509831248424, 3.3541019662496847, 2.1213203435596424, 1.5, 2.1213203435596424, 3.75, 2.704163456597992, 2.25, 2.704163456597992, 5.26222880228095, 4.242640687119285, 3.3541019662496847, 3.0, 3.3541019662496847, 4.802343178074636, 4.038873605350878, 3.75, 4.038873605350878, 5.408326913195984, 4.743416490252569, 4.5, 4.743416490252569, 5.232036413935867, 6.046693311223912, 5.460082416960389, 5.25, 5.460082416960389, 6.485560885536423, 7.718638422370784, 9.334286614260504, 11.801577816234543], [5.031152949374527, 3.75, 2.704163456597992, 2.25, 4.743416490252569, 3.3541019662496847, 2.1213203435596424, 1.5, 4.562071897723665, 3.092329219213245, 1.6770509831248424, 0.75, 4.5, 3.0, 1.5, 0.0, 4.562071897723665, 3.092329219213245, 1.6770509831248424, 0.75, 4.743416490252569, 3.3541019662496847, 2.1213203435596424, 1.5, 5.031152949374527, 3.75, 2.704163456597992, 2.25, 4.0329656000585805, 5.408326913195984, 4.242640687119285, 3.3541019662496847, 3.0, 5.8576872569299905, 4.802343178074636, 4.038873605350878, 3.75, 6.363961030678928, 5.408326913195984, 4.743416490252569, 4.5, 6.096977296847952, 6.914658342969665, 6.046693311223912, 5.460082416960389, 5.25, 7.301540933255117, 7.912197140728677, 9.754649489680215, 11.740679796196645], [3.0, 3.3541019662496847, 4.242640687119285, 5.408326913195984, 2.25, 2.704163456597992, 3.75, 5.031152949374527, 1.5, 2.1213203435596424, 3.3541019662496847, 4.743416490252569, 0.75, 1.6770509831248424, 3.092329219213245, 4.562071897723665, 0.0, 1.5, 3.0, 4.5, 0.75, 1.6770509831248424, 3.092329219213245, 4.562071897723665, 1.5, 2.1213203435596424, 3.3541019662496847, 4.743416490252569, 7.788666171223176, 2.25, 2.704163456597992, 3.75, 5.031152949374527, 3.0, 3.3541019662496847, 4.242640687119285, 5.408326913195984, 3.75, 4.038873605350878, 4.802343178074636, 5.8576872569299905, 3.867564146480493, 4.5, 4.743416490252569, 5.408326913195984, 6.363961030678928, 5.0, 7.484480407538056, 8.452355804672026, 11.772884248169804], [3.3541019662496847, 3.0, 3.3541019662496847, 4.242640687119285, 2.704163456597992, 2.25, 2.704163456597992, 3.75, 2.1213203435596424, 1.5, 2.1213203435596424, 3.3541019662496847, 1.6770509831248424, 0.75, 1.6770509831248424, 3.092329219213245, 1.5, 0.0, 1.5, 3.0, 1.6770509831248424, 0.75, 1.6770509831248424, 3.092329219213245, 2.1213203435596424, 1.5, 2.1213203435596424, 3.3541019662496847, 6.343270472749602, 2.704163456597992, 2.25, 2.704163456597992, 3.75, 3.3541019662496847, 3.0, 3.3541019662496847, 4.242640687119285, 4.038873605350878, 3.75, 4.038873605350878, 4.802343178074636, 3.969506209677704, 4.743416490252569, 4.5, 4.743416490252569, 5.408326913195984, 5.220153254455275, 7.074102873812165, 8.394438558839331, 11.321092113616315], [4.242640687119285, 3.3541019662496847, 3.0, 3.3541019662496847, 3.75, 2.704163456597992, 2.25, 2.704163456597992, 3.3541019662496847, 2.1213203435596424, 1.5, 2.1213203435596424, 3.092329219213245, 1.6770509831248424, 0.75, 1.6770509831248424, 3.0, 1.5, 0.0, 1.5, 3.092329219213245, 1.6770509831248424, 0.75, 1.6770509831248424, 3.3541019662496847, 2.1213203435596424, 1.5, 2.1213203435596424, 4.930602382484074, 3.75, 2.704163456597992, 2.25, 2.704163456597992, 4.242640687119285, 3.3541019662496847, 3.0, 3.3541019662496847, 4.802343178074636, 4.038873605350878, 3.75, 4.038873605350878, 4.588671558326911, 5.408326913195984, 4.743416490252569, 4.5, 4.743416490252569, 5.830951894845301, 6.9691043877771, 8.601795090996077, 11.05592374110668], [5.408326913195984, 4.242640687119285, 3.3541019662496847, 3.0, 5.031152949374527, 3.75, 2.704163456597992, 2.25, 4.743416490252569, 3.3541019662496847, 2.1213203435596424, 1.5, 4.562071897723665, 3.092329219213245, 1.6770509831248424, 0.75, 4.5, 3.0, 1.5, 0.0, 4.562071897723665, 3.092329219213245, 1.6770509831248424, 0.75, 4.743416490252569, 3.3541019662496847, 2.1213203435596424, 1.5, 3.5895124206301747, 5.031152949374527, 3.75, 2.704163456597992, 2.25, 5.408326913195984, 4.242640687119285, 3.3541019662496847, 3.0, 5.8576872569299905, 4.802343178074636, 4.038873605350878, 3.75, 5.554712755105055, 6.363961030678928, 5.408326913195984, 4.743416490252569, 4.5, 6.726812023536855, 7.182889423218941, 9.056222107305004, 10.990894999650717], [3.75, 4.038873605350878, 4.802343178074636, 5.8576872569299905, 3.0, 3.3541019662496847, 4.242640687119285, 5.408326913195984, 2.25, 2.704163456597992, 3.75, 5.031152949374527, 1.5, 2.1213203435596424, 3.3541019662496847, 4.743416490252569, 0.75, 1.6770509831248424, 3.092329219213245, 4.562071897723665, 0.0, 1.5, 3.0, 4.5, 0.75, 1.6770509831248424, 3.092329219213245, 4.562071897723665, 7.642519781679254, 1.5, 2.1213203435596424, 3.3541019662496847, 4.743416490252569, 2.25, 2.704163456597992, 3.75, 5.031152949374527, 3.0, 3.3541019662496847, 4.242640687119285, 5.408326913195984, 3.124860646587111, 3.75, 4.038873605350878, 4.802343178074636, 5.8576872569299905, 4.25, 6.7921634140571525, 7.7090395536081076, 11.076191328129527], [4.038873605350878, 3.75, 4.038873605350878, 4.802343178074636, 3.3541019662496847, 3.0, 3.3541019662496847, 4.242640687119285, 2.704163456597992, 2.25, 2.704163456597992, 3.75, 2.1213203435596424, 1.5, 2.1213203435596424, 3.3541019662496847, 1.6770509831248424, 0.75, 1.6770509831248424, 3.092329219213245, 1.5, 0.0, 1.5, 3.0, 1.6770509831248424, 0.75, 1.6770509831248424, 3.092329219213245, 6.162943142449018, 2.1213203435596424, 1.5, 2.1213203435596424, 3.3541019662496847, 2.704163456597992, 2.25, 2.704163456597992, 3.75, 3.3541019662496847, 3.0, 3.3541019662496847, 4.242640687119285, 3.25018171524567, 4.038873605350878, 3.75, 4.038873605350878, 4.802343178074636, 4.5069390943299865, 6.337110409462109, 7.645493503263864, 10.594731589875817], [4.802343178074636, 4.038873605350878, 3.75, 4.038873605350878, 4.242640687119285, 3.3541019662496847, 3.0, 3.3541019662496847, 3.75, 2.704163456597992, 2.25, 2.704163456597992, 3.3541019662496847, 2.1213203435596424, 1.5, 2.1213203435596424, 3.092329219213245, 1.6770509831248424, 0.75, 1.6770509831248424, 3.0, 1.5, 0.0, 1.5, 3.092329219213245, 1.6770509831248424, 0.75, 1.6770509831248424, 4.696341953133317, 3.3541019662496847, 2.1213203435596424, 1.5, 2.1213203435596424, 3.75, 2.704163456597992, 2.25, 2.704163456597992, 4.242640687119285, 3.3541019662496847, 3.0, 3.3541019662496847, 3.982789010686576, 4.802343178074636, 4.038873605350878, 3.75, 4.038873605350878, 5.202163011671203, 6.2196826961003016, 7.8726012840614255, 10.310900086107583], [5.8576872569299905, 4.802343178074636, 4.038873605350878, 3.75, 5.408326913195984, 4.242640687119285, 3.3541019662496847, 3.0, 5.031152949374527, 3.75, 2.704163456597992, 2.25, 4.743416490252569, 3.3541019662496847, 2.1213203435596424, 1.5, 4.562071897723665, 3.092329219213245, 1.6770509831248424, 0.75, 4.5, 3.0, 1.5, 0.0, 4.562071897723665, 3.092329219213245, 1.6770509831248424, 0.75, 3.260274114926645, 4.743416490252569, 3.3541019662496847, 2.1213203435596424, 1.5, 5.031152949374527, 3.75, 2.704163456597992, 2.25, 5.408326913195984, 4.242640687119285, 3.3541019662496847, 3.0, 5.065721609521611, 5.8576872569299905, 4.802343178074636, 4.038873605350878, 3.75, 6.189709201569974, 6.4583231057780015, 8.36672761879824, 10.241141719060144], [4.5, 4.743416490252569, 5.408326913195984, 6.363961030678928, 3.75, 4.038873605350878, 4.802343178074636, 5.8576872569299905, 3.0, 3.3541019662496847, 4.242640687119285, 5.408326913195984, 2.25, 2.704163456597992, 3.75, 5.031152949374527, 1.5, 2.1213203435596424, 3.3541019662496847, 4.743416490252569, 0.75, 1.6770509831248424, 3.092329219213245, 4.562071897723665, 0.0, 1.5, 3.0, 4.5, 7.568216203304524, 0.75, 1.6770509831248424, 3.092329219213245, 4.562071897723665, 1.5, 2.1213203435596424, 3.3541019662496847, 4.743416490252569, 2.25, 2.704163456597992, 3.75, 5.031152949374527, 2.3867248886363606, 3.0, 3.3541019662496847, 4.242640687119285, 5.408326913195984, 3.5, 6.113470431407352, 6.967156021607073, 10.386925683466632], [4.743416490252569, 4.5, 4.743416490252569, 5.408326913195984, 4.038873605350878, 3.75, 4.038873605350878, 4.802343178074636, 3.3541019662496847, 3.0, 3.3541019662496847, 4.242640687119285, 2.704163456597992, 2.25, 2.704163456597992, 3.75, 2.1213203435596424, 1.5, 2.1213203435596424, 3.3541019662496847, 1.6770509831248424, 0.75, 1.6770509831248424, 3.092329219213245, 1.5, 0.0, 1.5, 3.0, 6.070556487148588, 1.6770509831248424, 0.75, 1.6770509831248424, 3.092329219213245, 2.1213203435596424, 1.5, 2.1213203435596424, 3.3541019662496847, 2.704163456597992, 2.25, 2.704163456597992, 3.75, 2.5486040915694845, 3.3541019662496847, 3.0, 3.3541019662496847, 4.242640687119285, 3.8078865529319543, 5.603570755701091, 6.896777733026586, 9.871907023368868], [5.408326913195984, 4.743416490252569, 4.5, 4.743416490252569, 4.802343178074636, 4.038873605350878, 3.75, 4.038873605350878, 4.242640687119285, 3.3541019662496847, 3.0, 3.3541019662496847, 3.75, 2.704163456597992, 2.25, 2.704163456597992, 3.3541019662496847, 2.1213203435596424, 1.5, 2.1213203435596424, 3.092329219213245, 1.6770509831248424, 0.75, 1.6770509831248424, 3.0, 1.5, 0.0, 1.5, 4.574430634227879, 3.092329219213245, 1.6770509831248424, 0.75, 1.6770509831248424, 3.3541019662496847, 2.1213203435596424, 1.5, 2.1213203435596424, 3.75, 2.704163456597992, 2.25, 2.704163456597992, 3.4342844869191, 4.242640687119285, 3.3541019662496847, 3.0, 3.3541019662496847, 4.6097722286464435, 5.47041951888564, 7.147714541594887, 9.566654138319228], [6.363961030678928, 5.408326913195984, 4.743416490252569, 4.5, 5.8576872569299905, 4.802343178074636, 4.038873605350878, 3.75, 5.408326913195984, 4.242640687119285, 3.3541019662496847, 3.0, 5.031152949374527, 3.75, 2.704163456597992, 2.25, 4.743416490252569, 3.3541019662496847, 2.1213203435596424, 1.5, 4.562071897723665, 3.092329219213245, 1.6770509831248424, 0.75, 4.5, 3.0, 1.5, 0.0, 3.082073196902232, 4.562071897723665, 3.092329219213245, 1.6770509831248424, 0.75, 4.743416490252569, 3.3541019662496847, 2.1213203435596424, 1.5, 5.031152949374527, 3.75, 2.704163456597992, 2.25, 4.64685238184103, 5.408326913195984, 4.242640687119285, 3.3541019662496847, 3.0, 5.70087712549569, 5.740293913299344, 7.688569648346997, 9.49142742301711], [8.996341988850057, 7.778684255325399, 6.67695202227393, 5.758076751090471, 8.612720654180595, 7.33162441963919, 6.1503232593377035, 5.1381159735890565, 8.279416945265616, 6.937038598512489, 5.6741751894837344, 4.557414140129625, 8.002720339994012, 6.6043389074043235, 5.26222880228095, 4.0329656000585805, 7.788666171223176, 6.343270472749602, 4.930602382484074, 3.5895124206301747, 7.642519781679254, 6.162943142449018, 4.696341953133317, 3.260274114926645, 7.568216203304524, 6.070556487148588, 4.574430634227879, 3.082073196902232, 0.0, 7.567871853207054, 6.070127177437408, 4.573860897968466, 3.081227527733966, 7.641496729906124, 6.161674434507771, 4.694676921851739, 3.257875222329424, 7.786993011411299, 6.341215949916, 4.927958937244684, 3.5858804847443566, 7.341186258832038, 8.00044049077117, 6.6015761458966375, 5.2587609922654, 4.028439739833878, 8.177932092167664, 7.00510703966483, 9.184422903247402, 9.698938543926658], [5.25, 5.460082416960389, 6.046693311223912, 6.914658342969665, 4.5, 4.743416490252569, 5.408326913195984, 6.363961030678928, 3.75, 4.038873605350878, 4.802343178074636, 5.8576872569299905, 3.0, 3.3541019662496847, 4.242640687119285, 5.408326913195984, 2.25, 2.704163456597992, 3.75, 5.031152949374527, 1.5, 2.1213203435596424, 3.3541019662496847, 4.743416490252569, 0.75, 1.6770509831248424, 3.092329219213245, 4.562071897723665, 7.567871853207054, 0.0, 1.5, 3.0, 4.5, 0.75, 1.6770509831248424, 3.092329219213245, 4.562071897723665, 1.5, 2.1213203435596424, 3.3541019662496847, 4.743416490252569, 1.659264092145576, 2.25, 2.704163456597992, 3.75, 5.031152949374527, 2.75, 5.453490404147374, 6.227217293441516, 9.706669664224997], [5.460082416960389, 5.25, 5.460082416960389, 6.046693311223912, 4.743416490252569, 4.5, 4.743416490252569, 5.408326913195984, 4.038873605350878, 3.75, 4.038873605350878, 4.802343178074636, 3.3541019662496847, 3.0, 3.3541019662496847, 4.242640687119285, 2.704163456597992, 2.25, 2.704163456597992, 3.75, 2.1213203435596424, 1.5, 2.1213203435596424, 3.3541019662496847, 1.6770509831248424, 0.75, 1.6770509831248424, 3.092329219213245, 6.070127177437408, 1.5, 0.0, 1.5, 3.0, 1.6770509831248424, 0.75, 1.6770509831248424, 3.092329219213245, 2.1213203435596424, 1.5, 2.1213203435596424, 3.3541019662496847, 1.8846974422999971, 2.704163456597992, 2.25, 2.704163456597992, 3.75, 3.132491021535417, 4.875042777923491, 6.148375012073737, 9.153456128401263], [6.046693311223912, 5.460082416960389, 5.25, 5.460082416960389, 5.408326913195984, 4.743416490252569, 4.5, 4.743416490252569, 4.802343178074636, 4.038873605350878, 3.75, 4.038873605350878, 4.242640687119285, 3.3541019662496847, 3.0, 3.3541019662496847, 3.75, 2.704163456597992, 2.25, 2.704163456597992, 3.3541019662496847, 2.1213203435596424, 1.5, 2.1213203435596424, 3.092329219213245, 1.6770509831248424, 0.75, 1.6770509831248424, 4.573860897968466, 3.0, 1.5, 0.0, 1.5, 3.092329219213245, 1.6770509831248424, 0.75, 1.6770509831248424, 3.3541019662496847, 2.1213203435596424, 1.5, 2.1213203435596424, 2.9750649691293503, 3.75, 2.704163456597992, 2.25, 2.704163456597992, 4.0697051490249265, 4.72139032330949, 6.428592019909834, 8.82338269705828], [6.914658342969665, 6.046693311223912, 5.460082416960389, 5.25, 6.363961030678928, 5.408326913195984, 4.743416490252569, 4.5, 5.8576872569299905, 4.802343178074636, 4.038873605350878, 3.75, 5.408326913195984, 4.242640687119285, 3.3541019662496847, 3.0, 5.031152949374527, 3.75, 2.704163456597992, 2.25, 4.743416490252569, 3.3541019662496847, 2.1213203435596424, 1.5, 4.562071897723665, 3.092329219213245, 1.6770509831248424, 0.75, 3.081227527733966, 4.5, 3.0, 1.5, 0.0, 4.562071897723665, 3.092329219213245, 1.6770509831248424, 0.75, 4.743416490252569, 3.3541019662496847, 2.1213203435596424, 1.5, 4.318557478148125, 5.031152949374527, 3.75, 2.704163456597992, 2.25, 5.273755777432247, 5.031601244484403, 7.025032058845287, 8.741762141749698], [6.0, 6.18465843842649, 6.708203932499369, 7.5, 5.25, 5.460082416960389, 6.046693311223912, 6.914658342969665, 4.5, 4.743416490252569, 5.408326913195984, 6.363961030678928, 3.75, 4.038873605350878, 4.802343178074636, 5.8576872569299905, 3.0, 3.3541019662496847, 4.242640687119285, 5.408326913195984, 2.25, 2.704163456597992, 3.75, 5.031152949374527, 1.5, 2.1213203435596424, 3.3541019662496847, 4.743416490252569, 7.641496729906124, 0.75, 1.6770509831248424, 3.092329219213245, 4.562071897723665, 0.0, 1.5, 3.0, 4.5, 0.75, 1.6770509831248424, 3.092329219213245, 4.562071897723665, 0.9668810479739042, 1.5, 2.1213203435596424, 3.3541019662496847, 4.743416490252569, 2.0, 4.819916437093383, 5.490009782328122, 9.037457982580769], [6.18465843842649, 6.0, 6.18465843842649, 6.708203932499369, 5.460082416960389, 5.25, 5.460082416960389, 6.046693311223912, 4.743416490252569, 4.5, 4.743416490252569, 5.408326913195984, 4.038873605350878, 3.75, 4.038873605350878, 4.802343178074636, 3.3541019662496847, 3.0, 3.3541019662496847, 4.242640687119285, 2.704163456597992, 2.25, 2.704163456597992, 3.75, 2.1213203435596424, 1.5, 2.1213203435596424, 3.3541019662496847, 6.161674434507771, 1.6770509831248424, 0.75, 1.6770509831248424, 3.092329219213245, 1.5, 0.0, 1.5, 3.0, 1.6770509831248424, 0.75, 1.6770509831248424, 3.092329219213245, 1.3167331098060775, 2.1213203435596424, 1.5, 2.1213203435596424, 3.3541019662496847, 2.5, 4.154164050566548, 5.400415491368617, 8.440495833248995], [6.708203932499369, 6.18465843842649, 6.0, 6.18465843842649, 6.046693311223912, 5.460082416960389, 5.25, 5.460082416960389, 5.408326913195984, 4.743416490252569, 4.5, 4.743416490252569, 4.802343178074636, 4.038873605350878, 3.75, 4.038873605350878, 4.242640687119285, 3.3541019662496847, 3.0, 3.3541019662496847, 3.75, 2.704163456597992, 2.25, 2.704163456597992, 3.3541019662496847, 2.1213203435596424, 1.5, 2.1213203435596424, 4.694676921851739, 3.092329219213245, 1.6770509831248424, 0.75, 1.6770509831248424, 3.0, 1.5, 0.0, 1.5, 3.092329219213245, 1.6770509831248424, 0.75, 1.6770509831248424, 2.651926319487035, 3.3541019662496847, 2.1213203435596424, 1.5, 2.1213203435596424, 3.605551275463989, 3.9727274582427587, 5.717409164015621, 8.081354653477007], [7.5, 6.708203932499369, 6.18465843842649, 6.0, 6.914658342969665, 6.046693311223912, 5.460082416960389, 5.25, 6.363961030678928, 5.408326913195984, 4.743416490252569, 4.5, 5.8576872569299905, 4.802343178074636, 4.038873605350878, 3.75, 5.408326913195984, 4.242640687119285, 3.3541019662496847, 3.0, 5.031152949374527, 3.75, 2.704163456597992, 2.25, 4.743416490252569, 3.3541019662496847, 2.1213203435596424, 1.5, 3.257875222329424, 4.562071897723665, 3.092329219213245, 1.6770509831248424, 0.75, 4.5, 3.0, 1.5, 0.0, 4.562071897723665, 3.092329219213245, 1.6770509831248424, 0.75, 4.102638215284955, 4.743416490252569, 3.3541019662496847, 2.1213203435596424, 1.5, 4.924428900898052, 4.336824639748819, 6.380677677028158, 7.992159668040628], [6.75, 6.914658342969665, 7.386643351347079, 8.112490369793976, 6.0, 6.18465843842649, 6.708203932499369, 7.5, 5.25, 5.460082416960389, 6.046693311223912, 6.914658342969665, 4.5, 4.743416490252569, 5.408326913195984, 6.363961030678928, 3.75, 4.038873605350878, 4.802343178074636, 5.8576872569299905, 3.0, 3.3541019662496847, 4.242640687119285, 5.408326913195984, 2.25, 2.704163456597992, 3.75, 5.031152949374527, 7.786993011411299, 1.5, 2.1213203435596424, 3.3541019662496847, 4.743416490252569, 0.75, 1.6770509831248424, 3.092329219213245, 4.562071897723665, 0.0, 1.5, 3.0, 4.5, 0.49148814266322655, 0.75, 1.6770509831248424, 3.092329219213245, 4.562071897723665, 1.25, 4.224645705026453, 4.7568035065976675, 8.38193638746083], [6.914658342969665, 6.75, 6.914658342969665, 7.386643351347079, 6.18465843842649, 6.0, 6.18465843842649, 6.708203932499369, 5.460082416960389, 5.25, 5.460082416960389, 6.046693311223912, 4.743416490252569, 4.5, 4.743416490252569, 5.408326913195984, 4.038873605350878, 3.75, 4.038873605350878, 4.802343178074636, 3.3541019662496847, 3.0, 3.3541019662496847, 4.242640687119285, 2.704163456597992, 2.25, 2.704163456597992, 3.75, 6.341215949916, 2.1213203435596424, 1.5, 2.1213203435596424, 3.3541019662496847, 1.6770509831248424, 0.75, 1.6770509831248424, 3.092329219213245, 1.5, 0.0, 1.5, 3.0, 1.0200429970873859, 1.6770509831248424, 0.75, 1.6770509831248424, 3.092329219213245, 1.9525624189766635, 3.445738793271329, 4.653112901030398, 7.734544636086904], [7.386643351347079, 6.914658342969665, 6.75, 6.914658342969665, 6.708203932499369, 6.18465843842649, 6.0, 6.18465843842649, 6.046693311223912, 5.460082416960389, 5.25, 5.460082416960389, 5.408326913195984, 4.743416490252569, 4.5, 4.743416490252569, 4.802343178074636, 4.038873605350878, 3.75, 4.038873605350878, 4.242640687119285, 3.3541019662496847, 3.0, 3.3541019662496847, 3.75, 2.704163456597992, 2.25, 2.704163456597992, 4.927958937244684, 3.3541019662496847, 2.1213203435596424, 1.5, 2.1213203435596424, 3.092329219213245, 1.6770509831248424, 0.75, 1.6770509831248424, 3.0, 1.5, 0.0, 1.5, 2.5178194608500997, 3.092329219213245, 1.6770509831248424, 0.75, 1.6770509831248424, 3.25, 3.2246860823825094, 5.017543197531157, 7.340947067770037], [8.112490369793976, 7.386643351347079, 6.914658342969665, 6.75, 7.5, 6.708203932499369, 6.18465843842649, 6.0, 6.914658342969665, 6.046693311223912, 5.460082416960389, 5.25, 6.363961030678928, 5.408326913195984, 4.743416490252569, 4.5, 5.8576872569299905, 4.802343178074636, 4.038873605350878, 3.75, 5.408326913195984, 4.242640687119285, 3.3541019662496847, 3.0, 5.031152949374527, 3.75, 2.704163456597992, 2.25, 3.5858804847443566, 4.743416490252569, 3.3541019662496847, 2.1213203435596424, 1.5, 4.562071897723665, 3.092329219213245, 1.6770509831248424, 0.75, 4.5, 3.0, 1.5, 0.0, 4.017255525724491, 4.562071897723665, 3.092329219213245, 1.6770509831248424, 0.75, 4.670385423067351, 3.66388930350904, 5.761945835257985, 7.242639503384268], [6.854286680125923, 6.9123203784894205, 7.285540483478806, 7.9295666500721875, 6.10638579904669, 6.17145644465936, 6.586789944263899, 7.292786085672915, 5.359071669631459, 5.433100061822438, 5.900635847373015, 6.679553168051881, 4.612629488013745, 4.698433559732693, 5.232036413935867, 6.096977296847952, 3.867564146480493, 3.969506209677704, 4.588671558326911, 5.554712755105055, 3.124860646587111, 3.25018171524567, 3.982789010686576, 5.065721609521611, 2.3867248886363606, 2.5486040915694845, 3.4342844869191, 4.64685238184103, 7.341186258832038, 1.659264092145576, 1.8846974422999971, 2.9750649691293503, 4.318557478148125, 0.9668810479739042, 1.3167331098060775, 2.651926319487035, 4.102638215284955, 0.49148814266322655, 1.0200429970873859, 2.5178194608500997, 4.017255525724491, 0.0, 0.8205255802386549, 1.2133381018308336, 2.6021369047156067, 4.070631841914887, 1.2593900574448476, 3.857011920138944, 4.584808379244877, 8.07132100998898], [7.5, 7.648529270389178, 8.077747210701755, 8.74642784226795, 6.75, 6.914658342969665, 7.386643351347079, 8.112490369793976, 6.0, 6.18465843842649, 6.708203932499369, 7.5, 5.25, 5.460082416960389, 6.046693311223912, 6.914658342969665, 4.5, 4.743416490252569, 5.408326913195984, 6.363961030678928, 3.75, 4.038873605350878, 4.802343178074636, 5.8576872569299905, 3.0, 3.3541019662496847, 4.242640687119285, 5.408326913195984, 8.00044049077117, 2.25, 2.704163456597992, 3.75, 5.031152949374527, 1.5, 2.1213203435596424, 3.3541019662496847, 4.743416490252569, 0.75, 1.6770509831248424, 3.092329219213245, 4.562071897723665, 0.8205255802386549, 0.0, 1.5, 3.0, 4.5, 0.5, 3.686281080633155, 4.029783094746076, 7.743582402219719], [7.648529270389178, 7.5, 7.648529270389178, 8.077747210701755, 6.914658342969665, 6.75, 6.914658342969665, 7.386643351347079, 6.18465843842649, 6.0, 6.18465843842649, 6.708203932499369, 5.460082416960389, 5.25, 5.460082416960389, 6.046693311223912, 4.743416490252569, 4.5, 4.743416490252569, 5.408326913195984, 4.038873605350878, 3.75, 4.038873605350878, 4.802343178074636, 3.3541019662496847, 3.0, 3.3541019662496847, 4.242640687119285, 6.6015761458966375, 2.704163456597992, 2.25, 2.704163456597992, 3.75, 2.1213203435596424, 1.5, 2.1213203435596424, 3.3541019662496847, 1.6770509831248424, 0.75, 1.6770509831248424, 3.092329219213245, 1.2133381018308336, 1.5, 0.0, 1.5, 3.0, 1.5811388300841898, 2.759375419164714, 3.906844232888857, 7.03771209585528], [8.077747210701755, 7.648529270389178, 7.5, 7.648529270389178, 7.386643351347079, 6.914658342969665, 6.75, 6.914658342969665, 6.708203932499369, 6.18465843842649, 6.0, 6.18465843842649, 6.046693311223912, 5.460082416960389, 5.25, 5.460082416960389, 5.408326913195984, 4.743416490252569, 4.5, 4.743416490252569, 4.802343178074636, 4.038873605350878, 3.75, 4.038873605350878, 4.242640687119285, 3.3541019662496847, 3.0, 3.3541019662496847, 5.2587609922654, 3.75, 2.704163456597992, 2.25, 2.704163456597992, 3.3541019662496847, 2.1213203435596424, 1.5, 2.1213203435596424, 3.092329219213245, 1.6770509831248424, 0.75, 1.6770509831248424, 2.6021369047156067, 3.0, 1.5, 0.0, 1.5, 3.0413812651491097, 2.4778291309827924, 4.3344794300368505, 6.60270510232954], [8.74642784226795, 8.077747210701755, 7.648529270389178, 7.5, 8.112490369793976, 7.386643351347079, 6.914658342969665, 6.75, 7.5, 6.708203932499369, 6.18465843842649, 6.0, 6.914658342969665, 6.046693311223912, 5.460082416960389, 5.25, 6.363961030678928, 5.408326913195984, 4.743416490252569, 4.5, 5.8576872569299905, 4.802343178074636, 4.038873605350878, 3.75, 5.408326913195984, 4.242640687119285, 3.3541019662496847, 3.0, 4.028439739833878, 5.031152949374527, 3.75, 2.704163456597992, 2.25, 4.743416490252569, 3.3541019662496847, 2.1213203435596424, 1.5, 4.562071897723665, 3.092329219213245, 1.6770509831248424, 0.75, 4.070631841914887, 4.5, 3.0, 1.5, 0.0, 4.527692569068709, 3.027395200630972, 5.17802974100847, 6.493230150896343], [8.0, 8.139410298049853, 8.54400374531753, 9.17877987534291, 7.25, 7.403546447480424, 7.846177413237608, 8.533024082938006, 6.5, 6.670832032063167, 7.158910531638177, 7.905694150420948, 5.75, 5.942432162002357, 6.485560885536423, 7.301540933255117, 5.0, 5.220153254455275, 5.830951894845301, 6.726812023536855, 4.25, 4.5069390943299865, 5.202163011671203, 6.189709201569974, 3.5, 3.8078865529319543, 4.6097722286464435, 5.70087712549569, 8.177932092167664, 2.75, 3.132491021535417, 4.0697051490249265, 5.273755777432247, 2.0, 2.5, 3.605551275463989, 4.924428900898052, 1.25, 1.9525624189766635, 3.25, 4.670385423067351, 1.2593900574448476, 0.5, 1.5811388300841898, 3.0413812651491097, 4.527692569068709, 0.0, 3.372589428573283, 3.5504178041814822, 7.329770958062168], [10.33456818067785, 10.04135369258227, 9.967661133786205, 10.118288045734248, 9.613497612914593, 9.29757069626099, 9.217933898137238, 9.380607115154332, 8.897211542160278, 8.55487333187386, 8.468254969169449, 8.645046368951387, 8.186965866448054, 7.813571180762485, 7.718638422370784, 7.912197140728677, 7.484480407538056, 7.074102873812165, 6.9691043877771, 7.182889423218941, 6.7921634140571525, 6.337110409462109, 6.2196826961003016, 6.4583231057780015, 6.113470431407352, 5.603570755701091, 5.47041951888564, 5.740293913299344, 7.00510703966483, 5.453490404147374, 4.875042777923491, 4.72139032330949, 5.031601244484403, 4.819916437093383, 4.154164050566548, 3.9727274582427587, 4.336824639748819, 4.224645705026453, 3.445738793271329, 3.2246860823825094, 3.66388930350904, 3.857011920138944, 3.686281080633155, 2.759375419164714, 2.4778291309827924, 3.027395200630972, 3.372589428573283, 0.0, 2.188851115238904, 4.2890120885573335], [11.434353059420866, 11.391606996242585, 11.545258335186729, 11.887694061320484, 10.687909153703016, 10.642165294110233, 10.806477789572329, 11.171581906152579, 9.942000516401622, 9.892808212913346, 10.06935620617532, 10.460220574930391, 9.196757388256554, 9.143556557915916, 9.334286614260504, 9.754649489680215, 8.452355804672026, 8.394438558839331, 8.601795090996077, 9.056222107305004, 7.7090395536081076, 7.645493503263864, 7.8726012840614255, 8.36672761879824, 6.967156021607073, 6.896777733026586, 7.147714541594887, 7.688569648346997, 9.184422903247402, 6.227217293441516, 6.148375012073737, 6.428592019909834, 7.025032058845287, 5.490009782328122, 5.400415491368617, 5.717409164015621, 6.380677677028158, 4.7568035065976675, 4.653112901030398, 5.017543197531157, 5.761945835257985, 4.584808379244877, 4.029783094746076, 3.906844232888857, 4.3344794300368505, 5.17802974100847, 3.5504178041814822, 2.188851115238904, 0.0, 4.08891234129128], [14.612527510827707, 14.251044992521685, 14.041317833560289, 13.990172608915124, 13.896300625390328, 13.515675868982818, 13.294352835681217, 13.240322520383181, 13.18383031928698, 12.782007080733896, 12.547749923237722, 12.490490433137246, 12.475760205465544, 12.050349199440591, 11.801577816234543, 11.740679796196645, 11.772884248169804, 11.321092113616315, 11.05592374110668, 10.990894999650717, 11.076191328129527, 10.594731589875817, 10.310900086107583, 10.241141719060144, 10.386925683466632, 9.871907023368868, 9.566654138319228, 9.49142742301711, 9.698938543926658, 9.706669664224997, 9.153456128401263, 8.82338269705828, 8.741762141749698, 9.037457982580769, 8.440495833248995, 8.081354653477007, 7.992159668040628, 8.38193638746083, 7.734544636086904, 7.340947067770037, 7.242639503384268, 8.07132100998898, 7.743582402219719, 7.03771209585528, 6.60270510232954, 6.493230150896343, 7.329770958062168, 4.2890120885573335, 4.08891234129128, 0.0]];