totalHoles = 50;
zeroHoleID = 5;
C = [[0.0, 0.5, 1.0, 1.5, 2.0, 2.0518514175492477, 1.1666666666666667, 1.2692955176439848, 1.5365907428821481, 1.90029237516523, 5.640257086339239, 3.9377784246421332, 2.3333333333333335, 2.386303510546059, 2.5385910352879697, 2.773886162848873, 3.5, 3.5355339059327378, 3.640054944640259, 3.8078865529319543, 4.031128874149275, 4.47213595499958, 5.897268670984712, 5.186816097037738, 6.456069934741071, 5.918426968188235, 7.433034373659253, 5.919528387171617, 7.058228822042283, 6.595624881214527, 7.982762040542005, 8.31067277221776, 6.664327821027598, 7.69357154278169, 7.2946179644423825, 9.553800053073207, 7.417574277569811, 8.35453086301338, 8.009702166634284, 8.176933710013747, 9.03548685327675, 8.736927390493603, 8.940848701896487, 9.732242973127104, 9.473498062114112, 9.7082439194738, 10.44163673845139, 10.217393244685912, 10.967122584241402, 13.98743913979698], [0.5, 0.0, 0.5, 1.0, 1.5, 1.5588733297000146, 1.2692955176439848, 1.1666666666666667, 1.2692955176439848, 1.5365907428821481, 5.153882032022076, 3.5336211532012323, 2.386303510546059, 2.3333333333333335, 2.386303510546059, 2.5385910352879697, 3.5355339059327378, 3.5, 3.5355339059327378, 3.640054944640259, 3.8078865529319543, 4.272001872658765, 5.540256712864887, 5.015282766154845, 6.131680493056878, 5.666666666666667, 7.0710678118654755, 5.76981943621554, 6.762784986303724, 6.370682923127589, 7.646861434334897, 7.97104985053629, 6.531712279802476, 7.423456725176412, 7.09188159662151, 9.213870337235571, 7.298657970015125, 8.10646979934606, 7.825513537878475, 8.069215878755456, 8.806627580544305, 8.568385703275192, 8.842441716528535, 9.52014810570973, 9.318288408619534, 9.617692030835672, 10.244239573752873, 10.073651674039889, 10.833333333333334, 13.80370682837456], [1.0, 0.5, 0.0, 0.5, 1.0, 1.0724168389209314, 1.5365907428821481, 1.2692955176439848, 1.1666666666666667, 1.2692955176439848, 4.670385423067351, 3.1570330988327204, 2.5385910352879697, 2.386303510546059, 2.3333333333333335, 2.386303510546059, 3.640054944640259, 3.5355339059327378, 3.5, 3.5355339059327378, 3.640054944640259, 4.123105625617661, 5.2068331172711035, 4.889075702470743, 5.832167035982501, 5.449260908090605, 6.726812023536855, 5.660460787473985, 6.492451573761773, 6.1781011840502265, 7.329699161351601, 7.649051543334481, 6.435313924442417, 7.178048231743332, 6.919401557492685, 8.889078564658853, 7.212517463636764, 7.8823549320223085, 7.669549886717774, 7.99138566820293, 8.600776477101954, 8.4261834120451, 8.77147510457643, 9.330052873446924, 9.187700049498051, 9.5524865872714, 10.067825540359305, 9.952979020535508, 10.721214690716927, 13.635842134532961], [1.5, 1.0, 0.5, 0.0, 0.5, 0.6083335390657956, 1.90029237516523, 1.5365907428821481, 1.2692955176439848, 1.1666666666666667, 4.190763653560053, 2.8190845180482715, 2.773886162848873, 2.5385910352879697, 2.386303510546059, 2.3333333333333335, 3.8078865529319543, 3.640054944640259, 3.5355339059327378, 3.5, 3.5355339059327378, 4.031128874149275, 4.901813723284247, 4.811762798028369, 5.561550053920901, 5.270462766947299, 6.4031242374328485, 5.5938194756830155, 6.250487509331443, 6.020985598197038, 7.033810474836407, 7.346995529156158, 6.376775463047327, 6.959959991544508, 6.779487535733474, 8.581143797068396, 7.160335757718719, 7.68428174529299, 7.5435620762466025, 7.944321550513876, 8.419621290517583, 8.311672528845042, 8.72861819019506, 9.163326540508194, 9.082795028672606, 9.513148795220223, 9.913514905308702, 9.856222639355977, 10.631452289211374, 13.484437668367725], [2.0, 1.5, 1.0, 0.5, 0.0, 0.3001025043272193, 2.3154073315749675, 1.90029237516523, 1.5365907428821481, 1.2692955176439848, 3.7165171868296265, 2.5352745517346986, 3.0731814857642963, 2.773886162848873, 2.5385910352879697, 2.386303510546059, 4.031128874149275, 3.8078865529319543, 3.640054944640259, 3.5355339059327378, 3.5, 4.0, 4.630814663149935, 4.785714285714286, 5.3242375669136175, 5.134307266916454, 6.103277807866851, 5.571428571428571, 6.040303036352983, 5.902169169638353, 6.761988597736495, 7.0674392178704695, 6.357142857142858, 6.771832082277801, 6.674187934160894, 8.291944283655877, 7.142857142857142, 7.5143098557159425, 7.449071226100559, 7.928571428571429, 8.2647861038507, 8.226009576951068, 8.714285714285715, 9.021264875539822, 9.004471048663168, 9.5, 9.782353727219459, 9.7840920912411, 10.564615994493654, 13.350053473536516], [2.0518514175492477, 1.5588733297000146, 1.0724168389209314, 0.6083335390657956, 0.3001025043272193, 0.0, 2.207821478704565, 1.759109860179393, 1.3470186778703244, 1.0170797101912266, 3.59805616516107, 2.2651605625119817, 2.8742093427900803, 2.5457948001622084, 2.2805839127039573, 2.1026304480900215, 3.7907657844763487, 3.548224492772088, 3.3630178217575493, 3.2449777638390755, 3.2015422074620847, 3.7015232103281503, 4.359550474534561, 4.487216196874018, 5.043760051876479, 4.836855304644619, 5.843288453082709, 5.2729155308927576, 5.7539590248233905, 5.6036089201859784, 6.492247964938555, 6.800408000047461, 6.0586187429085365, 6.481609933908327, 6.374981607836839, 8.028720589765637, 6.844324497382205, 7.221439197894189, 7.149478438856858, 7.630032008881796, 7.970056130290255, 7.926183651206375, 8.415740785290764, 8.725199093924614, 8.70450610173687, 9.201450502578549, 9.485309568739416, 9.484047635648432, 10.264530506207958, 13.053581860393656], [1.1666666666666667, 1.2692955176439848, 1.5365907428821481, 1.90029237516523, 2.3154073315749675, 2.207821478704565, 0.0, 0.5, 1.0, 1.5, 5.500631276903083, 3.427358957116984, 1.1666666666666667, 1.2692955176439848, 1.5365907428821481, 1.90029237516523, 2.333333333333333, 2.3863035105460586, 2.5385910352879693, 2.7738861628488727, 3.0731814857642954, 3.4681086744474685, 5.177408189003023, 4.134913018303316, 5.645819997725044, 4.972144630058766, 6.704061787039588, 4.837553869223754, 6.178972828506329, 5.600301660161464, 7.182311668747707, 7.516254414935093, 5.562467355760412, 6.761569408183133, 6.264122366696176, 8.751281142564652, 6.301972120511939, 7.381912379965474, 6.953400120993354, 7.0514789944429594, 8.031259788280297, 7.661266953831362, 7.808108175991279, 8.703121914908445, 8.383015168223043, 8.56997342145496, 9.392668535736915, 9.115347999994173, 9.855906294648348, 12.917423749089055], [1.2692955176439848, 1.1666666666666667, 1.2692955176439848, 1.5365907428821481, 1.90029237516523, 1.759109860179393, 0.5, 0.0, 0.5, 1.0, 5.000694396225833, 2.954178219692262, 1.2692955176439848, 1.1666666666666667, 1.2692955176439848, 1.5365907428821481, 2.3863035105460586, 2.333333333333333, 2.3863035105460586, 2.5385910352879693, 2.7738861628488727, 3.2058973436118907, 4.766783215358364, 3.9175892675131525, 5.27180710130584, 4.6696419087073, 6.300352723811933, 4.653163164734471, 5.839209867960404, 5.333545914130728, 6.807025848858625, 7.1389378917934465, 5.402873595032576, 6.452556666031278, 6.026820252693508, 8.378856292686708, 6.161562513495237, 7.099950496458, 6.740408487322094, 6.926280098947075, 7.772888810057348, 7.46849011991057, 7.695229255063286, 8.465281905077132, 8.207208821760961, 8.467257197253693, 9.172725270544676, 8.953932236416081, 9.70681318570736, 12.718242992949927], [1.5365907428821481, 1.2692955176439848, 1.1666666666666667, 1.2692955176439848, 1.5365907428821481, 1.3470186778703244, 1.0, 0.5, 0.0, 0.5, 4.500771538796926, 2.4914952310767657, 1.5365907428821481, 1.2692955176439848, 1.1666666666666667, 1.2692955176439848, 2.5385910352879693, 2.3863035105460586, 2.333333333333333, 2.3863035105460586, 2.5385910352879693, 3.0046260628866577, 4.374801582802229, 3.754664521489801, 4.920225277367425, 4.403281604540969, 5.9113826169894, 4.51684928214809, 5.523860837200085, 5.101964852042193, 6.448689859733485, 6.777520786817053, 5.285928781576633, 6.168642816293657, 5.8228769256794335, 8.02032068628079, 6.059278224979419, 6.842949928124629, 6.5586919358433855, 6.835448486315312, 7.538863781776496, 7.3049078026033385, 7.613576904975865, 8.2509190033046, 8.0586357392132, 8.393118874676116, 8.975274678557508, 8.817949638530742, 9.581521567869874, 12.53585152041575], [1.90029237516523, 1.5365907428821481, 1.2692955176439848, 1.1666666666666667, 1.2692955176439848, 1.0170797101912266, 1.5, 1.0, 0.5, 0.0, 4.000867961385935, 2.046442772044308, 1.90029237516523, 1.5365907428821481, 1.2692955176439848, 1.1666666666666667, 2.7738861628488727, 2.5385910352879693, 2.3863035105460586, 2.333333333333333, 2.3863035105460586, 2.877112750272011, 4.006938426723769, 3.6534238282649656, 4.5962249125463845, 4.179978734661484, 5.540256712864887, 4.433049451296671, 5.237337607546366, 4.91053751485591, 6.1102864832206905, 6.434682727888783, 5.214503148325853, 5.913444077834677, 5.655902140679531, 7.677620402707568, 5.997070335397922, 6.613821163706161, 6.410910484683934, 6.780365477543986, 7.331516472521089, 7.172517782331981, 7.564162431358932, 8.061906168255721, 7.9388250585749525, 8.348319857578797, 8.80183061767393, 8.7085916864323, 9.480975102218595, 12.370991951177556], [5.640257086339239, 5.153882032022076, 4.670385423067351, 4.190763653560053, 3.7165171868296265, 3.59805616516107, 5.500631276903083, 5.000694396225833, 4.500771538796926, 4.000867961385935, 0.0, 2.4221083462394852, 5.605676686280713, 5.116015159390276, 4.628564692332938, 4.144105586385452, 5.942432162002357, 5.482928049865327, 5.031152949374527, 4.589389937671455, 4.16082924427331, 4.451123453691214, 2.98724138815582, 4.975065377480389, 3.7232226123769703, 4.416666666666666, 3.75, 5.561002148710175, 4.4761429835373105, 5.100700787742513, 4.535714285714286, 4.730121879706393, 6.191357537993208, 5.238703968958012, 5.810511723184178, 5.741359828750689, 6.85388687578971, 6.007235338925349, 6.537708950541885, 7.54011381389768, 6.779707031844497, 7.277082110041165, 8.2441228292942, 7.554910478331356, 8.025266576763537, 8.96172416446746, 8.332083239569268, 8.780010085273576, 9.539755995016039, 11.672198885544887], [3.9377784246421332, 3.5336211532012323, 3.1570330988327204, 2.8190845180482715, 2.5352745517346986, 2.2651605625119817, 3.427358957116984, 2.954178219692262, 2.4914952310767657, 2.046442772044308, 2.4221083462394852, 0.0, 3.2725681264879998, 2.7730996511628105, 2.2738648174536293, 1.7750607710237838, 3.520630211524999, 3.0618975520217333, 2.618319337256403, 2.199085192671019, 1.8210862740131384, 2.2072356559577564, 2.095575856812384, 2.8855682163088225, 2.8010806596196707, 2.8074224196309365, 3.5840778475661708, 3.6077434080825523, 3.5405312354626677, 3.592723744419463, 4.227488294352042, 4.535288980340935, 4.351989768336499, 4.296436182981107, 4.378173254079309, 5.765072656485798, 5.108670205288166, 5.061428671543513, 5.163703327971741, 5.872980628832648, 5.831933675666007, 5.949282053611887, 6.6422876740200785, 6.606022591178655, 6.734892406349306, 7.415036311427314, 7.382568146011879, 7.520524474684305, 8.3061720967664, 10.927889014896946], [2.3333333333333335, 2.386303510546059, 2.5385910352879697, 2.773886162848873, 3.0731814857642963, 2.8742093427900803, 1.1666666666666667, 1.2692955176439848, 1.5365907428821481, 1.90029237516523, 5.605676686280713, 3.2725681264879998, 0.0, 0.5, 1.0, 1.5, 1.1666666666666665, 1.2692955176439846, 1.5365907428821477, 1.9002923751652299, 2.3154073315749675, 2.6034165586355513, 4.642796092394707, 3.164517709794165, 4.979151545532501, 4.139914116124741, 6.112373606964083, 3.8059507052739208, 5.409532193152458, 4.68473179788775, 6.49376117826663, 6.829575474024954, 4.4934444565277785, 5.913444077834677, 5.290484762755045, 8.03846814017049, 5.20879249676702, 6.473739031823432, 5.938555372251492, 5.941943229483401, 7.077038018845272, 6.616520586471548, 6.687043688206461, 7.713256839089416, 7.316074310083079, 7.440504761849904, 8.374896350934074, 8.031577418394496, 8.759122228980608, 11.865641203060102], [2.386303510546059, 2.3333333333333335, 2.386303510546059, 2.5385910352879697, 2.773886162848873, 2.5457948001622084, 1.2692955176439848, 1.1666666666666667, 1.2692955176439848, 1.5365907428821481, 5.116015159390276, 2.7730996511628105, 0.5, 0.0, 0.5, 1.0, 1.2692955176439846, 1.1666666666666665, 1.2692955176439846, 1.5365907428821477, 1.9002923751652299, 2.2422706745122847, 4.179978734661485, 2.8747473516121214, 4.550672123988428, 3.7712361663282534, 5.666666666666667, 3.5686497125628702, 5.017938343126538, 4.362344020303067, 6.076095311988021, 6.411977460055216, 4.294303562150704, 5.557471325013263, 5.007250978159238, 7.631335478002782, 5.038007470655081, 6.15028159670928, 5.687686106197351, 5.792813594653606, 6.782413566485611, 6.3923139788761265, 6.554887740303557, 7.443856375053613, 7.113949440640615, 7.321960878829598, 8.127456893491072, 7.847902214031323, 8.591015979239915, 11.648489587665328], [2.5385910352879697, 2.386303510546059, 2.3333333333333335, 2.386303510546059, 2.5385910352879697, 2.2805839127039573, 1.5365907428821481, 1.2692955176439848, 1.1666666666666667, 1.2692955176439848, 4.628564692332938, 2.2738648174536293, 1.0, 0.5, 0.0, 0.5, 1.5365907428821477, 1.2692955176439846, 1.1666666666666665, 1.2692955176439846, 1.5365907428821477, 1.9436506316151, 3.72677996249965, 2.6484282764690654, 4.138270586454204, 3.435921354681384, 5.230784942158405, 3.3889911140301114, 4.647189675716515, 4.075951261338543, 5.671766412711547, 6.006980001723755, 4.146208277920952, 5.225146332401739, 4.759820972642771, 7.235854636123635, 4.91238427592716, 5.851720292827359, 5.471115660993077, 5.683897372613586, 6.512894936471396, 6.2004041269798265, 6.4588352888103495, 7.199143310081623, 6.942017716580984, 7.236097782030803, 7.903937134252917, 7.692392507817777, 8.449194570424384, 11.449068878652865], [2.773886162848873, 2.5385910352879697, 2.386303510546059, 2.3333333333333335, 2.386303510546059, 2.1026304480900215, 1.90029237516523, 1.5365907428821481, 1.2692955176439848, 1.1666666666666667, 4.144105586385452, 1.7750607710237838, 1.5, 1.0, 0.5, 0.0, 1.9002923751652299, 1.5365907428821477, 1.2692955176439846, 1.1666666666666665, 1.2692955176439846, 1.740051084818425, 3.287180487219337, 2.5028328620986473, 3.7472590133828065, 3.1446603773522015, 4.8074017006186525, 3.2764707798140145, 4.302678067059263, 3.8336290924058614, 5.2838370754937936, 5.617309189813403, 4.054755613338519, 4.9212621208058005, 4.554034368001992, 6.854042854578591, 4.8354440617565215, 5.58205133012535, 5.2930558195901405, 5.617534098018776, 6.271719630227535, 6.043868353232208, 6.400511955147172, 6.981714049268965, 6.802568875848123, 7.1840873540841015, 7.706418681131261, 7.566785039081288, 8.334999833366657, 11.268320491640603], [3.5, 3.5355339059327378, 3.640054944640259, 3.8078865529319543, 4.031128874149275, 3.7907657844763487, 2.333333333333333, 2.3863035105460586, 2.5385910352879693, 2.7738861628488727, 5.942432162002357, 3.520630211524999, 1.1666666666666665, 1.2692955176439846, 1.5365907428821477, 1.9002923751652299, 0.0, 0.5, 1.0, 1.5, 2.0, 2.0615528128088303, 4.362084109434134, 2.3776167110133195, 4.520048561936871, 3.5039660069381067, 5.70087712549569, 2.8793777672494816, 4.802977628961892, 3.9054151602225526, 5.9560464904094195, 6.286043596969184, 3.4875873187810584, 5.190476190476191, 4.41151348713404, 7.441185434262915, 4.155768059368244, 5.661111723066688, 4.9905239001718, 4.859243243341414, 6.195968259742537, 5.619955536012484, 5.584691174111966, 6.779863810430256, 6.284677042846341, 6.324555320336759, 7.40120110372484, 6.974605703303471, 7.68295371441074, 10.837401359560673], [3.5355339059327378, 3.5, 3.5355339059327378, 3.640054944640259, 3.8078865529319543, 3.548224492772088, 2.3863035105460586, 2.333333333333333, 2.3863035105460586, 2.5385910352879693, 5.482928049865327, 3.0618975520217333, 1.2692955176439846, 1.1666666666666665, 1.2692955176439846, 1.5365907428821477, 0.5, 0.0, 0.5, 1.0, 1.5, 1.5811388300841898, 3.865804501581068, 1.9756166694199044, 4.043204875953511, 3.05959329178097, 5.220153254455275, 2.5575019699954504, 4.357207910000975, 3.5122074123020526, 5.497680401398245, 5.829639602569806, 3.2269591423075767, 4.780973724103376, 4.067528067573581, 6.999396531442872, 3.9395949237536216, 5.288180462853906, 4.689206983224272, 4.675707956872326, 5.857191250284016, 5.3541790743391, 5.425751147095127, 6.471724650713173, 6.0481814511647345, 6.18465843842649, 7.120003121097943, 6.7622820149626, 7.490735018081411, 10.599204533473138], [3.640054944640259, 3.5355339059327378, 3.5, 3.5355339059327378, 3.640054944640259, 3.3630178217575493, 2.5385910352879693, 2.3863035105460586, 2.333333333333333, 2.3863035105460586, 5.031152949374527, 2.618319337256403, 1.5365907428821477, 1.2692955176439846, 1.1666666666666665, 1.2692955176439846, 1.0, 0.5, 0.0, 0.5, 1.0, 1.118033988749895, 3.3706247360261146, 1.6288220358559113, 3.5726981870290846, 2.63523138347365, 4.743416490252569, 2.300177455443517, 3.924528944681352, 3.1494339555486492, 5.047225950551289, 5.38098984283591, 3.0270885857738707, 4.3902592653775665, 3.7587388727912714, 6.565962453567828, 3.777619377764957, 4.937764602973335, 4.424024803824297, 4.540071023448773, 5.54286532481805, 5.123530705814501, 5.309310266899467, 6.188690218561211, 5.8449835072091085, 6.082762530298219, 6.863753427324667, 6.5811694540727315, 7.327649312326869, 10.379643792374933], [3.8078865529319543, 3.640054944640259, 3.5355339059327378, 3.5, 3.5355339059327378, 3.2449777638390755, 2.7738861628488727, 2.5385910352879693, 2.3863035105460586, 2.333333333333333, 4.589389937671455, 2.199085192671019, 1.9002923751652299, 1.5365907428821477, 1.2692955176439846, 1.1666666666666665, 1.5, 1.0, 0.5, 0.0, 0.5, 0.7071067811865476, 2.877112750272012, 1.3795148511305688, 3.1114046670704174, 2.242270674512285, 4.272001872658765, 2.1309191271680423, 3.509785478388728, 2.828827950529361, 4.607004427599171, 4.942206539750864, 2.900562929178137, 4.023809523809525, 3.4944886960992636, 6.142652039546957, 3.677010764638214, 4.6149957682584155, 4.201824460658244, 4.456707854230428, 5.257377927801745, 4.932940322643014, 5.238203462085459, 5.9343536537673485, 5.678658779402036, 6.020797289396148, 6.635343079131461, 6.4339043135994265, 7.195677714974301, 10.17992503758144], [4.031128874149275, 3.8078865529319543, 3.640054944640259, 3.5355339059327378, 3.5, 3.2015422074620847, 3.0731814857642954, 2.7738861628488727, 2.5385910352879693, 2.3863035105460586, 4.16082924427331, 1.8210862740131384, 2.3154073315749675, 1.9002923751652299, 1.5365907428821477, 1.2692955176439846, 2.0, 1.5, 1.0, 0.5, 0.0, 0.5, 2.3863035105460595, 1.2857142857142856, 2.6641144248951174, 1.90029237516523, 3.8078865529319543, 2.071428571428571, 3.1201379410172008, 2.5662425658985315, 4.180249968114151, 4.516166435640873, 2.8571428571428577, 3.6888629346408224, 3.285541748402973, 5.731708751867834, 3.6428571428571423, 4.326066643928379, 4.0297223392585355, 4.428571428571429, 5.0056657241972955, 4.787194748502582, 5.214285714285715, 5.71254933936229, 5.552521847432314, 6.0, 6.437735971942656, 6.322852050292387, 7.096556285347924, 10.001237037735255], [4.47213595499958, 4.272001872658765, 4.123105625617661, 4.031128874149275, 4.0, 3.7015232103281503, 3.4681086744474685, 3.2058973436118907, 3.0046260628866577, 2.877112750272011, 4.451123453691214, 2.2072356559577564, 2.6034165586355513, 2.2422706745122847, 1.9436506316151, 1.740051084818425, 2.0615528128088303, 1.5811388300841898, 1.118033988749895, 0.7071067811865476, 0.5, 0.0, 2.333333333333334, 0.7857142857142856, 2.4620705479778513, 1.5365907428821481, 3.640054944640259, 1.5714285714285712, 2.8131534262365583, 2.133046324230956, 3.9292207255643046, 4.263087028651219, 2.3571428571428577, 3.316710251653593, 2.8237131598429563, 5.4519137102312625, 3.1428571428571423, 3.9143320585832533, 3.554084871577552, 3.928571428571429, 4.569257917193141, 4.3039954016278354, 4.714285714285715, 5.260126827402817, 5.064773187186344, 5.5, 5.974482776311641, 5.832167035982502, 6.60387091871965, 9.531706566833028], [5.897268670984712, 5.540256712864887, 5.2068331172711035, 4.901813723284247, 4.630814663149935, 4.359550474534561, 5.177408189003023, 4.766783215358364, 4.374801582802229, 4.006938426723769, 2.98724138815582, 2.095575856812384, 4.642796092394707, 4.179978734661485, 3.72677996249965, 3.287180487219337, 4.362084109434134, 3.865804501581068, 3.3706247360261146, 2.877112750272012, 2.3863035105460595, 2.333333333333334, 0.0, 2.4620705479778513, 0.7857142857142856, 1.5365907428821481, 1.5365907428821475, 2.8131534262365583, 1.5714285714285712, 2.133046324230956, 2.1330463242309556, 2.445405179436043, 3.316710251653593, 2.3571428571428577, 2.8237131598429563, 3.6827425725396243, 3.9143320585832533, 3.1428571428571423, 3.554084871577552, 4.569257917193141, 3.928571428571429, 4.3039954016278354, 5.260126827402817, 4.714285714285715, 5.064773187186344, 5.974482776311641, 5.5, 5.832167035982502, 6.60387091871965, 8.979750975771667], [5.186816097037738, 5.015282766154845, 4.889075702470743, 4.811762798028369, 4.785714285714286, 4.487216196874018, 4.134913018303316, 3.9175892675131525, 3.754664521489801, 3.6534238282649656, 4.975065377480389, 2.8855682163088225, 3.164517709794165, 2.8747473516121214, 2.6484282764690654, 2.5028328620986473, 2.3776167110133195, 1.9756166694199044, 1.6288220358559113, 1.3795148511305688, 1.2857142857142856, 0.7857142857142856, 2.4620705479778513, 0.0, 2.333333333333334, 1.186182734007729, 3.506553631038165, 0.7857142857142856, 2.4620705479778513, 1.5365907428821481, 3.640054944640259, 3.9613936004229715, 1.571428571428572, 2.8131534262365587, 2.133046324230956, 5.080981725461893, 2.3571428571428568, 3.3167102516535922, 2.8237131598429572, 3.1428571428571432, 3.9143320585832537, 3.5540848715775506, 3.9285714285714297, 4.569257917193142, 4.303995401627836, 4.714285714285714, 5.260126827402816, 5.064773187186346, 5.832167035982501, 8.800657482001222], [6.456069934741071, 6.131680493056878, 5.832167035982501, 5.561550053920901, 5.3242375669136175, 5.043760051876479, 5.645819997725044, 5.27180710130584, 4.920225277367425, 4.5962249125463845, 3.7232226123769703, 2.8010806596196707, 4.979151545532501, 4.550672123988428, 4.138270586454204, 3.7472590133828065, 4.520048561936871, 4.043204875953511, 3.5726981870290846, 3.1114046670704174, 2.6641144248951174, 2.4620705479778513, 0.7857142857142856, 2.333333333333334, 0.0, 1.186182734007729, 1.186182734007728, 2.4620705479778513, 0.7857142857142856, 1.5365907428821481, 1.5365907428821475, 1.8704905065865536, 2.8131534262365587, 1.571428571428572, 2.133046324230956, 3.107346946555191, 3.3167102516535922, 2.3571428571428568, 2.8237131598429572, 3.9143320585832537, 3.1428571428571432, 3.5540848715775506, 4.569257917193142, 3.9285714285714297, 4.303995401627836, 5.260126827402816, 4.714285714285714, 5.064773187186346, 5.832167035982501, 8.199638383865988], [5.918426968188235, 5.666666666666667, 5.449260908090605, 5.270462766947299, 5.134307266916454, 4.836855304644619, 4.972144630058766, 4.6696419087073, 4.403281604540969, 4.179978734661484, 4.416666666666666, 2.8074224196309365, 4.139914116124741, 3.7712361663282534, 3.435921354681384, 3.1446603773522015, 3.5039660069381067, 3.05959329178097, 2.63523138347365, 2.242270674512285, 1.90029237516523, 1.5365907428821481, 1.5365907428821481, 1.186182734007729, 1.186182734007729, 0.0, 2.333333333333333, 1.2990926538765468, 1.2990926538765468, 0.7857142857142856, 2.4620705479778504, 2.787857801343627, 1.7896781402824895, 1.7896781402824895, 1.5714285714285712, 3.9400028735686403, 2.4398663581854207, 2.4398663581854207, 2.3571428571428577, 3.1524025319359223, 3.1524025319359223, 3.1428571428571423, 3.8932029844920826, 3.8932029844920826, 3.928571428571429, 4.648775226993784, 4.648775226993784, 4.714285714285715, 5.5, 8.218329714906174], [7.433034373659253, 7.0710678118654755, 6.726812023536855, 6.4031242374328485, 6.103277807866851, 5.843288453082709, 6.704061787039588, 6.300352723811933, 5.9113826169894, 5.540256712864887, 3.75, 3.5840778475661708, 6.112373606964083, 5.666666666666667, 5.230784942158405, 4.8074017006186525, 5.70087712549569, 5.220153254455275, 4.743416490252569, 4.272001872658765, 3.8078865529319543, 3.640054944640259, 1.5365907428821475, 3.506553631038165, 1.186182734007728, 2.333333333333333, 0.0, 3.546340453516117, 1.2990926538765462, 2.4620705479778504, 0.7857142857142856, 1.011281880938899, 3.753909526705975, 1.789678140282489, 2.813153426236558, 2.1925548658954357, 4.103880692063778, 2.4398663581854203, 3.3167102516535922, 4.5636093842752254, 3.1524025319359215, 3.9143320585832524, 5.103520193684644, 3.893202984492082, 4.5692579171931405, 5.70087712549569, 4.648775226993784, 5.260126827402816, 5.97448277631164, 7.922618585923381], [5.919528387171617, 5.76981943621554, 5.660460787473985, 5.5938194756830155, 5.571428571428571, 5.2729155308927576, 4.837553869223754, 4.653163164734471, 4.51684928214809, 4.433049451296671, 5.561002148710175, 3.6077434080825523, 3.8059507052739208, 3.5686497125628702, 3.3889911140301114, 3.2764707798140145, 2.8793777672494816, 2.5575019699954504, 2.300177455443517, 2.1309191271680423, 2.071428571428571, 1.5714285714285712, 2.8131534262365583, 0.7857142857142856, 2.4620705479778513, 1.2990926538765468, 3.546340453516117, 0.0, 2.333333333333334, 1.186182734007729, 3.506553631038165, 3.800797466143242, 0.7857142857142865, 2.4620705479778517, 1.5365907428821481, 4.810829591941376, 1.5714285714285712, 2.8131534262365583, 2.133046324230957, 2.3571428571428577, 3.316710251653593, 2.8237131598429563, 3.142857142857144, 3.9143320585832546, 3.554084871577552, 3.928571428571429, 4.569257917193141, 4.303995401627837, 5.064773187186344, 8.079876733734945], [7.058228822042283, 6.762784986303724, 6.492451573761773, 6.250487509331443, 6.040303036352983, 5.7539590248233905, 6.178972828506329, 5.839209867960404, 5.523860837200085, 5.237337607546366, 4.4761429835373105, 3.5405312354626677, 5.409532193152458, 5.017938343126538, 4.647189675716515, 4.302678067059263, 4.802977628961892, 4.357207910000975, 3.924528944681352, 3.509785478388728, 3.1201379410172008, 2.8131534262365583, 1.5714285714285712, 2.4620705479778513, 0.7857142857142856, 1.2990926538765468, 1.2990926538765462, 2.333333333333334, 0.0, 1.186182734007729, 1.186182734007728, 1.500718779918222, 2.4620705479778517, 0.7857142857142865, 1.5365907428821481, 2.6425955260854783, 2.8131534262365583, 1.5714285714285712, 2.133046324230957, 3.316710251653593, 2.3571428571428577, 2.8237131598429563, 3.9143320585832546, 3.142857142857144, 3.554084871577552, 4.569257917193141, 3.928571428571429, 4.303995401627837, 5.064773187186344, 7.420707886921275], [6.595624881214527, 6.370682923127589, 6.1781011840502265, 6.020985598197038, 5.902169169638353, 5.6036089201859784, 5.600301660161464, 5.333545914130728, 5.101964852042193, 4.91053751485591, 5.100700787742513, 3.592723744419463, 4.68473179788775, 4.362344020303067, 4.075951261338543, 3.8336290924058614, 3.9054151602225526, 3.5122074123020526, 3.1494339555486492, 2.828827950529361, 2.5662425658985315, 2.133046324230956, 2.133046324230956, 1.5365907428821481, 1.5365907428821481, 0.7857142857142856, 2.4620705479778504, 1.186182734007729, 1.186182734007729, 0.0, 2.333333333333333, 2.6196007206364267, 1.2990926538765473, 1.2990926538765473, 0.7857142857142856, 3.631537333668458, 1.789678140282489, 1.789678140282489, 1.571428571428572, 2.439866358185421, 2.439866358185421, 2.3571428571428568, 3.152402531935923, 3.152402531935923, 3.1428571428571432, 3.8932029844920817, 3.8932029844920817, 3.9285714285714297, 4.714285714285714, 7.463947609250387], [7.982762040542005, 7.646861434334897, 7.329699161351601, 7.033810474836407, 6.761988597736495, 6.492247964938555, 7.182311668747707, 6.807025848858625, 6.448689859733485, 6.1102864832206905, 4.535714285714286, 4.227488294352042, 6.49376117826663, 6.076095311988021, 5.671766412711547, 5.2838370754937936, 5.9560464904094195, 5.497680401398245, 5.047225950551289, 4.607004427599171, 4.180249968114151, 3.9292207255643046, 2.1330463242309556, 3.640054944640259, 1.5365907428821475, 2.4620705479778504, 0.7857142857142856, 3.506553631038165, 1.186182734007728, 2.333333333333333, 0.0, 0.3359283521253961, 3.546340453516117, 1.2990926538765464, 2.4620705479778504, 1.572176072219782, 3.753909526705975, 1.7896781402824884, 2.813153426236558, 4.103880692063779, 2.4398663581854207, 3.316710251653592, 4.5636093842752254, 3.152402531935923, 3.9143320585832533, 5.103520193684643, 3.8932029844920812, 4.569257917193141, 5.260126827402816, 7.137048120108436], [8.31067277221776, 7.97104985053629, 7.649051543334481, 7.346995529156158, 7.0674392178704695, 6.800408000047461, 7.516254414935093, 7.1389378917934465, 6.777520786817053, 6.434682727888783, 4.730121879706393, 4.535288980340935, 6.829575474024954, 6.411977460055216, 6.006980001723755, 5.617309189813403, 6.286043596969184, 5.829639602569806, 5.38098984283591, 4.942206539750864, 4.516166435640873, 4.263087028651219, 2.445405179436043, 3.9613936004229715, 1.8704905065865536, 2.787857801343627, 1.011281880938899, 3.800797466143242, 1.500718779918222, 2.6196007206364267, 0.3359283521253961, 0.0, 3.7992337881947624, 1.4967541064313379, 2.68088765675779, 1.243269222082503, 3.956891109650552, 1.8609359826146432, 2.957482577853111, 4.256112193945721, 2.433225531103068, 3.397196144764695, 4.669763231559643, 3.1004490185430735, 3.94586796171065, 5.170452605696166, 3.813092658919872, 4.56437292232526, 5.227984339533594, 6.962356920367227], [6.664327821027598, 6.531712279802476, 6.435313924442417, 6.376775463047327, 6.357142857142858, 6.0586187429085365, 5.562467355760412, 5.402873595032576, 5.285928781576633, 5.214503148325853, 6.191357537993208, 4.351989768336499, 4.4934444565277785, 4.294303562150704, 4.146208277920952, 4.054755613338519, 3.4875873187810584, 3.2269591423075767, 3.0270885857738707, 2.900562929178137, 2.8571428571428577, 2.3571428571428577, 3.316710251653593, 1.571428571428572, 2.8131534262365587, 1.7896781402824895, 3.753909526705975, 0.7857142857142865, 2.4620705479778517, 1.2990926538765473, 3.546340453516117, 3.7992337881947624, 0.0, 2.333333333333334, 1.186182734007729, 4.659021496888694, 0.7857142857142847, 2.462070547977851, 1.5365907428821481, 1.5714285714285712, 2.8131534262365583, 2.133046324230955, 2.3571428571428577, 3.316710251653593, 2.8237131598429563, 3.1428571428571423, 3.9143320585832533, 3.554084871577552, 4.3039954016278354, 7.3723766742312815], [7.69357154278169, 7.423456725176412, 7.178048231743332, 6.959959991544508, 6.771832082277801, 6.481609933908327, 6.761569408183133, 6.452556666031278, 6.168642816293657, 5.913444077834677, 5.238703968958012, 4.296436182981107, 5.913444077834677, 5.557471325013263, 5.225146332401739, 4.9212621208058005, 5.190476190476191, 4.780973724103376, 4.3902592653775665, 4.023809523809525, 3.6888629346408224, 3.316710251653593, 2.3571428571428577, 2.8131534262365587, 1.571428571428572, 1.7896781402824895, 1.789678140282489, 2.4620705479778517, 0.7857142857142865, 1.2990926538765473, 1.2990926538765464, 1.4967541064313379, 2.333333333333334, 0.0, 1.186182734007729, 2.3549333451839187, 2.462070547977851, 0.7857142857142847, 1.5365907428821481, 2.8131534262365583, 1.5714285714285712, 2.133046324230955, 3.316710251653593, 2.3571428571428577, 2.8237131598429563, 3.9143320585832533, 3.1428571428571423, 3.554084871577552, 4.3039954016278354, 6.643375297046965], [7.2946179644423825, 7.09188159662151, 6.919401557492685, 6.779487535733474, 6.674187934160894, 6.374981607836839, 6.264122366696176, 6.026820252693508, 5.8228769256794335, 5.655902140679531, 5.810511723184178, 4.378173254079309, 5.290484762755045, 5.007250978159238, 4.759820972642771, 4.554034368001992, 4.41151348713404, 4.067528067573581, 3.7587388727912714, 3.4944886960992636, 3.285541748402973, 2.8237131598429563, 2.8237131598429563, 2.133046324230956, 2.133046324230956, 1.5714285714285712, 2.813153426236558, 1.5365907428821481, 1.5365907428821481, 0.7857142857142856, 2.4620705479778504, 2.68088765675779, 1.186182734007729, 1.186182734007729, 0.0, 3.476664787620098, 1.2990926538765468, 1.2990926538765468, 0.7857142857142865, 1.7896781402824895, 1.7896781402824895, 1.5714285714285712, 2.439866358185422, 2.439866358185422, 2.3571428571428577, 3.1524025319359223, 3.1524025319359223, 3.142857142857144, 3.928571428571429, 6.7167535612013], [9.553800053073207, 9.213870337235571, 8.889078564658853, 8.581143797068396, 8.291944283655877, 8.028720589765637, 8.751281142564652, 8.378856292686708, 8.02032068628079, 7.677620402707568, 5.741359828750689, 5.765072656485798, 8.03846814017049, 7.631335478002782, 7.235854636123635, 6.854042854578591, 7.441185434262915, 6.999396531442872, 6.565962453567828, 6.142652039546957, 5.731708751867834, 5.4519137102312625, 3.6827425725396243, 5.080981725461893, 3.107346946555191, 3.9400028735686403, 2.1925548658954357, 4.810829591941376, 2.6425955260854783, 3.631537333668458, 1.572176072219782, 1.243269222082503, 4.659021496888694, 2.3549333451839187, 3.476664787620098, 0.0, 4.637194748098695, 2.311450817902531, 3.495858487221445, 4.747142596622552, 2.524795553001561, 3.6864005421860955, 4.980145019082627, 2.93957040447778, 4.0240235125720485, 5.320058257864261, 3.484573089900379, 4.475564252648649, 5.010317296039369, 6.174950165988065], [7.417574277569811, 7.298657970015125, 7.212517463636764, 7.160335757718719, 7.142857142857142, 6.844324497382205, 6.301972120511939, 6.161562513495237, 6.059278224979419, 5.997070335397922, 6.85388687578971, 5.108670205288166, 5.20879249676702, 5.038007470655081, 4.91238427592716, 4.8354440617565215, 4.155768059368244, 3.9395949237536216, 3.777619377764957, 3.677010764638214, 3.6428571428571423, 3.1428571428571423, 3.9143320585832533, 2.3571428571428568, 3.3167102516535922, 2.4398663581854207, 4.103880692063778, 1.5714285714285712, 2.8131534262365583, 1.789678140282489, 3.753909526705975, 3.956891109650552, 0.7857142857142847, 2.462070547977851, 1.2990926538765468, 4.637194748098695, 0.0, 2.333333333333334, 1.1861827340077291, 0.7857142857142865, 2.4620705479778517, 1.5365907428821481, 1.571428571428573, 2.813153426236559, 2.133046324230957, 2.3571428571428577, 3.316710251653593, 2.823713159842958, 3.554084871577552, 6.6823769347963875], [8.35453086301338, 8.10646979934606, 7.8823549320223085, 7.68428174529299, 7.5143098557159425, 7.221439197894189, 7.381912379965474, 7.099950496458, 6.842949928124629, 6.613821163706161, 6.007235338925349, 5.061428671543513, 6.473739031823432, 6.15028159670928, 5.851720292827359, 5.58205133012535, 5.661111723066688, 5.288180462853906, 4.937764602973335, 4.6149957682584155, 4.326066643928379, 3.9143320585832533, 3.1428571428571423, 3.3167102516535922, 2.3571428571428568, 2.4398663581854207, 2.4398663581854203, 2.8131534262365583, 1.5714285714285712, 1.789678140282489, 1.7896781402824884, 1.8609359826146432, 2.462070547977851, 0.7857142857142847, 1.2990926538765468, 2.311450817902531, 2.333333333333334, 0.0, 1.1861827340077291, 2.4620705479778517, 0.7857142857142865, 1.5365907428821481, 2.813153426236559, 1.571428571428573, 2.133046324230957, 3.316710251653593, 2.3571428571428577, 2.823713159842958, 3.554084871577552, 5.868275641903941], [8.009702166634284, 7.825513537878475, 7.669549886717774, 7.5435620762466025, 7.449071226100559, 7.149478438856858, 6.953400120993354, 6.740408487322094, 6.5586919358433855, 6.410910484683934, 6.537708950541885, 5.163703327971741, 5.938555372251492, 5.687686106197351, 5.471115660993077, 5.2930558195901405, 4.9905239001718, 4.689206983224272, 4.424024803824297, 4.201824460658244, 4.0297223392585355, 3.554084871577552, 3.554084871577552, 2.8237131598429572, 2.8237131598429572, 2.3571428571428577, 3.3167102516535922, 2.133046324230957, 2.133046324230957, 1.571428571428572, 2.813153426236558, 2.957482577853111, 1.5365907428821481, 1.5365907428821481, 0.7857142857142865, 3.495858487221445, 1.1861827340077291, 1.1861827340077291, 0.0, 1.2990926538765468, 1.2990926538765468, 0.7857142857142847, 1.7896781402824895, 1.7896781402824895, 1.5714285714285712, 2.4398663581854207, 2.4398663581854207, 2.3571428571428577, 3.1428571428571423, 5.979442847601868], [8.176933710013747, 8.069215878755456, 7.99138566820293, 7.944321550513876, 7.928571428571429, 7.630032008881796, 7.0514789944429594, 6.926280098947075, 6.835448486315312, 6.780365477543986, 7.54011381389768, 5.872980628832648, 5.941943229483401, 5.792813594653606, 5.683897372613586, 5.617534098018776, 4.859243243341414, 4.675707956872326, 4.540071023448773, 4.456707854230428, 4.428571428571429, 3.928571428571429, 4.569257917193141, 3.1428571428571432, 3.9143320585832537, 3.1524025319359223, 4.5636093842752254, 2.3571428571428577, 3.316710251653593, 2.439866358185421, 4.103880692063779, 4.256112193945721, 1.5714285714285712, 2.8131534262365583, 1.7896781402824895, 4.747142596622552, 0.7857142857142865, 2.4620705479778517, 1.2990926538765468, 0.0, 2.333333333333334, 1.186182734007729, 0.7857142857142865, 2.4620705479778517, 1.5365907428821481, 1.5714285714285712, 2.8131534262365583, 2.133046324230957, 2.8237131598429563, 6.0159021807372355], [9.03548685327675, 8.806627580544305, 8.600776477101954, 8.419621290517583, 8.2647861038507, 7.970056130290255, 8.031259788280297, 7.772888810057348, 7.538863781776496, 7.331516472521089, 6.779707031844497, 5.831933675666007, 7.077038018845272, 6.782413566485611, 6.512894936471396, 6.271719630227535, 6.195968259742537, 5.857191250284016, 5.54286532481805, 5.257377927801745, 5.0056657241972955, 4.569257917193141, 3.928571428571429, 3.9143320585832537, 3.1428571428571432, 3.1524025319359223, 3.1524025319359215, 3.316710251653593, 2.3571428571428577, 2.439866358185421, 2.4398663581854207, 2.433225531103068, 2.8131534262365583, 1.5714285714285712, 1.7896781402824895, 2.524795553001561, 2.4620705479778517, 0.7857142857142865, 1.2990926538765468, 2.333333333333334, 0.0, 1.186182734007729, 2.4620705479778517, 0.7857142857142865, 1.5365907428821481, 2.8131534262365583, 1.5714285714285712, 2.133046324230957, 2.8237131598429563, 5.096427823374268], [8.736927390493603, 8.568385703275192, 8.4261834120451, 8.311672528845042, 8.226009576951068, 7.926183651206375, 7.661266953831362, 7.46849011991057, 7.3049078026033385, 7.172517782331981, 7.277082110041165, 5.949282053611887, 6.616520586471548, 6.3923139788761265, 6.2004041269798265, 6.043868353232208, 5.619955536012484, 5.3541790743391, 5.123530705814501, 4.932940322643014, 4.787194748502582, 4.3039954016278354, 4.3039954016278354, 3.5540848715775506, 3.5540848715775506, 3.1428571428571423, 3.9143320585832524, 2.8237131598429563, 2.8237131598429563, 2.3571428571428568, 3.316710251653592, 3.397196144764695, 2.133046324230955, 2.133046324230955, 1.5714285714285712, 3.6864005421860955, 1.5365907428821481, 1.5365907428821481, 0.7857142857142847, 1.186182734007729, 1.186182734007729, 0.0, 1.2990926538765475, 1.2990926538765475, 0.7857142857142865, 1.7896781402824895, 1.7896781402824895, 1.571428571428573, 2.3571428571428577, 5.256176272835128], [8.940848701896487, 8.842441716528535, 8.77147510457643, 8.72861819019506, 8.714285714285715, 8.415740785290764, 7.808108175991279, 7.695229255063286, 7.613576904975865, 7.564162431358932, 8.2441228292942, 6.6422876740200785, 6.687043688206461, 6.554887740303557, 6.4588352888103495, 6.400511955147172, 5.584691174111966, 5.425751147095127, 5.309310266899467, 5.238203462085459, 5.214285714285715, 4.714285714285715, 5.260126827402817, 3.9285714285714297, 4.569257917193142, 3.8932029844920826, 5.103520193684644, 3.142857142857144, 3.9143320585832546, 3.152402531935923, 4.5636093842752254, 4.669763231559643, 2.3571428571428577, 3.316710251653593, 2.439866358185422, 4.980145019082627, 1.571428571428573, 2.813153426236559, 1.7896781402824895, 0.7857142857142865, 2.4620705479778517, 1.2990926538765475, 0.0, 2.333333333333334, 1.186182734007729, 0.7857142857142847, 2.462070547977851, 1.5365907428821481, 2.133046324230955, 5.381699589836868], [9.732242973127104, 9.52014810570973, 9.330052873446924, 9.163326540508194, 9.021264875539822, 8.725199093924614, 8.703121914908445, 8.465281905077132, 8.2509190033046, 8.061906168255721, 7