totalHoles = 80;
zeroHoleID = 29;
C = [[0.0, 1.0, 0.7, 1.2206555615733703, 1.118033988749895, 1.8027756377319946, 1.4, 1.7204650534085253, 1.7720045146669352, 2.2671568097509267, 2.0999999999999996, 2.325940669922601, 2.4515301344262523, 2.8301943396169813, 2.8, 2.973213749463701, 3.140063693621516, 3.4438350715445125, 3.5, 3.640054944640259, 7.391450730279524, 3.83275357934736, 4.085339643163099, 4.0, 4.123105625617661, 4.392857142857143, 4.50524071249817, 4.527692569068709, 4.743416490252569, 4.785714285714286, 4.889075702470743, 7.60295688600478, 5.024937810560445, 5.220153254455275, 5.178571428571429, 5.274239475110732, 5.415986351835214, 5.597580563356396, 5.571428571428571, 5.660460787473985, 5.807279035479384, 5.97699672042058, 5.964285714285714, 6.047537026065459, 6.198769627753494, 6.358045682279987, 6.357142857142858, 6.435313924442417, 6.590422859679624, 6.740450539050617, 6.75, 6.823672031978091, 6.982211362469922, 7.123992947091124, 7.142857142857142, 7.212517463636764, 7.374113575231139, 7.535714285714285, 7.601775437088256, 7.766112283504533, 7.928571428571429, 7.99138566820293, 8.15819357756235, 8.321428571428571, 8.3812990323331, 8.550346096348786, 8.714285714285715, 8.77147510457643, 8.94256046974814, 9.107142857142858, 9.161880321222723, 9.334828901069633, 9.5, 9.5524865872714, 9.727144850302967, 10.11950279088325, 10.51189802081432, 11.389090758588756, 13.250990492523812, 12.870255869728819], [1.0, 0.0, 1.2206555615733703, 0.7, 1.118033988749895, 1.118033988749895, 1.7204650534085253, 1.4, 1.7720045146669352, 1.7720045146669352, 2.325940669922601, 2.0999999999999996, 2.4515301344262523, 2.4515301344262523, 2.973213749463701, 2.8, 3.140063693621516, 3.140063693621516, 3.640054944640259, 3.5, 6.539299022590807, 3.83275357934736, 3.83275357934736, 4.123105625617661, 4.0, 4.50524071249817, 4.392857142857143, 4.527692569068709, 4.527692569068709, 4.889075702470743, 4.785714285714286, 6.867637064799142, 5.024937810560445, 5.024937810560445, 5.274239475110732, 5.178571428571429, 5.415986351835214, 5.415986351835214, 5.660460787473985, 5.571428571428571, 5.807279035479384, 5.807279035479384, 6.047537026065459, 5.964285714285714, 6.198769627753494, 6.198769627753494, 6.435313924442417, 6.357142857142858, 6.590422859679624, 6.590422859679624, 6.823672031978091, 6.75, 6.982211362469922, 6.982211362469922, 7.212517463636764, 7.142857142857142, 7.374113575231139, 7.601775437088256, 7.535714285714285, 7.766112283504533, 7.99138566820293, 7.928571428571429, 8.15819357756235, 8.3812990323331, 8.321428571428571, 8.550346096348786, 8.77147510457643, 8.714285714285715, 8.94256046974814, 9.161880321222723, 9.107142857142858, 9.334828901069633, 9.5524865872714, 9.5, 9.727144850302967, 10.11950279088325, 10.51189802081432, 11.275731027379708, 12.887150319983048, 12.693960946682413], [0.7, 1.2206555615733703, 0.0, 1.0, 0.5830951894845301, 1.5297058540778354, 0.7, 1.2206555615733703, 1.1180339887498951, 1.8027756377319948, 1.3999999999999997, 1.720465053408525, 1.772004514666935, 2.2671568097509267, 2.0999999999999996, 2.325940669922601, 2.451530134426252, 2.830194339616981, 2.8, 2.973213749463701, 7.073456430029088, 3.140063693621516, 3.4438350715445125, 3.3, 3.4481879299133333, 3.692857142857143, 3.8258585804432217, 3.83275357934736, 4.085339643163099, 4.085714285714285, 4.206312069317943, 7.172618397547912, 4.328972164382672, 4.55411901469428, 4.478571428571429, 4.5888562889696525, 4.719418201777133, 4.9267543234126565, 4.871428571428571, 4.973008780057663, 5.110233829867119, 5.302309854763145, 5.264285714285714, 5.358423656415444, 5.501340281963949, 5.680206413323303, 5.6571428571428575, 5.744846847925753, 5.892679651006641, 6.06000606182764, 6.05, 6.132087735836793, 6.284208423517164, 6.4413721760354825, 6.442857142857142, 6.520000626017247, 6.675893275091219, 6.8357142857142845, 6.908472319979168, 7.067708256570866, 7.228571428571429, 7.297413575915729, 7.459632862881362, 7.621428571428571, 7.686753116198526, 7.851650677873216, 8.014285714285716, 8.076433340912565, 8.243748404403306, 8.407142857142858, 8.466407208515793, 8.635915157772505, 8.8, 8.856635930193812, 9.028141942768487, 9.420421260999632, 9.812746812182612, 10.698300400941898, 12.611445511024355, 12.187382727256843], [1.2206555615733703, 0.7, 1.0, 0.0, 0.5830951894845301, 0.5830951894845301, 1.2206555615733703, 0.7, 1.1180339887498951, 1.1180339887498951, 1.720465053408525, 1.3999999999999997, 1.772004514666935, 1.772004514666935, 2.325940669922601, 2.0999999999999996, 2.451530134426252, 2.451530134426252, 2.973213749463701, 2.8, 6.177594489461673, 3.140063693621516, 3.140063693621516, 3.4481879299133333, 3.3, 3.8258585804432217, 3.692857142857143, 3.83275357934736, 3.83275357934736, 4.206312069317943, 4.085714285714285, 6.387952733090491, 4.328972164382672, 4.328972164382672, 4.5888562889696525, 4.478571428571429, 4.719418201777133, 4.719418201777133, 4.973008780057663, 4.871428571428571, 5.110233829867119, 5.110233829867119, 5.358423656415444, 5.264285714285714, 5.501340281963949, 5.501340281963949, 5.744846847925753, 5.6571428571428575, 5.892679651006641, 5.892679651006641, 6.132087735836793, 6.05, 6.284208423517164, 6.284208423517164, 6.520000626017247, 6.442857142857142, 6.675893275091219, 6.908472319979168, 6.8357142857142845, 7.067708256570866, 7.297413575915729, 7.228571428571429, 7.459632862881362, 7.686753116198526, 7.621428571428571, 7.851650677873216, 8.076433340912565, 8.014285714285716, 8.243748404403306, 8.466407208515793, 8.407142857142858, 8.635915157772505, 8.856635930193812, 8.8, 9.028141942768487, 9.420421260999632, 9.812746812182612, 10.577540043092968, 12.228591587522216, 12.001060624138502], [1.118033988749895, 1.118033988749895, 0.5830951894845301, 0.5830951894845301, 0.0, 1.0, 0.6403124237432848, 0.6403124237432848, 0.7000000000000002, 1.2206555615733703, 1.2083045973594568, 1.2083045973594568, 1.4, 1.7204650534085253, 1.8681541692269403, 1.8681541692269403, 2.0999999999999996, 2.325940669922601, 2.5495097567963922, 2.5495097567963922, 6.494374866113259, 2.8, 2.973213749463701, 3.0413812651491097, 3.0413812651491097, 3.4295013619820502, 3.4295013619820502, 3.5, 3.640054944640259, 3.8185904013210457, 3.8185904013210457, 6.591746848346798, 4.0, 4.123105625617661, 4.208379638729552, 4.208379638729552, 4.392857142857143, 4.50524071249817, 4.598691029377106, 4.598691029377106, 4.785714285714286, 4.889075702470743, 4.989402033616977, 4.989402033616977, 5.178571428571429, 5.274239475110732, 5.380425595790424, 5.380425595790424, 5.571428571428571, 5.660460787473985, 5.771698190307598, 5.771698190307598, 5.964285714285714, 6.047537026065459, 6.163172387460132, 6.163172387460132, 6.357142857142858, 6.554812066298299, 6.554812066298299, 6.75, 6.946589237950977, 6.946589237950977, 7.142857142857142, 7.3384818815972155, 7.3384818815972155, 7.535714285714285, 7.73047243586268, 7.73047243586268, 7.928571428571429, 8.122546725388686, 8.122546725388686, 8.321428571428571, 8.514693182963201, 8.514693182963201, 8.714285714285715, 9.107142857142858, 9.5, 10.328598829023685, 12.13486100841929, 11.789635722120808], [1.8027756377319946, 1.118033988749895, 1.5297058540778354, 0.5830951894845301, 1.0, 0.0, 1.5524174696260025, 0.6403124237432848, 1.2206555615733703, 0.7000000000000002, 1.8601075237738272, 1.2083045973594568, 1.7204650534085253, 1.4, 2.3430749027719964, 1.8681541692269403, 2.325940669922601, 2.0999999999999996, 2.9154759474226504, 2.5495097567963922, 5.595157970094409, 2.973213749463701, 2.8, 3.3541019662496847, 3.0413812651491097, 3.7096468284510236, 3.4295013619820502, 3.640054944640259, 3.5, 4.072055089639778, 3.8185904013210457, 5.81468932584067, 4.123105625617661, 4.0, 4.439646290378714, 4.208379638729552, 4.50524071249817, 4.392857142857143, 4.811232605442545, 4.598691029377106, 4.889075702470743, 4.785714285714286, 5.185955326944229, 4.989402033616977, 5.274239475110732, 5.178571428571429, 5.5631807081773585, 5.380425595790424, 5.660460787473985, 5.571428571428571, 5.942432162002357, 5.771698190307598, 6.047537026065459, 5.964285714285714, 6.323345149329666, 6.163172387460132, 6.435313924442417, 6.705636526422364, 6.554812066298299, 6.823672031978091, 7.089083300456861, 6.946589237950977, 7.212517463636764, 7.473507632064786, 7.3384818815972155, 7.601775437088256, 7.858766066096679, 7.73047243586268, 7.99138566820293, 8.244741676130456, 8.122546725388686, 8.3812990323331, 8.631338250816034, 8.514693182963201, 8.77147510457643, 9.161880321222723, 9.5524865872714, 10.252349763120211, 11.778995968695192, 11.639960000958602], [1.4, 1.7204650534085253, 0.7, 1.2206555615733703, 0.6403124237432848, 1.5524174696260025, 0.0, 1.0, 0.5830951894845302, 1.5297058540778357, 0.6999999999999997, 1.22065556157337, 1.118033988749895, 1.8027756377319946, 1.4, 1.7204650534085253, 1.7720045146669348, 2.2671568097509267, 2.1, 2.3259406699226015, 6.812784147240392, 2.4515301344262523, 2.8301943396169813, 2.6, 2.785677655436824, 2.9928571428571433, 3.1555021593323342, 3.1400636936215167, 3.443835071544513, 3.3857142857142857, 3.530306109176624, 6.787337912851995, 3.6345563690772495, 3.9, 3.778571428571429, 3.9086573194405685, 4.024041272559876, 4.2653145444697635, 4.171428571428571, 4.2896172704019415, 4.414123899022134, 4.6351364376810285, 4.564285714285715, 4.672547921812323, 4.804658666123868, 5.008467320244706, 4.957142857142857, 5.0570016122325345, 5.195543616349279, 5.384577371473805, 5.35, 5.442655601817921, 5.586705246404547, 5.76292247997525, 5.742857142857142, 5.829271666620564, 5.978089244935054, 6.135714285714284, 6.216670314237224, 6.369654621720081, 6.5285714285714285, 6.604713839218107, 6.761369864826179, 6.921428571428571, 6.993294893638316, 7.153210353914312, 7.314285714285715, 7.382328596737217, 7.5451565759169, 7.707142857142857, 7.771746973519414, 7.937192867270197, 8.1, 8.161494961096281, 8.329306510074865, 8.721487071290875, 9.113725912051557, 10.008789868421422, 11.978662977232318, 11.506568095178848], [1.7204650534085253, 1.4, 1.2206555615733703, 0.7, 0.6403124237432848, 0.6403124237432848, 1.0, 0.0, 0.5830951894845302, 0.5830951894845302, 1.22065556157337, 0.6999999999999997, 1.118033988749895, 1.118033988749895, 1.7204650534085253, 1.4, 1.7720045146669348, 1.7720045146669348, 2.3259406699226015, 2.1, 5.877322149210249, 2.4515301344262523, 2.4515301344262523, 2.785677655436824, 2.6, 3.1555021593323342, 2.9928571428571433, 3.1400636936215167, 3.1400636936215167, 3.530306109176624, 3.3857142857142857, 5.952095545821956, 3.6345563690772495, 3.6345563690772495, 3.9086573194405685, 3.778571428571429, 4.024041272559876, 4.024041272559876, 4.2896172704019415, 4.171428571428571, 4.414123899022134, 4.414123899022134, 4.672547921812323, 4.564285714285715, 4.804658666123868, 4.804658666123868, 5.0570016122325345, 4.957142857142857, 5.195543616349279, 5.195543616349279, 5.442655601817921, 5.35, 5.586705246404547, 5.586705246404547, 5.829271666620564, 5.742857142857142, 5.978089244935054, 6.216670314237224, 6.135714285714284, 6.369654621720081, 6.604713839218107, 6.5285714285714285, 6.761369864826179, 6.993294893638316, 6.921428571428571, 7.153210353914312, 7.382328596737217, 7.314285714285715, 7.5451565759169, 7.771746973519414, 7.707142857142857, 7.937192867270197, 8.161494961096281, 8.1, 8.329306510074865, 8.721487071290875, 9.113725912051557, 9.879605079387382, 11.574897885467456, 11.309034781651214], [1.7720045146669352, 1.7720045146669352, 1.1180339887498951, 1.1180339887498951, 0.7000000000000002, 1.2206555615733703, 0.5830951894845302, 0.5830951894845302, 0.0, 1.0, 0.6403124237432846, 0.6403124237432846, 0.6999999999999997, 1.22065556157337, 1.2083045973594568, 1.2083045973594568, 1.3999999999999995, 1.7204650534085248, 1.8681541692269403, 1.8681541692269403, 6.243168015597029, 2.0999999999999996, 2.325940669922601, 2.3537204591879637, 2.3537204591879637, 2.7388829094791065, 2.7388829094791065, 2.8, 2.973213749463701, 3.125961076702847, 3.125961076702847, 6.2042427240627225, 3.3, 3.4481879299133333, 3.5143220091040988, 3.5143220091040988, 3.692857142857143, 3.8258585804432217, 3.9035828649682163, 3.9035828649682163, 4.085714285714285, 4.206312069317943, 4.293498882387326, 4.293498882387326, 4.478571428571429, 4.5888562889696525, 4.683906445675099, 4.683906445675099, 4.871428571428571, 4.973008780057663, 5.074692108887001, 5.074692108887001, 5.264285714285714, 5.358423656415444, 5.465774773767303, 5.465774773767303, 5.6571428571428575, 5.857094947539247, 5.857094947539247, 6.05, 6.248608008254024, 6.248608008254024, 6.442857142857142, 6.640279837968473, 6.640279837968473, 6.8357142857142845, 7.032083907465315, 7.032083907465315, 7.228571428571429, 7.423999279776531, 7.423999279776531, 7.621428571428571, 7.8160092118676525, 7.8160092118676525, 8.014285714285716, 8.407142857142858, 8.8, 9.634427690959708, 11.49411416935793, 11.103347335315433], [2.2671568097509267, 1.7720045146669352, 1.8027756377319948, 1.1180339887498951, 1.2206555615733703, 0.7000000000000002, 1.5297058540778357, 0.5830951894845302, 1.0, 0.0, 1.5524174696260022, 0.6403124237432846, 1.22065556157337, 0.6999999999999997, 1.8601075237738272, 1.2083045973594568, 1.7204650534085248, 1.3999999999999995, 2.3430749027719964, 1.8681541692269403, 5.301512489816575, 2.325940669922601, 2.0999999999999996, 2.745906043549196, 2.3537204591879637, 3.0824470136300373, 2.7388829094791065, 2.973213749463701, 2.8, 3.4309812959357884, 3.125961076702847, 5.371416314384943, 3.4481879299133333, 3.3, 3.7881999925655285, 3.5143220091040988, 3.8258585804432217, 3.692857142857143, 4.151862134473334, 3.9035828649682163, 4.206312069317943, 4.085714285714285, 4.5204128852419245, 4.293498882387326, 4.5888562889696525, 4.478571428571429, 4.892747652580985, 4.683906445675099, 4.973008780057663, 4.871428571428571, 5.26806416058119, 5.074692108887001, 5.358423656415444, 5.264285714285714, 5.645767784593254, 5.465774773767303, 5.744846847925753, 6.0254096312607475, 5.857094947539247, 6.132087735836793, 6.406645147096593, 6.248608008254024, 6.520000626017247, 6.789205868621941, 6.640279837968473, 6.908472319979168, 7.172879762106198, 7.032083907465315, 7.297413575915729, 7.557497291175331, 7.423999279776531, 7.686753116198526, 7.942921376924236, 7.8160092118676525, 8.076433340912565, 8.466407208515793, 8.856635930193812, 9.552639364425563, 11.11775853646397, 10.944289854178091], [2.0999999999999996, 2.325940669922601, 1.3999999999999997, 1.720465053408525, 1.2083045973594568, 1.8601075237738272, 0.6999999999999997, 1.22065556157337, 0.6403124237432846, 1.5524174696260022, 0.0, 1.0, 0.5830951894845302, 1.5297058540778357, 0.7000000000000002, 1.2206555615733703, 1.118033988749895, 1.8027756377319946, 1.4000000000000004, 1.7204650534085255, 6.616212648204421, 1.7720045146669352, 2.2671568097509267, 1.9000000000000004, 2.147091055358389, 2.2928571428571436, 2.50143836173331, 2.451530134426253, 2.8301943396169813, 2.685714285714286, 2.8658438939498776, 6.455188394588757, 2.9427877939124327, 3.264965543462902, 3.078571428571429, 3.236912424026379, 3.330601771942318, 3.6184123815929703, 3.4714285714285715, 3.6125913589182232, 3.719474397803858, 3.979257442779792, 3.8642857142857148, 3.991579146357073, 4.1091051213079455, 4.3456581662573495, 4.257142857142858, 4.373015584939351, 4.499296997241653, 4.716319907447729, 4.65, 4.75631159618459, 4.889915695613175, 5.090311926611579, 5.042857142857143, 5.141051270242819, 5.280866502801238, 5.435714285714285, 5.526933127505557, 5.672080746956976, 5.828571428571429, 5.9137335836135865, 6.063507437859674, 6.2214285714285715, 6.301283477942232, 6.455107928404213, 6.614285714285716, 6.689452556839319, 6.846852397642442, 7.007142857142858, 7.078138951759013, 7.238717470121686, 7.4, 7.467261881037788, 7.630684565540338, 8.022738730302382, 8.414867794564572, 9.320843191022854, 11.353773626715313, 10.828200262155164], [2.325940669922601, 2.0999999999999996, 1.720465053408525, 1.3999999999999997, 1.2083045973594568, 1.2083045973594568, 1.22065556157337, 0.6999999999999997, 0.6403124237432846, 0.6403124237432846, 1.0, 0.0, 0.5830951894845302, 0.5830951894845302, 1.2206555615733703, 0.7000000000000002, 1.118033988749895, 1.118033988749895, 1.7204650534085255, 1.4000000000000004, 5.648288025142444, 1.7720045146669352, 1.7720045146669352, 2.147091055358389, 1.9000000000000004, 2.50143836173331, 2.2928571428571436, 2.451530134426253, 2.451530134426253, 2.8658438939498776, 2.685714285714286, 5.57036288342051, 2.9427877939124327, 2.9427877939124327, 3.236912424026379, 3.078571428571429, 3.330601771942318, 3.330601771942318, 3.6125913589182232, 3.4714285714285715, 3.719474397803858, 3.719474397803858, 3.991579146357073, 3.8642857142857148, 4.1091051213079455, 4.1091051213079455, 4.373015584939351, 4.257142857142858, 4.499296997241653, 4.499296997241653, 4.75631159618459, 4.65, 4.889915695613175, 4.889915695613175, 5.141051270242819, 5.042857142857143, 5.280866502801238, 5.526933127505557, 5.435714285714285, 5.672080746956976, 5.9137335836135865, 5.828571428571429, 6.063507437859674, 6.301283477942232, 6.2214285714285715, 6.455107928404213, 6.689452556839319, 6.614285714285716, 6.846852397642442, 7.078138951759013, 7.007142857142858, 7.238717470121686, 7.467261881037788, 7.4, 7.630684565540338, 8.022738730302382, 8.414867794564572, 9.181984517852266, 10.926942385845132, 10.618054401864132], [2.4515301344262523, 2.4515301344262523, 1.772004514666935, 1.772004514666935, 1.4, 1.7204650534085253, 1.118033988749895, 1.118033988749895, 0.6999999999999997, 1.22065556157337, 0.5830951894845302, 0.5830951894845302, 0.0, 1.0, 0.6403124237432848, 0.6403124237432848, 0.6999999999999997, 1.22065556157337, 1.2083045973594573, 1.2083045973594573, 6.062787217142286, 1.4, 1.7204650534085253, 1.6763054614240211, 1.6763054614240211, 2.054623953874951, 2.054623953874951, 2.1, 2.3259406699226015, 2.437546441211167, 2.437546441211167, 5.874872683342213, 2.6, 2.785677655436824, 2.8232001671283373, 2.8232001671283373, 2.9928571428571433, 3.1555021593323342, 3.2106010626786796, 3.2106010626786796, 3.3857142857142857, 3.530306109176624, 3.599184998449125, 3.599184998449125, 3.778571428571429, 3.9086573194405685, 3.988606221706618, 3.988606221706618, 4.171428571428571, 4.2896172704019415, 4.378641341786285, 4.378641341786285, 4.564285714285715, 4.672547921812323, 4.769139741877042, 4.769139741877042, 4.957142857142857, 5.159996242681751, 5.159996242681751, 5.35, 5.551135202894659, 5.551135202894659, 5.742857142857142, 5.942500847835918, 5.942500847835918, 6.135714285714284, 6.334051158747667, 6.334051158747667, 6.5285714285714285, 6.725753883849933, 6.725753883849933, 6.921428571428571, 7.117583859709698, 7.117583859709698, 7.314285714285715, 7.707142857142857, 8.1, 8.941165477372229, 10.860684572475835, 10.418883512018247], [2.8301943396169813, 2.4515301344262523, 2.2671568097509267, 1.772004514666935, 1.7204650534085253, 1.4, 1.8027756377319946, 1.118033988749895, 1.22065556157337, 0.6999999999999997, 1.5297058540778357, 0.5830951894845302, 1.0, 0.0, 1.5524174696260025, 0.6403124237432848, 1.22065556157337, 0.6999999999999997, 1.8601075237738274, 1.2083045973594573, 5.0878558007328865, 1.7204650534085253, 1.4, 2.193171219946131, 1.6763054614240211, 2.4942893961681225, 2.054623953874951, 2.3259406699226015, 2.1, 2.8180902492754245, 2.437546441211167, 4.987345435082276, 2.785677655436824, 2.6, 3.1576033923964344, 2.8232001671283373, 3.1555021593323342, 2.9928571428571433, 3.5082701127013394, 3.2106010626786796, 3.530306109176624, 3.3857142857142857, 3.8670573635596908, 3.599184998449125, 3.9086573194405685, 3.778571428571429, 4.231900234154479, 3.988606221706618, 4.2896172704019415, 4.171428571428571, 4.60135849505339, 4.378641341786285, 4.672547921812323, 4.564285714285715, 4.9744038715760714, 4.769139741877042, 5.0570016122325345, 5.350286088097512, 5.159996242681751, 5.442655601817921, 5.728446738935113, 5.551135202894659, 5.829271666620564, 6.108462681111394, 5.942500847835918, 6.216670314237224, 6.490008018610814, 6.334051158747667, 6.604713839218107, 6.872828042816323, 6.725753883849933, 6.993294893638316, 7.256721022610694, 7.117583859709698, 7.382328596737217, 7.771746973519414, 8.161494961096281, 8.852974753617824, 10.461566026159629, 10.249209335388503], [2.8, 2.973213749463701, 2.0999999999999996, 2.325940669922601, 1.8681541692269403, 2.3430749027719964, 1.4, 1.7204650534085253, 1.2083045973594568, 1.8601075237738272, 0.7000000000000002, 1.2206555615733703, 0.6403124237432848, 1.5524174696260025, 0.0, 1.0, 0.58309518948453, 1.5297058540778354, 0.7000000000000002, 1.2206555615733703, 6.489569459958827, 1.118033988749895, 1.8027756377319946, 1.2000000000000002, 1.562049935181331, 1.5928571428571434, 1.8807429057558671, 1.7720045146669352, 2.2671568097509267, 1.9857142857142858, 2.2232996254418333, 6.1847359261353, 2.2561028345356955, 2.6627053911388696, 2.378571428571429, 2.5802329431305866, 2.6406264717421335, 2.9954812907553454, 2.7714285714285714, 2.946322508913546, 3.0272908343795395, 3.341330542750652, 3.1642857142857146, 3.3185394500642382, 3.415368925600745, 3.6965855729252617, 3.557142857142858, 3.6950325176001435, 3.8044281396009776, 4.058777336758911, 3.95, 4.074616546375867, 4.194195454458946, 4.4262032838770615, 4.3428571428571425, 4.456501785399094, 4.584490268329531, 4.735714285714285, 4.8401435718290795, 4.9751884386422995, 5.128571428571429, 5.225155011859379, 5.366201864352439, 5.521428571428571, 5.611254179716666, 5.757466314912048, 5.9142857142857155, 5.998231031746284, 6.148933871420479, 6.307142857142858, 6.385926011191186, 6.540568064950085, 6.7, 6.774215821775979, 6.932340653688011, 7.324229429413983, 7.716216689544171, 8.63483415897832, 10.738155540467648, 10.152769696279261], [2.973213749463701, 2.8, 2.325940669922601, 2.0999999999999996, 1.8681541692269403, 1.8681541692269403, 1.7204650534085253, 1.4, 1.2083045973594568, 1.2083045973594568, 1.2206555615733703, 0.7000000000000002, 0.6403124237432848, 0.6403124237432848, 1.0, 0.0, 0.58309518948453, 0.58309518948453, 1.2206555615733703, 0.7000000000000002, 5.4993999294775495, 1.118033988749895, 1.118033988749895, 1.562049935181331, 1.2000000000000002, 1.8807429057558671, 1.5928571428571434, 1.7720045146669352, 1.7720045146669352, 2.2232996254418333, 1.9857142857142858, 5.25456410365162, 2.2561028345356955, 2.2561028345356955, 2.5802329431305866, 2.378571428571429, 2.6406264717421335, 2.6406264717421335, 2.946322508913546, 2.7714285714285714, 3.0272908343795395, 3.0272908343795395, 3.3185394500642382, 3.1642857142857146, 3.415368925600745, 3.415368925600745, 3.6950325176001435, 3.557142857142858, 3.8044281396009776, 3.8044281396009776, 4.074616546375867, 3.95, 4.194195454458946, 4.194195454458946, 4.456501785399094, 4.3428571428571425, 4.584490268329531, 4.8401435718290795, 4.735714285714285, 4.9751884386422995, 5.225155011859379, 5.128571428571429, 5.366201864352439, 5.611254179716666, 5.521428571428571, 5.757466314912048, 5.998231031746284, 5.9142857142857155, 6.148933871420479, 6.385926011191186, 6.307142857142858, 6.540568064950085, 6.774215821775979, 6.7, 6.932340653688011, 7.324229429413983, 7.716216689544171, 8.484755909718348, 10.2858095815623, 9.92833776970222], [3.140063693621516, 3.140063693621516, 2.451530134426252, 2.451530134426252, 2.0999999999999996, 2.325940669922601, 1.7720045146669348, 1.7720045146669348, 1.3999999999999995, 1.7204650534085248, 1.118033988749895, 1.118033988749895, 0.6999999999999997, 1.22065556157337, 0.58309518948453, 0.58309518948453, 0.0, 1.0, 0.6403124237432851, 0.6403124237432851, 5.959667004935263, 0.7000000000000002, 1.2206555615733703, 1.0295630140987002, 1.0295630140987002, 1.3861744449515496, 1.3861744449515496, 1.4000000000000004, 1.7204650534085255, 1.7583039137365375, 1.7583039137365375, 5.613878366323572, 1.9000000000000004, 2.147091055358389, 2.137863228476853, 2.137863228476853, 2.2928571428571436, 2.50143836173331, 2.521499391963732, 2.521499391963732, 2.685714285714286, 2.8658438939498776, 2.9075991217946857, 2.9075991217946857, 3.078571428571429, 3.236912424026379, 3.2952965863237167, 3.2952965863237167, 3.4714285714285715, 3.6125913589182232, 3.6840874039577294, 3.6840874039577294, 3.8642857142857148, 3.991579146357073, 4.073658537181414, 4.073658537181414, 4.257142857142858, 4.463805688478139, 4.463805688478139, 4.65, 4.8543899761778855, 4.8543899761778855, 5.042857142857143, 5.245313749103157, 5.245313749103157, 5.435714285714285, 5.6365063720032, 5.6365063720032, 5.828571428571429, 6.027915502569894, 6.027915502569894, 6.2214285714285715, 6.419501538281614, 6.419501538281614, 6.614285714285716, 7.007142857142858, 7.4, 8.249041353707394, 10.235930745535285, 9.736629048359347], [3.4438350715445125, 3.140063693621516, 2.830194339616981, 2.451530134426252, 2.325940669922601, 2.0999999999999996, 2.2671568097509267, 1.7720045146669348, 1.7204650534085248, 1.3999999999999995, 1.8027756377319946, 1.118033988749895, 1.22065556157337, 0.6999999999999997, 1.5297058540778354, 0.58309518948453, 1.0, 0.0, 1.5524174696260025, 0.6403124237432851, 4.964526021527274, 1.2206555615733703, 0.7000000000000002, 1.7492855684535902, 1.0295630140987002, 1.9802726054351043, 1.3861744449515496, 1.7204650534085255, 1.4000000000000004, 2.2564646358986495, 1.7583039137365375, 4.677084108205808, 2.147091055358389, 1.9000000000000004, 2.5632906943367684, 2.137863228476853, 2.50143836173331, 2.2928571428571436, 2.891013521876622, 2.521499391963732, 2.8658438939498776, 2.685714285714286, 3.233285117811485, 2.9075991217946857, 3.236912424026379, 3.078571428571429, 3.5859419392729635, 3.2952965863237167, 3.6125913589182232, 3.4714285714285715, 3.946200704475129, 3.6840874039577294, 3.991579146357073, 3.8642857142857148, 4.312156522849214, 4.073658537181414, 4.373015584939351, 4.682473835964253, 4.463805688478139, 4.75631159618459, 5.056194422766626, 4.8543899761778855, 5.141051270242819, 5.432615974512704, 5.245313749103157, 5.526933127505557, 5.811213649628851, 5.6365063720032, 5.9137335836135865, 6.191588270074364, 6.027915502569894, 6.301283477942232, 6.573431371817919, 6.419501538281614, 6.689452556839319, 7.078138951759013, 7.467261881037788, 8.153367718287722, 9.811430709344958, 9.554847125358114], [3.5, 3.640054944640259, 2.8, 2.973213749463701, 2.5495097567963922, 2.9154759474226504, 2.1, 2.3259406699226015, 1.8681541692269403, 2.3430749027719964, 1.4000000000000004, 1.7204650534085255, 1.2083045973594573, 1.8601075237738274, 0.7000000000000002, 1.2206555615733703, 0.6403124237432851, 1.5524174696260025, 0.0, 1.0, 6.436983279844716, 0.58309518948453, 1.5297058540778354, 0.5, 1.118033988749895, 0.8928571428571432, 1.3405945985088188, 1.118033988749895, 1.8027756377319946, 1.2857142857142856, 1.6288220358559113, 5.984351238223234, 1.5811388300841898, 2.1213203435596424, 1.6785714285714288, 1.9538684809414189, 1.957781439095107, 2.415141437528102, 2.071428571428571, 2.300177455443517, 2.3397627648798855, 2.733951315572091, 2.4642857142857144, 2.6594555987330666, 2.724838508601782, 3.0699747389773724, 2.8571428571428577, 3.0270885857738707, 3.1118601301131377, 3.418138889715828, 3.25, 3.400367627183861, 3.500182211000462, 3.7750861593086964, 3.6428571428571423, 3.777619377764957, 3.889415254303424, 4.035714285714285, 4.157762594944348, 4.2793106921559225, 4.428571428571429, 4.540071023448773, 4.669702608194615, 4.821428571428571, 4.924040360251706, 5.060476100857204, 5.214285714285715, 5.309310266899467, 5.451549115169196, 5.607142857142858, 5.695616825279608, 5.842861508905109, 6.0, 6.082762530298219, 6.234368206865514, 6.626034767090638, 7.0178344238090995, 7.951264309182572, 10.133498569391321, 9.480904181249581], [3.640054944640259, 3.5, 2.973213749463701, 2.8, 2.5495097567963922, 2.5495097567963922, 2.3259406699226015, 2.1, 1.8681541692269403, 1.8681541692269403, 1.7204650534085255, 1.4000000000000004, 1.2083045973594573, 1.2083045973594573, 1.2206555615733703, 0.7000000000000002, 0.6403124237432851, 0.6403124237432851, 1.0, 0.0, 5.437245769110297, 0.58309518948453, 0.58309518948453, 1.118033988749895, 0.5, 1.3405945985088188, 0.8928571428571432, 1.118033988749895, 1.118033988749895, 1.6288220358559113, 1.2857142857142856, 5.01716505466777, 1.5811388300841898, 1.5811388300841898, 1.9538684809414189, 1.6785714285714288, 1.957781439095107, 1.957781439095107, 2.300177455443517, 2.071428571428571, 2.3397627648798855, 2.3397627648798855, 2.6594555987330666, 2.4642857142857144, 2.724838508601782, 2.724838508601782, 3.0270885857738707, 2.8571428571428577, 3.1118601301131377, 3.1118601301131377, 3.400367627183861, 3.25, 3.500182211000462, 3.500182211000462, 3.777619377764957, 3.6428571428571423, 3.889415254303424, 4.157762594944348, 4.035714285714285, 4.2793106921559225, 4.540071023448773, 4.428571428571429, 4.669702608194615, 4.924040360251706, 4.821428571428571, 5.060476100857204, 5.309310266899467, 5.214285714285715, 5.451549115169196, 5.695616825279608, 5.607142857142858, 5.842861508905109, 6.082762530298219, 6.0, 6.234368206865514, 6.626034767090638, 7.0178344238090995, 7.788024525444321, 9.652859037235482, 9.240167880382096], [7.391450730279524, 6.539299022590807, 7.073456430029088, 6.177594489461673, 6.494374866113259, 5.595157970094409, 6.812784147240392, 5.877322149210249, 6.243168015597029, 5.301512489816575, 6.616212648204421, 5.648288025142444, 6.062787217142286, 5.0878558007328865, 6.489569459958827, 5.4993999294775495, 5.959667004935263, 4.964526021527274, 6.436983279844716, 5.437245769110297, 0.0, 5.937834014106844, 4.938295311926129, 6.4458678465006205, 5.447761017450924, 6.479962138637591, 5.488059504677772, 5.998175951775202, 5.0106888306062, 6.537528570583116, 5.555912852079116, 1.398835234151868, 6.0903672547724454, 5.120689514773556, 6.617954651823487, 5.65032844906378, 6.190233001054551, 5.239071713199984, 6.720419719435795, 5.770002514218592, 6.313007950737349, 5.383582189841664, 6.843933964216679, 5.913401721113322, 6.457385510730243, 5.552181142838935, 6.987381231700722, 6.078847282654079, 6.621952835205981, 5.742747353000993, 7.149561826928706, 6.264592734231293, 6.805245369461996, 5.953171620849791, 7.329232267189826, 6.468889660144459, 7.00579354497855, 7.525139892729215, 6.690038730370104, 7.222160017649154, 7.736051231297565, 6.926425951525646, 7.452967255770329, 7.960773855019637, 7.176545699671368, 7.696916264324767, 8.198172086365084, 7.439012929573588, 7.952797779011945, 8.447177292677999, 7.712567148663418, 8.219497461346117, 8.706793688815747, 7.9960705442304025, 8.495996586021029, 8.78136953622124, 9.07477918976851, 8.921132789787077, 8.610191386693746, 9.665576562877224], [3.83275357934736, 3.83275357934736, 3.140063693621516, 3.140063693621516, 2.8, 2.973213749463701, 2.4515301344262523, 2.4515301344262523, 2.0999999999999996, 2.325940669922601, 1.7720045146669352, 1.7720045146669352, 1.4, 1.7204650534085253, 1.118033988749895, 1.118033988749895, 0.7000000000000002, 1.2206555615733703, 0.58309518948453, 0.58309518948453, 5.937834014106844, 0.0, 1.0, 0.5385164807134505, 0.5385164807134505, 0.7755511535912608, 0.7755511535912608, 0.7000000000000002, 1.2206555615733703, 1.1052749219362685, 1.1052749219362685, 5.431126179557157, 1.2000000000000002, 1.562049935181331, 1.4664444018350886, 1.4664444018350886, 1.5928571428571434, 1.8807429057558671, 1.8406409708776639, 1.8406409708776639, 1.9857142857142858, 2.2232996254418333, 2.2212907628361545, 2.2212907628361545, 2.378571428571429, 2.5802329431305866, 2.605567038446092, 2.605567038446092, 2.7714285714285714, 2.946322508913546, 2.992072860075436, 2.992072860075436, 3.1642857142857146, 3.3185394500642382, 3.3800434727309376, 3.3800434727309376, 3.557142857142858, 3.7690265619241514, 3.7690265619241514, 3.95, 4.158738034646608, 4.158738034646608, 4.3428571428571425, 4.548990693168168, 4.548990693168168, 4.735714285714285, 4.939656271607637, 4.939656271607637, 5.128571428571429, 5.330643986060451, 5.330643986060451, 5.521428571428571, 5.721887800367987, 5.721887800367987, 5.9142857142857155, 6.307142857142858, 6.7, 7.558367973087607, 9.621542863386018, 9.057083239857322], [4.085339643163099, 3.83275357934736, 3.4438350715445125, 3.140063693621516, 2.973213749463701, 2.8, 2.8301943396169813, 2.4515301344262523, 2.325940669922601, 2.0999999999999996, 2.2671568097509267, 1.7720045146669352, 1.7204650534085253, 1.4, 1.8027756377319946, 1.118033988749895, 1.2206555615733703, 0.7000000000000002, 1.5297058540778354, 0.58309518948453, 4.938295311926129, 1.0, 0.0, 1.5132745950421556, 0.5385164807134505, 1.6129102863571598, 0.7755511535912608, 1.2206555615733703, 0.7000000000000002, 1.7948907078318792, 1.1052749219362685, 4.456076415595519, 1.562049935181331, 1.2000000000000002, 2.0372675778290565, 1.4664444018350886, 1.8807429057558671, 1.5928571428571434, 2.321197790726475, 1.8406409708776639, 2.2232996254418333, 1.9857142857142858, 2.6332741317723123, 2.2212907628361545, 2.5802329431305866, 2.378571428571429, 2.9646213235144785, 2.605567038446092, 2.946322508913546, 2.7714285714285714, 3.3094561486745824, 2.992072860075436, 3.3185394500642382, 3.1642857142857146, 3.6639724176842567, 3.3800434727309376, 3.6950325176001435, 4.0256131488867375, 3.7690265619241514, 4.074616546375867, 4.392619041166253, 4.158738034646608, 4.456501785399094, 4.763750237631126, 4.548990693168168, 4.8401435718290795, 5.138112891094615, 4.939656271607637, 5.225155011859379, 5.515048984925016, 5.330643986060451, 5.611254179716666, 5.89406481131655, 5.721887800367987, 5.998231031746284, 6.385926011191186, 6.774215821775979, 7.453834470327208, 9.168641197519792, 8.86137208209392], [4.0, 4.123105625617661, 3.3, 3.4481879299133333, 3.0413812651491097, 3.3541019662496847, 2.6, 2.785677655436824, 2.3537204591879637, 2.745906043549196, 1.9000000000000004, 2.147091055358389, 1.6763054614240211, 2.193171219946131, 1.2000000000000002, 1.562049935181331, 1.0295630140987002, 1.7492855684535902, 0.5, 1.118033988749895, 6.4458678465006205, 0.5385164807134505, 1.5132745950421556, 0.0, 1.0, 0.39285714285714324, 1.0744006397493804, 0.7071067811865476, 1.5811388300841898, 0.7857142857142856, 1.2717495581974896, 5.888180952782133, 1.118033988749895, 1.8027756377319946, 1.1785714285714288, 1.5456489291701716, 1.4798820967929047, 2.0469614115581574, 1.5714285714285712, 1.862629258629328, 1.8543935693924527, 2.3321182453306437, 1.9642857142857144, 2.2041820177442104, 2.2352121754741217, 2.6450280658979324, 2.3571428571428577, 2.560492618419275, 2.6195886886988924, 2.9769522834535294, 2.75, 2.9261749776799064, 3.0061586445027095, 3.3221965318021702, 3.1428571428571423, 3.298113251604341, 3.3941726772904928, 3.5357142857142847, 3.674408185028451, 3.783186487605389, 3.928571428571429, 4.053846749617918, 4.172920476851008, 4.321428571428571, 4.435622267276507, 4.563190121135941, 4.714285714285715, 4.819179369552287, 4.953868824114201, 5.107142857142858, 5.204124149486185, 5.3448668870998395, 5.5, 5.5901699437494745, 5.736119003689673, 6.127576509318429, 6.519202405202649, 7.464864792656262, 9.709447512705575, 9.003625195283425], [4.123105625617661, 4.0, 3.4481879299133333, 3.3, 3.0413812651491097, 3.0413812651491097, 2.785677655436824, 2.6, 2.3537204591879637, 2.3537204591879637, 2.147091055358389, 1.9000000000000004, 1.6763054614240211, 1.6763054614240211, 1.562049935181331, 1.2000000000000002, 1.0295630140987002, 1.0295630140987002, 1.118033988749895, 0.5, 5.447761017450924, 0.5385164807134505, 0.5385164807134505, 1.0, 0.0, 1.0744006397493804, 0.39285714285714324, 0.7071067811865476, 0.7071067811865476, 1.2717495581974896, 0.7857142857142856, 4.902056749575815, 1.118033988749895, 1.118033988749895, 1.5456489291701716, 1.1785714285714288, 1.4798820967929047, 1.4798820967929047, 1.862629258629328, 1.5714285714285712, 1.8543935693924527, 1.8543935693924527, 2.2041820177442104, 1.9642857142857144, 2.2352121754741217, 2.2352121754741217, 2.560492618419275, 2.3571428571428577, 2.6195886886988924, 2.6195886886988924, 2.9261749776799064, 2.75, 3.0061586445027095, 3.0061586445027095, 3.298113251604341, 3.1428571428571423, 3.3941726772904928, 3.674408185028451, 3.5357142857142847, 3.783186487605389, 4.053846749617918, 3.928571428571429, 4.172920476851008, 4.435622267276507, 4.321428571428571, 4.563190121135941, 4.819179369552287, 4.714285714285715, 4.953868824114201, 5.204124149486185, 5.107142857142858, 5.3448668870998395, 5.5901699437494745, 5.5, 5.736119003689673, 6.127576509318429, 6.519202405202649, 7.290742641671055, 9.206696765880107, 8.749767140944472], [4.392857142857143, 4.50524071249817, 3.692857142857143, 3.8258585804432217, 3.4295013619820502, 3.7096468284510236, 2.9928571428571433, 3.1555021593323342, 2.7388829094791065, 3.0824470136300373, 2.2928571428571436, 2.50143836173331, 2.054623953874951, 2.4942893961681225, 1.5928571428571434, 1.8807429057558671, 1.3861744449515496, 1.9802726054351043, 0.8928571428571432, 1.3405945985088188, 6.479962138637591, 0.7755511535912608, 1.6129102863571598, 0.39285714285714324, 1.0744006397493804, 0.0, 1.0, 0.5113507522598697, 1.503821662244807, 0.39285714285714235, 1.07440063974938, 5.841602828216074, 0.786525555198044, 1.61821582274417, 0.7857142857142856, 1.2717495581974896, 1.118033988749895, 1.8027756377319946, 1.178571428571428, 1.5456489291701712, 1.4798820967929038, 2.046961411558157, 1.5714285714285712, 1.862629258629328, 1.8543935693924527, 2.3321182453306437, 1.9642857142857144, 2.2041820177442104, 2.2352121754741208, 2.6450280658979315, 2.3571428571428568, 2.560492618419274, 2.6195886886988924, 2.9769522834535294, 2.749999999999999, 2.9261749776799055, 3.0061586445027095, 3.1428571428571415, 3.2981132516043403, 3.3941726772904914, 3.5357142857142856, 3.674408185028452, 3.7831864876053882, 3.928571428571428, 4.053846749617917, 4.172920476851007, 4.321428571428572, 4.435622267276508, 4.563190121135942, 4.714285714285714, 4.819179369552286, 4.9538688241142, 5.107142857142857, 5.2041241494861845, 5.3448668870998395, 5.736119003689672, 6.127576509318429, 7.084022406304822, 9.381513978948595, 8.630425397891056], [4.50524071249817, 4.392857142857143, 3.8258585804432217, 3.692857142857143, 3.4295013619820502, 3.4295013619820502, 3.1555021593323342, 2.9928571428571433, 2.7388829094791065, 2.7388829094791065, 2.50143836173331, 2.2928571428571436, 2.054623953874951, 2.054623953874951, 1.8807429057558671, 1.5928571428571434, 1.3861744449515496, 1.3861744449515496, 1.3405945985088188, 0.8928571428571432, 5.488059504677772, 0.7755511535912608, 0.7755511535912608, 1.0744006397493804, 0.39285714285714324, 1.0, 0.0, 0.5113507522598697, 0.5113507522598697, 1.07440063974938, 0.39285714285714235, 4.84600960027707, 0.786525555198044, 0.786525555198044, 1.2717495581974896, 0.7857142857142856, 1.118033988749895, 1.118033988749895, 1.5456489291701712, 1.178571428571428, 1.4798820967929038, 1.4798820967929038, 1.862629258629328, 1.5714285714285712, 1.8543935693924527, 1.8543935693924527, 2.2041820177442104, 1.9642857142857144, 2.2352121754741208, 2.2352121754741208, 2.560492618419274, 2.3571428571428568, 2.6195886886988924, 2.6195886886988924, 2.9261749776799055, 2.749999999999999, 3.0061586445027095, 3.2981132516043403, 3.1428571428571415, 3.3941726772904914, 3.674408185028452, 3.5357142857142856, 3.7831864876053882, 4.053846749617917, 3.928571428571428, 4.172920476851007, 4.435622267276508, 4.321428571428572, 4.563190121135942, 4.819179369552286, 4.714285714285714, 4.9538688241142, 5.2041241494861845, 5.107142857142857, 5.3448668870998395, 5.736119003689672, 6.127576509318429, 6.900296757927907, 8.860174878301818, 8.365249602502734], [4.527692569068709, 4.527692569068709, 3.83275357934736, 3.83275357934736, 3.5, 3.640054944640259, 3.1400636936215167, 3.1400636936215167, 2.8, 2.973213749463701, 2.451530134426253, 2.451530134426253, 2.1, 2.3259406699226015, 1.7720045146669352, 1.7720045146669352, 1.4000000000000004, 1.7204650534085255, 1.118033988749895, 1.118033988749895, 5.998175951775202, 0.7000000000000002, 1.2206555615733703, 0.7071067811865476, 0.7071067811865