totalHoles = 80;
zeroHoleID = 29;
C = [[0.0, 5.0, 8.0, 8.668271294930612, 0.5, 2.5495097567963922, 5.024937810560445, 7.516648189186454, 8.0156097709407, 2.692582403567252, 7.566372975210778, 5.70087712549569, 1.6500000000000004, 2.995413160150032, 5.265216044950103, 7.679355441702123, 8.357049585695766, 2.8000000000000007, 3.7536648758246924, 5.7306195127577615, 8.005623023850173, 4.880244820562432, 6.474844485476938, 3.950000000000001, 4.674665763453041, 6.372009102316161, 8.476585397434512, 9.098229375970787, 8.359536255351394, 5.312532815002176, 5.1000000000000005, 5.679788728465171, 7.142128534267639, 9.069729874698584, 5.273755777432247, 7.661229956374136, 5.75, 7.6198753270640855, 6.25, 6.73145600891813, 8.00390529679106, 9.762812094883317, 10.151970252123476, 7.198090024443984, 10.090218035305282, 9.100137361600648, 7.4, 7.810889834071404, 8.930845424706442, 10.53612832116238, 11.43216709309501, 8.55, 8.908002020655362, 9.904670615421796, 11.373324052360418, 10.69007847388305, 9.7, 10.016985574512923, 10.912836478203088, 12.261321299109651, 10.520152618242339, 12.871426149075756, 10.85, 11.134293870740075, 11.94665225073535, 13.189863532273561, 11.002482425589623, 12.37296560157579, 11.5, 12.539936203984453, 14.0089257261219, 12.0, 12.257650672131263, 12.36931687685298, 13.0, 14.150971698084906, 14.422205101855956, 12.747548783981962, 14.577379737113251, 14.115594213493104], [5.0, 0.0, 3.0, 3.669594543496519, 5.024937810560445, 2.5495097567963922, 0.5, 2.5495097567963922, 3.0413812651491097, 2.692582403567252, 2.692582403567252, 1.5811388300841898, 5.265216044950103, 2.995413160150032, 1.6500000000000004, 2.995413160150032, 3.852308110442073, 5.7306195127577615, 3.7536648758246924, 2.8000000000000007, 3.7536648758246924, 3.054857444498601, 3.4530582258501097, 6.372009102316161, 4.674665763453041, 3.950000000000001, 4.674665763453041, 5.270462766947299, 4.879070917156535, 5.184695902541731, 7.142128534267639, 5.679788728465171, 5.1000000000000005, 5.679788728465171, 6.914658342969665, 5.3567195599960655, 7.6198753270640855, 5.75, 8.00390529679106, 6.73145600891813, 6.25, 6.73145600891813, 6.932712311931024, 7.198090024443984, 7.198090024443984, 7.267220926874317, 8.930845424706442, 7.810889834071404, 7.4, 7.810889834071404, 8.700255424092123, 9.904670615421796, 8.908002020655362, 8.55, 8.908002020655362, 9.180292902613607, 10.912836478203088, 10.016985574512923, 9.7, 10.016985574512923, 10.279767074749852, 10.520152618242339, 11.94665225073535, 11.134293870740075, 10.85, 11.134293870740075, 11.909133476942726, 11.094605796411956, 12.539936203984453, 11.5, 11.884864324004713, 13.0, 12.257650672131263, 12.165525060596439, 12.0, 12.257650672131263, 12.36931687685298, 12.747548783981962, 12.747548783981962, 13.009611831257688], [8.0, 3.0, 0.0, 0.6797957313371895, 8.0156097709407, 5.522680508593631, 3.0413812651491097, 0.7071067811865476, 0.5, 5.5901699437494745, 1.118033988749895, 2.9154759474226504, 8.168384173139753, 5.742168579900803, 3.4238136631539984, 1.7240939649566671, 2.416666666666666, 8.475848040166836, 6.171709649683789, 4.1036569057366385, 2.844292530665579, 4.964007726097711, 4.233628598626845, 8.922023313128026, 6.771447408050956, 4.9600907249767126, 3.981519810323692, 4.333333333333333, 4.489924830184543, 7.076433537923453, 9.487360012142473, 7.500666637039671, 5.916924876994806, 5.1244511901275835, 9.154916711800277, 5.890199015690764, 9.852030247619016, 6.485560885536423, 10.151970252123476, 8.325412902673357, 6.932712311931024, 6.269968101992227, 6.25, 8.707037383633999, 6.768493185340442, 7.668930825088983, 10.897706180660222, 9.220086767487604, 7.984985911070852, 7.416872656315464, 8.166666666666666, 11.709077675034871, 10.166243160578052, 9.061042986323374, 8.564607404896035, 9.50146187582615, 12.573384588089239, 11.150784725749125, 10.15332457867865, 9.712878049270463, 11.25493718823482, 10.083333333333334, 13.480448805585072, 12.164394765050993, 11.25710886506833, 10.861514627343647, 13.352571458688232, 11.361790254083102, 14.0089257261219, 11.884864324004713, 11.5, 14.422205101855956, 13.200378782444085, 13.0, 12.36931687685298, 12.010412149464313, 12.0, 13.656500283747663, 12.509996003196804, 13.238202294873727], [8.668271294930612, 3.669594543496519, 0.6797957313371895, 0.0, 8.675205300555731, 6.178404765176927, 3.6859440958771548, 1.2246151695542378, 0.76313956824194, 6.228398285806167, 1.4560020871463697, 3.451000303330942, 8.799618427216966, 6.351911751605739, 3.969922081824502, 1.916710664479249, 2.3822934764853145, 9.069309892292937, 6.720556551210117, 4.536450021060953, 2.9142541462876257, 5.455863153025428, 4.564611334430521, 9.471878344883272, 7.2546521498855725, 5.29560914828597, 3.9946182154219385, 4.256228922158053, 4.5465008164974074, 7.516790507316203, 9.991275035654597, 7.920800166249966, 6.176776967742658, 5.105494309546029, 9.63959825171623, 6.091729836216897, 10.33002490469644, 6.710917329455793, 10.61035693536843, 8.688680724453604, 7.134891111086581, 6.230583407886697, 6.156530621197879, 9.047841316897852, 6.7223827149981, 7.792938494734891, 11.312770295279007, 9.53374376566298, 8.142835416787474, 7.363373347892876, 8.064581586412391, 12.08399227124766, 10.437258627012357, 9.184218316368279, 8.50078611178315, 9.575898422091209, 12.911698829720251, 11.385317962400961, 10.248851815717734, 9.641185714221637, 11.453921092321934, 9.975936309955006, 13.785719572340989, 12.367682182316788, 11.33018362597742, 10.783624596300518, 13.638662448430276, 11.402324018370953, 14.297024229565373, 11.947045605166188, 11.389824266186267, 14.697794446278378, 13.376795581177962, 13.153758387158264, 12.423854412226222, 11.927516794864035, 11.889001496293865, 13.82240643972295, 12.425212942080142, 13.254258850341333], [0.5, 5.024937810560445, 8.0156097709407, 8.675205300555731, 0.0, 2.5, 5.0, 7.5, 8.0, 2.5495097567963922, 7.516648189186454, 5.5901699437494745, 1.1500000000000004, 2.7518175811634027, 5.130545779934139, 7.587654446533526, 8.226397213307362, 2.3000000000000007, 3.3970575502926064, 5.503635162326805, 7.844743462982075, 4.604195367756107, 6.225507565206587, 3.450000000000001, 4.260575078554538, 6.074742792909014, 8.255452743490208, 8.870988921447509, 8.107495897731269, 4.884623121861603, 4.6000000000000005, 5.23545604508337, 6.794115100585212, 8.798295289429651, 4.7762432936357, 7.321960878829598, 5.25, 7.25, 5.75, 6.269968101992227, 7.6198753270640855, 9.4505290857179, 9.852030247619016, 6.73145600891813, 9.762812094883317, 8.707037383633999, 6.9, 7.338937252763509, 8.521150157109075, 10.191172650877817, 11.080513425729775, 8.05, 8.42926449934987, 9.476418099683023, 11.002386104841078, 10.264556060108546, 9.2, 9.53362470417207, 10.470912090166738, 11.869709347747316, 10.041925999417531, 12.48360035317447, 10.35, 10.647652323399745, 11.494455185001158, 12.781725235663611, 10.502869154785532, 11.927151564579217, 11.0, 12.083045973594572, 13.601470508735444, 11.5, 11.76860229593982, 11.884864324004713, 12.539936203984453, 13.729530217745982, 14.0089257261219, 12.257650672131263, 14.150971698084906, 13.656500283747663], [2.5495097567963922, 2.5495097567963922, 5.522680508593631, 6.178404765176927, 2.5, 0.0, 2.5, 5.0, 5.5, 0.5, 5.024937810560445, 3.1622776601683795, 2.7518175811634027, 1.1500000000000004, 2.7518175811634027, 5.130545779934139, 5.824397918335517, 3.3970575502926064, 2.3000000000000007, 3.3970575502926064, 5.503635162326805, 2.7760218358755457, 4.184130070211064, 4.260575078554538, 3.450000000000001, 4.260575078554538, 6.074742792909014, 6.704061787039588, 6.036823091393645, 4.115650178076852, 5.23545604508337, 4.6000000000000005, 5.23545604508337, 6.794115100585212, 5.153882032022076, 5.688682721958671, 5.814851674806504, 5.814851674806504, 6.269968101992227, 5.75, 6.269968101992227, 7.6198753270640855, 7.956915231419774, 6.25, 8.00390529679106, 7.386643351347079, 7.338937252763509, 6.9, 7.338937252763509, 8.521150157109075, 9.435453236478773, 8.42926449934987, 8.05, 8.42926449934987, 9.476418099683023, 9.171210994798402, 9.53362470417207, 9.2, 9.53362470417207, 10.470912090166738, 9.596367947185945, 11.049446944430196, 10.647652323399745, 10.35, 10.647652323399745, 11.494455185001158, 10.697975547067776, 11.000315652036738, 11.280514172678478, 11.280514172678478, 12.298373876248844, 11.76860229593982, 11.5, 11.510864433221338, 11.76860229593982, 12.539936203984453, 12.747548783981962, 12.0, 13.0, 12.854960132182441], [5.024937810560445, 0.5, 3.0413812651491097, 3.6859440958771548, 5.0, 2.5, 0.0, 2.5, 3.0, 2.5495097567963922, 2.5495097567963922, 1.118033988749895, 5.130545779934139, 2.7518175811634027, 1.1500000000000004, 2.7518175811634027, 3.560001560548971, 5.503635162326805, 3.3970575502926064, 2.3000000000000007, 3.3970575502926064, 2.5911347865460175, 2.959213484094117, 6.074742792909014, 4.260575078554538, 3.450000000000001, 4.260575078554538, 4.867693955503411, 4.433393321355288, 4.745272356143856, 6.794115100585212, 5.23545604508337, 4.6000000000000005, 5.23545604508337, 6.5431261641512, 4.85912657903775, 7.25, 5.25, 7.6198753270640855, 6.269968101992227, 5.75, 6.269968101992227, 6.485560885536423, 6.73145600891813, 6.73145600891813, 6.768493185340442, 8.521150157109075, 7.338937252763509, 6.9, 7.338937252763509, 8.232726023485645, 9.476418099683023, 8.42926449934987, 8.05, 8.42926449934987, 8.681077762070277, 10.470912090166738, 9.53362470417207, 9.2, 9.53362470417207, 9.789804787521444, 10.041925999417531, 11.494455185001158, 10.647652323399745, 10.35, 10.647652323399745, 11.449152856380895, 10.595137773735859, 12.083045973594572, 11.0, 11.40175425099138, 12.539936203984453, 11.76860229593982, 11.672617529928752, 11.5, 11.76860229593982, 11.884864324004713, 12.257650672131263, 12.257650672131263, 12.509996003196804], [7.516648189186454, 2.5495097567963922, 0.7071067811865476, 1.2246151695542378, 7.5, 5.0, 2.5, 0.0, 0.5, 5.024937810560445, 0.5, 2.23606797749979, 7.587654446533526, 5.130545779934139, 2.7518175811634027, 1.1500000000000004, 1.9808107206674517, 7.844743462982075, 5.503635162326805, 3.3970575502926064, 2.3000000000000007, 4.2686838405813, 3.53651586232049, 8.255452743490208, 6.074742792909014, 4.260575078554538, 3.450000000000001, 3.865804501581067, 3.920040771075197, 6.371549503822605, 8.798295289429651, 6.794115100585212, 5.23545604508337, 4.6000000000000005, 8.459462157844316, 5.2307849421584045, 9.154916711800277, 5.814851674806504, 9.4505290857179, 7.6198753270640855, 6.269968101992227, 5.75, 5.771698190307598, 8.00390529679106, 6.25, 7.0400639201643616, 10.191172650877817, 8.521150157109075, 7.338937252763509, 6.9, 7.682953714410739, 11.002386104841078, 9.476418099683023, 8.42926449934987, 8.05, 8.894442709417556, 11.869709347747316, 10.470912090166738, 9.53362470417207, 9.2, 10.587269609194705, 9.596367947185945, 12.781725235663611, 11.494455185001158, 10.647652323399745, 10.35, 12.657785013654225, 10.770651997184036, 13.313526955694348, 11.280514172678478, 11.01135777277262, 13.729530217745982, 12.539936203984453, 12.349089035228468, 11.76860229593982, 11.5, 11.510864433221338, 13.0, 12.0, 12.658988901172163], [8.0156097709407, 3.0413812651491097, 0.5, 0.76313956824194, 8.0, 5.5, 3.0, 0.5, 0.0, 5.522680508593631, 0.7071067811865476, 2.692582403567252, 8.082233602167163, 5.618941181397079, 3.212864765283469, 1.2539936203984456, 1.916666666666666, 8.324061508662703, 5.961543424315552, 3.78021163428716, 2.3537204591879646, 4.692888042623446, 3.8414768572053695, 8.712204083927327, 6.492495668077107, 4.5719251962384515, 3.486043602710673, 3.833333333333333, 4.001133377919643, 6.761098264986089, 9.228217596047461, 7.1700767080973415, 5.491812087098393, 4.627094120503711, 8.877640452282352, 5.441609239104835, 9.56882960450232, 6.046693311223912, 9.852030247619016, 7.956915231419774, 6.485560885536423, 5.771698190307598, 5.75, 8.325412902673357, 6.269968101992227, 7.198090024443984, 10.564563407921787, 8.823831367382313, 7.523961722390672, 6.918092222571191, 7.666666666666666, 11.349118908532063, 9.749487166000067, 8.590838143045183, 8.065513002903163, 9.020039418489871, 12.191800523302536, 10.718675291284832, 9.676776322722356, 9.213576938409968, 10.809268142560706, 9.583333333333334, 13.0813798966317, 11.720601520399882, 10.776015033397085, 10.362070256469023, 12.943987234098788, 10.8746008866737, 13.601470508735444, 11.40175425099138, 11.0, 14.0089257261219, 12.747548783981962, 12.539936203984453, 11.884864324004713, 11.510864433221338, 11.5, 13.200378782444085, 12.010412149464313, 12.747548783981962], [2.692582403567252, 2.692582403567252, 5.5901699437494745, 6.228398285806167, 2.5495097567963922, 0.5, 2.5495097567963922, 5.024937810560445, 5.522680508593631, 0.0, 5.0, 3.0413812651491097, 2.583118270617898, 0.6500000000000004, 2.583118270617898, 5.042072986381693, 5.679519737129579, 3.080584360149873, 1.8000000000000007, 3.080584360149873, 5.314132102234569, 2.363921045445086, 3.852308110442073, 3.8668462601970623, 2.950000000000001, 3.8668462601970623, 5.805385430787521, 6.431260460524912, 5.726506471137396, 3.615952781834143, 4.8020828814171885, 4.1000000000000005, 4.8020828814171885, 6.466065264130885, 4.697073557013984, 5.270462766947299, 5.367727638395972, 5.367727638395972, 5.814851674806504, 5.25, 5.814851674806504, 7.25, 7.603453162872775, 5.75, 7.6198753270640855, 6.932712311931024, 6.870953354520754, 6.4, 6.870953354520754, 8.121576201698781, 9.033886821911768, 7.95314403239373, 7.550000000000001, 7.95314403239373, 9.055523176492898, 8.700255424092123, 9.052071586106685, 8.7, 9.052071586106685, 10.034440691936945, 9.097084392509748, 10.618707286880285, 10.162307808760763, 9.85, 10.162307808760763, 11.046379497373788, 10.207953847995048, 10.520152618242339, 10.793516572461451, 10.793516572461451, 11.853269591129697, 11.280514172678478, 11.0, 11.01135777277262, 11.280514172678478, 12.083045973594572, 12.298373876248844, 11.5, 12.539936203984453, 12.36931687685298], [7.566372975210778, 2.692582403567252, 1.118033988749895, 1.4560020871463697, 7.516648189186454, 5.024937810560445, 2.5495097567963922, 0.5, 0.7071067811865476, 5.0, 0.0, 2.0615528128088303, 7.52811397363244, 5.042072986381693, 2.583118270617898, 0.6500000000000004, 1.5023130314433284, 7.712976079309465, 5.314132102234569, 3.080584360149873, 1.8000000000000007, 4.0129150510171865, 3.1369217041197848, 8.059311384975766, 5.805385430787521, 3.8668462601970623, 2.950000000000001, 3.3706247360261137, 3.422917319201091, 6.060790477471741, 8.54751425854324, 6.466065264130885, 4.8020828814171885, 4.1000000000000005, 8.1891696770796, 4.772607021092117, 8.877640452282352, 5.367727638395972, 9.154916711800277, 7.25, 5.814851674806504, 5.25, 5.273755777432247, 7.6198753270640855, 5.75, 6.562202374203344, 9.859513172565876, 8.121576201698781, 6.870953354520754, 6.4, 7.1840873540841015, 10.642015786494587, 9.055523176492898, 7.95314403239373, 7.550000000000001, 8.407998837086291, 11.486513831445988, 10.034440691936945, 9.052071586106685, 8.7, 10.136910004752162, 9.097084392509748, 12.380327136227054, 11.046379497373788, 10.162307808760763, 9.85, 12.24643468153186, 10.279767074749852, 12.90348790056394, 10.793516572461451, 10.51189802081432, 13.313526955694348, 12.083045973594572, 11.884864324004713, 11.280514172678478, 11.0, 11.01135777277262, 12.539936203984453, 11.5, 12.165525060596439], [5.70087712549569, 1.5811388300841898, 2.9154759474226504, 3.451000303330942, 5.5901699437494745, 3.1622776601683795, 1.118033988749895, 2.23606797749979, 2.692582403567252, 3.0413812651491097, 2.0615528128088303, 0.0, 5.502045074333725, 3.003747659175118, 0.5220153254455276, 2.005617112013158, 2.662757551445076, 5.651548460377917, 3.269556544854363, 1.3928388277184127, 2.385372088375313, 2.068614725725355, 1.916666666666666, 6.02100489951636, 3.873306081372863, 2.5004999500099983, 3.1626729201736947, 3.7785946829182113, 3.3161139391218777, 4.2316063932529175, 6.573431371817919, 4.686149805543993, 3.63455636907725, 4.118252056394801, 6.25, 3.833333333333333, 6.950719387228922, 4.2793106921559225, 7.267220926874317, 5.618051263561058, 4.7762432936357, 5.153882032022076, 5.367727638395972, 6.046693311223912, 5.618051263561058, 5.75, 8.065977932030313, 6.618912297349165, 5.921148537234985, 6.229767250869008, 7.120003121097942, 8.941616185008167, 7.661755673473281, 7.067708256570867, 7.328198960181145, 7.666666666666666, 9.873702446397704, 8.73155198117723, 8.21522975941635, 8.440379138403676, 8.940000621426774, 8.940000621426774, 10.84769560782381, 9.819495913742212, 9.36335943985918, 9.561511386804913, 10.766692486909404, 9.583333333333334, 11.412712210513327, 10.012492197250394, 10.307764064044152, 11.853269591129697, 10.920164833920778, 10.793516572461451, 10.51189802081432, 10.688779163215974, 10.793516572461451, 11.40175425099138, 11.180339887498949, 11.5], [1.6500000000000004, 5.265216044950103, 8.168384173139753, 8.799618427216966, 1.1500000000000004, 2.7518175811634027, 5.130545779934139, 7.587654446533526, 8.082233602167163, 2.583118270617898, 7.52811397363244, 5.502045074333725, 0.0, 2.5, 5.0, 7.5, 8.036652149855547, 1.1500000000000004, 2.7518175811634027, 5.130545779934139, 7.587654446533526, 4.132107643672851, 5.776773416978643, 2.3000000000000007, 3.3970575502926064, 5.503635162326805, 7.844743462982075, 8.438025703787455, 7.621231487382978, 3.9649818091096094, 3.45, 4.260575078554537, 6.074742792909014, 8.255452743490208, 3.634556369077249, 6.619436867622837, 4.1, 6.466065264130885, 4.6, 5.235456045083369, 6.794115100585211, 8.798295289429651, 9.228217596047461, 5.67978872846517, 9.069729874698584, 7.849203781276162, 5.75, 6.269968101992227, 7.6198753270640855, 9.4505290857179, 10.318282049083773, 6.9, 7.338937252763509, 8.521150157109075, 10.191172650877817, 9.313982916979061, 8.049999999999999, 8.429264499349868, 9.476418099683022, 11.002386104841076, 8.951039666491884, 11.624160662650493, 9.2, 9.53362470417207, 10.470912090166738, 11.869709347747316, 9.353915473423957, 10.91960520246853, 9.85, 11.046379497373788, 12.689464133681925, 10.35, 10.647652323399745, 10.776015033397085, 11.494455185001158, 12.781725235663611, 13.0813798966317, 11.134293870740075, 13.189863532273561, 12.612394697280925], [2.995413160150032, 2.995413160150032, 5.742168579900803, 6.351911751605739, 2.7518175811634027, 1.1500000000000004, 2.7518175811634027, 5.130545779934139, 5.618941181397079, 0.6500000000000004, 5.042072986381693, 3.003747659175118, 2.5, 0.0, 2.5, 5.0, 5.553177268715431, 2.7518175811634027, 1.1500000000000004, 2.7518175811634027, 5.130545779934139, 1.8926161332110223, 3.481538612612405, 3.3970575502926064, 2.3000000000000007, 3.3970575502926064, 5.503635162326805, 6.119663207871636, 5.366089142879749, 2.966498625020605, 4.260575078554537, 3.45, 4.260575078554537, 6.074742792909014, 4.1182520563948, 4.75046781322055, 4.802082881417188, 4.802082881417188, 5.235456045083369, 4.6, 5.235456045083369, 6.794115100585211, 7.170076708097341, 5.1, 7.142128534267638, 6.352952069707436, 6.269968101992227, 5.75, 6.269968101992227, 7.6198753270640855, 8.527423083466918, 7.338937252763509, 6.9, 7.338937252763509, 8.521150157109075, 8.09322418926955, 8.429264499349868, 8.049999999999999, 8.429264499349868, 9.476418099683022, 8.448142465128717, 10.068322159680386, 9.53362470417207, 9.2, 9.53362470417207, 10.470912090166738, 9.572468595251426, 9.898877601919208, 10.162307808760763, 10.162307808760763, 11.281511423563776, 10.647652323399745, 10.35, 10.362070256469023, 10.647652323399745, 11.494455185001158, 11.720601520399882, 10.85, 11.94665225073535, 11.739782791857778], [5.265216044950103, 1.6500000000000004, 3.4238136631539984, 3.969922081824502, 5.130545779934139, 2.7518175811634027, 1.1500000000000004, 2.7518175811634027, 3.212864765283469, 2.583118270617898, 2.583118270617898, 0.5220153254455276, 5.0, 2.5, 0.0, 2.5, 3.0964136961617026, 5.130545779934139, 2.7518175811634027, 1.1500000000000004, 2.7518175811634027, 1.6092476740644004, 1.8360585805227208, 5.503635162326805, 3.3970575502926064, 2.3000000000000007, 3.3970575502926064, 4.024956866573575, 3.465062191993972, 3.7919846304973563, 6.074742792909014, 4.260575078554537, 3.45, 4.260575078554537, 5.762811813689563, 3.7171150701107494, 6.466065264130885, 4.1, 6.794115100585211, 5.235456045083369, 4.6, 5.235456045083369, 5.491812087098392, 5.67978872846517, 5.67978872846517, 5.622277118748238, 7.6198753270640855, 6.269968101992227, 5.75, 6.269968101992227, 7.174046587836214, 8.521150157109075, 7.338937252763509, 6.9, 7.338937252763509, 7.533278023395775, 9.476418099683022, 8.429264499349868, 8.049999999999999, 8.429264499349868, 8.667243570542547, 8.951039666491884, 10.470912090166738, 9.53362470417207, 9.2, 9.53362470417207, 10.40521865845161, 9.446574923101906, 11.046379497373788, 9.85, 10.296722779603227, 11.494455185001158, 10.647652323399745, 10.54146574248572, 10.35, 10.647652323399745, 10.776015033397085, 11.134293870740075, 11.134293870740075, 11.361007877824925], [7.679355441702123, 2.995413160150032, 1.7240939649566671, 1.916710664479249, 7.587654446533526, 5.130545779934139, 2.7518175811634027, 1.1500000000000004, 1.2539936203984456, 5.042072986381693, 0.6500000000000004, 2.005617112013158, 7.5, 5.0, 2.5, 0.0, 0.9153020145163979, 7.587654446533526, 5.130545779934139, 2.7518175811634027, 1.1500000000000004, 3.7546451663602944, 2.6685410079500573, 7.844743462982075, 5.503635162326805, 3.3970575502926064, 2.3000000000000007, 2.7295196972686924, 2.7782007305880945, 5.697208156949086, 8.255452743490208, 6.074742792909014, 4.260575078554537, 3.45, 7.87146746166177, 4.19129388667085, 8.54751425854324, 4.802082881417188, 8.798295289429651, 6.794115100585211, 5.235456045083369, 4.6, 4.62709412050371, 7.142128534267638, 5.1, 5.946427498927402, 9.4505290857179, 7.6198753270640855, 6.269968101992227, 5.75, 6.535820104963449, 10.191172650877817, 8.521150157109075, 7.338937252763509, 6.9, 7.778192449263374, 11.002386104841076, 9.476418099683022, 8.429264499349868, 8.049999999999999, 9.558823730517846, 8.448142465128717, 11.869709347747316, 10.470912090166738, 9.53362470417207, 9.2, 11.721987700612223, 9.643017047469002, 12.380327136227054, 10.162307808760763, 9.862682190966106, 12.781725235663611, 11.494455185001158, 11.285942583586007, 10.647652323399745, 10.35, 10.362070256469023, 11.94665225073535, 10.85, 11.52486442436526], [8.357049585695766, 3.852308110442073, 2.416666666666666, 2.3822934764853145, 8.226397213307362, 5.824397918335517, 3.560001560548971, 1.9808107206674517, 1.916666666666666, 5.679519737129579, 1.5023130314433284, 2.662757551445076, 8.036652149855547, 5.553177268715431, 3.0964136961617026, 0.9153020145163979, 0.0, 8.009178762173088, 5.5133424022496955, 3.0243915825244, 0.6300352723811941, 4.076617096208233, 2.692582403567252, 8.145619136143742, 5.709738269930691, 3.3691410049315413, 1.612796053787061, 1.916666666666667, 2.175157965128303, 5.798085060300875, 8.438025703787456, 6.119663207871638, 4.024956866573577, 2.729519697268694, 8.017342313870463, 3.84147685720537, 8.666666666666666, 4.48454134902457, 8.870988921447509, 6.704061787039589, 4.8676939555034116, 3.865804501581068, 3.833333333333334, 7.001983845866669, 4.362084109434134, 5.441609239104837, 9.42515841305127, 7.4218334063162, 5.816666666666668, 5.008354131959034, 5.75, 10.080564358099094, 8.238190200388543, 6.827721272707154, 6.1536800191249625, 7.198090024443984, 10.818823616477184, 9.126715972596301, 7.876988285153434, 7.300475631384878, 9.153020145163989, 7.666666666666668, 11.624160662650493, 10.068322159680386, 8.951039666491884, 8.448142465128717, 11.445175415722039, 9.020039418489873, 12.104005305866503, 9.565926219893422, 9.083333333333334, 12.48360035317447, 11.049446944430196, 10.809268142560706, 10.041925999417531, 9.596367947185945, 9.583333333333334, 11.48580041229653, 10.095722416504483, 10.8746008866737], [2.8000000000000007, 5.7306195127577615, 8.475848040166836, 9.069309892292937, 2.3000000000000007, 3.3970575502926064, 5.503635162326805, 7.844743462982075, 8.324061508662703, 3.080584360149873, 7.712976079309465, 5.651548460377917, 1.1500000000000004, 2.7518175811634027, 5.130545779934139, 7.587654446533526, 8.009178762173088, 0.0, 2.5, 5.0, 7.5, 3.9490520600939676, 5.5344627361450165, 1.1500000000000004, 2.7518175811634027, 5.130545779934139, 7.587654446533526, 8.145619136143742, 7.285591879650284, 3.198064797735534, 2.3, 3.3970575502926055, 5.503635162326805, 7.844743462982075, 2.500499950009997, 6.0553924544803674, 2.9499999999999993, 5.80538543078752, 3.4499999999999993, 4.260575078554536, 6.074742792909013, 8.255452743490208, 8.712204083927327, 4.6746657634530395, 8.476585397434512, 7.074779148496439, 4.6, 5.235456045083369, 6.794115100585211, 8.798295289429651, 9.633333333333333, 5.75, 6.269968101992227, 7.6198753270640855, 9.4505290857179, 8.413349181178946, 6.899999999999999, 7.3389372527635075, 8.521150157109073, 10.191172650877817, 7.876988285153434, 10.818823616477184, 8.049999999999999, 8.429264499349868, 9.476418099683022, 11.002386104841076, 8.20525495553763, 9.94301820933217, 8.7, 10.034440691936945, 11.81905241548577, 9.2, 9.53362470417207, 9.676776322722356, 10.470912090166738, 11.869709347747316, 12.191800523302536, 10.016985574512923, 12.261321299109651, 11.58835622510803], [3.7536648758246924, 3.7536648758246924, 6.171709649683789, 6.720556551210117, 3.3970575502926064, 2.3000000000000007, 3.3970575502926064, 5.503635162326805, 5.961543424315552, 1.8000000000000007, 5.314132102234569, 3.269556544854363, 2.7518175811634027, 1.1500000000000004, 2.7518175811634027, 5.130545779934139, 5.5133424022496955, 2.5, 0.0, 2.5, 5.0, 1.4500670405617289, 3.062723914716731, 2.7518175811634027, 1.1500000000000004, 2.7518175811634027, 5.130545779934139, 5.70973826993069, 4.877662589999468, 1.818420137425412, 3.3970575502926055, 2.3, 3.3970575502926055, 5.503635162326805, 3.1626729201736934, 3.9265478193672583, 3.866846260197061, 3.866846260197061, 4.260575078554536, 3.4499999999999993, 4.260575078554536, 6.074742792909013, 6.492495668077106, 3.9499999999999993, 6.372009102316159, 5.366796064692601, 5.235456045083369, 4.6, 5.235456045083369, 6.794115100585211, 7.6844720775802875, 6.269968101992227, 5.75, 6.269968101992227, 7.6198753270640855, 7.038071074125668, 7.3389372527635075, 6.899999999999999, 7.3389372527635075, 8.521150157109073, 7.300475631384878, 9.126715972596301, 8.429264499349868, 8.049999999999999, 8.429264499349868, 9.476418099683022, 8.45355719259588, 8.80985874524167, 9.052071586106685, 9.052071586106685, 10.29271587094485, 9.53362470417207, 9.2, 9.213576938409968, 9.53362470417207, 10.470912090166738, 10.718675291284832, 9.7, 10.912836478203088, 10.63202708800161], [5.7306195127577615, 2.8000000000000007, 4.1036569057366385, 4.536450021060953, 5.503635162326805, 3.3970575502926064, 2.3000000000000007, 3.3970575502926064, 3.78021163428716, 3.080584360149873, 3.080584360149873, 1.3928388277184127, 5.130545779934139, 2.7518175811634027, 1.1500000000000004, 2.7518175811634027, 3.0243915825244, 5.0, 2.5, 0.0, 2.5, 1.0537441202277196, 0.7939003575876359, 5.130545779934139, 2.7518175811634027, 1.1500000000000004, 2.7518175811634027, 3.36914100493154, 2.6463816140032543, 2.980886636870528, 5.503635162326805, 3.3970575502926055, 2.3, 3.3970575502926055, 5.123719352189384, 2.582204054248574, 5.80538543078752, 2.9499999999999993, 6.074742792909013, 4.260575078554536, 3.4499999999999993, 4.260575078554536, 4.571925196238451, 4.6746657634530395, 4.6746657634530395, 4.478001786511479, 6.794115100585211, 5.235456045083369, 4.6, 5.235456045083369, 6.148260820029604, 7.6198753270640855, 6.269968101992227, 5.75, 6.269968101992227, 6.3862699946404105, 8.521150157109073, 7.3389372527635075, 6.899999999999999, 7.3389372527635075, 7.552942767189782, 7.876988285153434, 9.476418099683022, 8.429264499349868, 8.049999999999999, 8.429264499349868, 9.386109392693239, 8.298410155632892, 10.034440691936945, 8.7, 9.20271699010678, 10.470912090166738, 9.53362470417207, 9.414881836751855, 9.2, 9.53362470417207, 9.676776322722356, 10.016985574512923, 10.016985574512923, 10.212247548899311], [8.005623023850173, 3.7536648758246924, 2.844292530665579, 2.9142541462876257, 7.844743462982075, 5.503635162326805, 3.3970575502926064, 2.3000000000000007, 2.3537204591879646, 5.314132102234569, 1.8000000000000007, 2.385372088375313, 7.587654446533526, 5.130545779934139, 2.7518175811634027, 1.1500000000000004, 0.6300352723811941, 7.5, 5.0, 2.5, 0.0, 3.5521907211896058, 2.092911316271613, 7.587654446533526, 5.130545779934139, 2.7518175811634027, 1.1500000000000004, 1.6127960537870583, 1.6477496630218498, 5.192756347793753, 7.844743462982075, 5.503635162326805, 3.3970575502926055, 2.3, 7.416367035145981, 3.22765824984272, 8.059311384975766, 3.866846260197061, 8.255452743490208, 6.074742792909013, 4.260575078554536, 3.4499999999999993, 3.486043602710671, 6.372009102316159, 3.9499999999999993, 4.87878058535122, 8.798295289429651, 6.794115100585211, 5.235456045083369, 4.6, 5.389908265556205, 9.4505290857179, 7.6198753270640855, 6.269968101992227, 5.75, 6.673413252934695, 10.191172650877817, 8.521150157109073, 7.3389372527635075, 6.899999999999999, 8.56136346877321, 7.300475631384878, 11.002386104841076, 9.476418099683022, 8.429264499349868, 8.049999999999999, 10.827532953296377, 8.521362045536565, 11.486513831445988, 9.052071586106685, 8.714355971613736, 11.869709347747316, 10.470912090166738, 10.241581909060727, 9.53362470417207, 9.2, 9.213576938409968, 10.912836478203088, 9.7, 10.394229168149026], [4.880244820562432, 3.054857444498601, 4.964007726097711, 5.455863153025428, 4.604195367756107, 2.7760218358755457, 2.5911347865460175, 4.2686838405813, 4.692888042623446, 2.363921045445086, 4.0129150510171865, 2.068614725725355, 4.132107643672851, 1.8926161332110223, 1.6092476740644004, 3.7546451663602944, 4.076617096208233, 3.9490520600939676, 1.4500670405617289, 1.0537441202277196, 3.5521907211896058, 0.0, 1.6456333082798982, 4.093984705365327, 1.8078697454618409, 1.5086667177833881, 3.7126483154398477, 4.308321940131516, 3.5111322420549995, 2.1847961281520956, 4.535571558491612, 2.660656236906427, 2.467138800266436, 4.194574604005887, 4.191061137075948, 2.9127775935307727, 4.888280114804233, 3.067677782683925, 5.1987602326545925, 3.678965915229696, 3.5415353244338696, 4.904095706958007, 5.277470147027093, 4.14326147874621, 5.261366759582942, 4.64840401166377, 6.010641109820453, 4.757676828017503, 4.652222162434391, 5.757677769503671, 6.670004991596929, 6.919068228128442, 5.863547338794793, 5.77831027577081, 6.700488929314754, 6.486776443207439, 7.890766993133763, 6.9836871342236035, 6.912276632015773, 7.699821458079556, 7.277231599154578, 8.274869439774623, 8.905049260636465, 8.112187410504832, 8.050792931875975, 8.736300651919848, 8.858090712774446, 8.360388723909452, 9.492037476377478, 8.6956391341026, 9.535374069698884, 9.94889948329939, 9.245987409551557, 9.180948732421074, 9.192168700931079, 9.798145114008467, 9.990254457466346, 9.740128780125357, 10.265742698461146, 10.249934284073039], [6.474844485476938, 3.4530582258501097, 4.233628598626845, 4.564611334430521, 6.225507565206587, 4.184130070211064, 2.959213484094117, 3.53651586232049, 3.8414768572053695, 3.852308110442073, 3.1369217041197848, 1.916666666666666, 5.776773416978643, 3.481538612612405, 1.8360585805227208, 2.6685410079500573, 2.692582403567252, 5.5344627361450165, 3.062723914716731, 0.7939003575876359, 2.092911316271613, 1.6456333082798982, 0.0, 5.525798082127544, 3.0470386352070506, 0.7310570733153782, 2.069889959501337, 2.6627575514450763, 1.8847251406850265, 3.105666855675058, 5.751835455844605, 3.4400016149867017, 1.7560213868603978, 2.614117654412501, 5.325515102890153, 1.916666666666667, 5.974482776311641, 2.3863035105460595, 6.1869037310901955, 4.126472801046649, 2.877112750272012, 3.468108674447469, 3.7785946829182118, 4.48454134902457, 3.8873012632302006, 3.833333333333334, 6.790945769511375, 4.986676693394554, 4.01459144178389, 4.457235067218741, 5.367727638395972, 7.523370993850504, 5.945680037734214, 5.157626499768195, 5.5091842509677535, 5.75, 8.350465722208419, 6.9627780215785835, 6.303195838444002, 6.593957671821816, 7.120003121097944, 7.120003121097944, 9.24686132936168, 8.015887002973809, 7.4501304984842, 7.697690851446585, 9.121416294695711, 7.666666666666668, 9.777028064692143, 8.098782487372889, 8.461103815565544, 10.194293065784949, 9.092503016832666, 8.940000621426774, 8.597884106634092, 8.81326336331277, 8.940000621426774, 9.565926219893422, 9.30091094702258, 9.583333333333334], [3.950000000000001, 6.372009102316161, 8.922023313128026, 9.471878344883272, 3.450000000000001, 4.260575078554538, 6.074742792909014, 8.255452743490208, 8.712204083927327, 3.8668462601970623, 8.059311384975766, 6.02100489951636, 2.3000000000000007, 3.3970575502926064, 5.503635162326805, 7.844743462982075, 8.145619136143742, 1.1500000000000004, 2.7518175811634027, 5.130545779934139, 7.587654446533526, 4.093984705365327, 5.525798082127544, 0.0, 2.5, 5.0, 7.5, 8.009178762173088, 7.121904849783839, 2.7164602250834338, 1.1499999999999995, 2.7518175811634022, 5.130545779934138, 7.587654446533526, 1.392838827718411, 5.671297127739924, 1.799999999999999, 5.314132102234568, 2.299999999999999, 3.397057550292605, 5.5036351623268045, 7.844743462982074, 8.324061508662703, 3.753664875824691, 8.005623023850173, 6.41404708432983, 3.4499999999999993, 4.260575078554536, 6.074742792909013, 8.255452743490208, 9.043244869944514, 4.6, 5.235456045083369, 6.794115100585211, 8.798295289429651, 7.580475652036031, 5.749999999999998, 6.269968101992225, 7.619875327064084, 9.450529085717898, 6.827721272707152, 10.080564358099092, 6.899999999999999, 7.3389372527635075, 8.521150157109073, 10.191172650877817, 7.05703075569248, 9.007466039039194, 7.549999999999999, 9.055523176492896, 11.000113635776676, 8.049999999999999, 8.429264499349868, 8.59083814304518, 9.476418099683022, 11.002386104841076, 11.349118908532063, 8.90800202065536, 11.373324052360417, 10.590207741116318], [4.674665763453041, 4.674665763453041, 6.771447408050956, 7.2546521498855725, 4.260575078554538, 3.450000000000001, 4.260575078554538, 6.074742792909014, 6.492495668077107, 2.950000000000001, 5.805385430787521, 3.873306081372863, 3.3970575502926064, 2.3000000000000007, 3.3970575502926064, 5.503635162326805, 5.709738269930691, 2.7518175811634027, 1.1500000000000004, 2.7518175811634027, 5.130545779934139, 1.8078697454618409, 3.0470386352070506, 2.5, 0.0, 2.5, 5.0, 5.5133424022496955, 4.629608190163474, 0.6768969641971887, 2.7518175811634022, 1.1499999999999995, 2.7518175811634022, 5.130545779934138, 2.3853720883753122, 3.3035755040729895, 3.080584360149872, 3.080584360149872, 3.397057550292605, 2.299999999999999, 3.397057550292605, 5.5036351623268045, 5.961543424315551, 2.799999999999999, 5.730619512757761, 4.459820624195551, 4.260575078554536, 3.4499999999999993, 4.260575078554536, 6.074742792909013, 6.930387996193125, 5.235456045083369, 4.6, 5.235456045083369, 6.794115100585211, 6.017774597898387, 6.269968101992225, 5.749999999999998, 6.269968101992225, 7.619875327064084, 6.153680019124961, 8.23819020038854, 7.3389372527635075, 6.899999999999999, 7.3389372527635075, 8.521150157109073, 7.3442564912933355, 7.738504018506706, 7.953144032393729, 7.953144032393729, 9.340904667107997, 8.429264499349868, 8.049999999999999, 8.065513002903161, 8.429264499349868, 9.476418099683022, 9.749487166000065, 8.549999999999999, 9.904670615421796, 9.534280256002546], [6.372009102316161, 3.950000000000001, 4.9600907249767126, 5.29560914828597, 6.074742792909014, 4.260575078554538, 3.450000000000001, 4.260575078554538, 4.5719251962384515, 3.8668462601970623, 3.8668462601970623, 2.5004999500099983, 5.503635162326805, 3.3970575502926064, 2.3000000000000007, 3.3970575502926064, 3.3691410049315413, 5.130545779934139, 2.7518175811634027, 1.1500000000000004, 2.7518175811634027, 1.5086667177833881, 0.7310570733153782, 5.0, 2.5, 0.0, 2.5, 3.0243915825244, 2.155229755613742, 2.457076076522337, 5.130545779934138, 2.7518175811634022, 1.1499999999999995, 2.7518175811634022, 4.684015371452148, 1.4709218575815328, 5.314132102234568, 1.799999999999999, 5.5036351623268045, 3.397057550292605, 2.299999999999999, 3.397057550292605, 3.7802116342871592, 3.753664875824691, 3.753664875824691, 3.337663853655726, 6.074742792909013, 4.260575078554536, 3.4499999999999993, 4.260575078554536, 5.174966451850462, 6.794115100585211, 5.235456045083369, 4.6, 5.235456045083369, 5.240573547915447, 7.619875327064084, 6.269968101992225, 5.749999999999998, 6.269968101992225, 6.451184215148237, 6.827721272707152, 8.521150157109073, 7.3389372527635075, 6.899999999999999, 7.3389372527635075, 8.400864463435832, 7.150835227051763, 9.055523176492896, 7.549999999999999, 8.124192267542663, 9.476418099683022, 8.429264499349868, 8.294727240844027, 8.049999999999999, 8.429264499349868, 8.59083814304518, 8.90800202065536, 8.90800202065536, 9.063801630662487], [8.476585397434512, 4.674665763453041, 3.981519810323692, 3.9946182154219385, 8.255452743490208, 6.074742792909014, 4.260575078554538, 3.450000000000001, 3.486043602710673, 5.805385430787521, 2.950000000000001, 3.1626729201736947, 7.844743462982075, 5.503635162326805, 3.3970575502926064, 2.3000000000000007, 1.612796053787061, 7.587654446533526, 5.130545779934139, 2.7518175811634027, 1.1500000000000004, 3.7126483154398477, 2.069889959501337, 7.5, 5.0, 2.5, 0.0, 0.6300352723811925, 0.5972927293522163, 4.9108304991617695, 7.587654446533526, 5.130545779934138, 2.7518175811634022, 1.1499999999999995, 7.119691004531025, 2.4317917491247285, 7.712976079309464, 3.080584360149872, 7.844743462982074, 5.5036351623268045, 3.397057550292605, 2.299999999999999, 2.353720459187963, 5.730619512757761, 2.799999999999999, 3.8587562763149466, 8.255452743490208, 6.074742792909013, 4.260575078554536, 3.4499999999999993, 4.246207458165199, 8.798295289429651, 6.794115100585211, 5.235456045083369, 4.6, 5.586914274544679, 9.450529085717898, 7.619875327064084, 6.269968101992225, 5.749999999999998, 7.607087338645309, 6.153680019124961, 10.191172650877817, 8.521150157109073, 7.3389372527635075, 6.899999999999999, 9.985536743517281, 7.408403636711788, 10.642015786494586, 7.953144032393729, 7.566538178057386, 11.002386104841076, 9.476418099683022, 9.222391230044407, 8.429264499349868, 8.049999999999999, 8.065513002903161, 9.904670615421796, 8.549999999999999, 9.268360157007278], [9.098229375970787, 5.270462766947299, 4.333333333333333, 4.256228922158053, 8.870988921447509, 6.704061787039588, 4.867693955503411, 3.865804501581067, 3.833333333333333, 6.431260460524912, 3.3706247360261137, 3.7785946829182113, 8.438025703787455, 6.119663207871636, 4.024956866573575, 2.7295196972686924, 1.916666666666667, 8.145619136143742, 5.70973826993069, 3.36914100493154, 1.6127960537870583, 4.308321940131516, 2.6627575514450763, 8.009178762173088, 5.5133424022496955, 3.0243915825244, 0.6300352723811925, 0.0, 0.8948621462782755, 5.37311392084634, 8.036652149855547, 5.553177268715432, 3.096413696161703, 0.9153020145163995, 7.555810861699609, 2.692582403567252, 8.124465794404236, 3.3176715395657306, 8.226397213307362, 5.824397918335518, 3.5600015605489714, 1.9808107206674523, 1.916666666666667, 6.007518437572854, 2.4678488158268084, 3.84147685720537, 8.56763937408925, 6.297177498248279, 4.290040144852313, 3.1071601896980545, 3.833333333333333, 9.043244869944514, 6.930387996193127, 5.174966451850465, 4.246207458165202, 5.441609239104835, 9.633333333333333, 7.6844720775802875, 6.148260820029605, 5.389908265556206, 7.6198753270640855, 5.750000000000001, 10.318282049083773, 8.527423083466918, 7.174046587836215, 6.53582010496345, 10.088830323630487, 7.198090024443985, 10.740628990478681, 7.769241347204443, 7.166666666666667, 11.080513425729775, 9.435453236478775, 9.153020145163987, 8.232726023485647, 7.68295371441074, 7.666666666666667, 9.846036991827953, 8.181958472422385, 9.020039418489873], [8.359536255351394, 4.879070917156535, 4.489924830184543, 4.54650081649740