totalHoles = 80;
zeroHoleID = 73;
C = [[0.0, 3.3333333333333335, 4.333333333333333, 5.166666666666667, 7.0, 2.3863035105460586, 6.576473218982953, 3.494797721057846, 5.272280763051646, 7.078311945654839, 1.1666666666666667, 4.487637339278753, 7.546141835238153, 3.939684138495257, 5.5771358639040205, 7.308214556237385, 3.064129385141706, 6.851601597031489, 2.3333333333333335, 4.9216076867444665, 4.5862415016123075, 6.0511936379894875, 7.676099269811458, 3.975620147292188, 7.304869000270376, 3.5, 5.570258322356135, 5.362006258026105, 6.658411555652327, 8.16333265278342, 4.994441354590566, 7.905694150420948, 4.666666666666667, 6.368324391514267, 5.648852026893032, 6.218811068935212, 7.36593133584915, 8.75, 6.066758241067099, 8.623288880184353, 5.833333333333334, 7.2667431188638805, 7.127489818380039, 8.14766496883889, 9.417536832951598, 7.168604389202189, 9.431036233863406, 7.0, 8.232726023485645, 8.07053970383091, 8.984260929227537, 10.15, 8.915250138560955, 8.288211172770904, 10.307764064044152, 8.166666666666668, 9.24511883223911, 9.037207041509623, 9.861766801361936, 10.934349546269317, 9.419247433963195, 11.23733855402505, 9.333333333333334, 10.29023269362209, 10.770187762729323, 11.76020833148801, 10.558040643141236, 12.207693384819992, 10.5, 11.359039474259157, 11.702326454361305, 12.619429464123963, 11.0, 11.211353372561426, 11.8227652339788, 12.776932339180638, 11.702326454361305, 13.209844813622906, 13.048413274848754, 14.320558977040022], [3.3333333333333335, 0.0, 0.9999999999999996, 1.8333333333333335, 3.6666666666666665, 1.5365907428821481, 3.3208098075285455, 1.05, 2.1127259905418665, 3.814045679386187, 3.531603350069515, 1.5365907428821477, 4.362141380789852, 2.1, 2.78767127027401, 4.225451981083733, 2.4608038433722337, 3.8369548110737792, 4.068851871911234, 2.5385910352879693, 3.1500000000000004, 3.6446688616541167, 4.833936743943227, 3.5316033500695156, 4.597704741377907, 4.833333333333334, 3.640054944640259, 4.2, 4.582696925513525, 5.57534254054802, 4.648775226993784, 5.50252467307306, 5.734883511361751, 4.772607021092118, 4.876315354493074, 5.25, 5.560900206900957, 6.403666484479375, 5.785518319236594, 6.491447364716816, 6.718548123582125, 5.9184269681882355, 6.300000000000001, 6.561334552597598, 7.2893377233082335, 6.932211447695141, 7.5314156851300025, 7.753135566408671, 7.0710678118654755, 7.3500000000000005, 7.575197100479374, 8.213826419181528, 8.016151069714168, 8.08462189042327, 8.603939666093538, 8.820745748266162, 8.227663364798323, 8.4, 8.59773872079811, 9.16539385102705, 9.24061085041941, 9.69822435065077, 9.910712498212337, 9.386751893552484, 9.626194009633878, 10.13641674579555, 10.398984993204332, 10.807661891248983, 11.016401913107162, 10.547511554864494, 10.65885130354632, 11.121800413801914, 11.49395976637778, 11.061695670696745, 11.045361017187261, 11.446736555795184, 11.559027256266468, 11.928024890055259, 12.623661397808025, 13.240429543576814], [4.333333333333333, 0.9999999999999996, 0.0, 0.8333333333333339, 2.666666666666667, 2.3863035105460586, 2.386303510546059, 1.4499999999999997, 1.3405015645065266, 2.8659398303368326, 4.487637339278753, 1.1666666666666667, 3.4621982912411107, 2.325940669922601, 2.259301760377406, 3.394276227874083, 3.064129385141706, 3.0641293851417064, 4.9216076867444665, 2.3333333333333335, 3.3049205739321486, 3.258365302485964, 4.12717955886476, 3.975620147292188, 3.975620147292188, 5.570258322356135, 3.5, 4.317406628984581, 4.281873940746557, 4.97504885514817, 4.994441354590566, 4.994441354590566, 6.368324391514267, 4.666666666666667, 5.066799920484099, 5.344389581607987, 5.315726144605687, 5.888430275643171, 6.066758241067099, 6.066758241067099, 7.2667431188638805, 5.833333333333334, 6.378871373526826, 6.354875643507468, 6.841133759188686, 7.168604389202189, 7.168604389202189, 8.232726023485645, 7.0, 7.417715281675349, 7.397090268777612, 7.818798572102438, 8.001569170332996, 8.288211172770904, 8.288211172770904, 9.24511883223911, 8.166666666666668, 8.459314393022641, 8.441234770129572, 8.813121530485729, 9.419247433963195, 9.419247433963195, 10.29023269362209, 9.333333333333334, 9.486671937220368, 9.819043288992626, 10.558040643141236, 10.558040643141236, 11.359039474259157, 10.5, 10.533016872883307, 10.833333333333334, 11.8227652339788, 11.211353372561426, 11.0, 11.211353372561426, 11.702326454361305, 11.702326454361305, 12.665657576629, 13.065660234248293], [5.166666666666667, 1.8333333333333335, 0.8333333333333339, 0.0, 1.833333333333333, 3.16227766016838, 1.6666666666666663, 2.1127259905418665, 1.05, 2.112725990541866, 5.296749527356901, 1.4337208778404382, 2.765268721820484, 2.78767127027401, 2.1, 2.7876712702740094, 3.7006005518624203, 2.544056253745625, 5.66911711723165, 2.477678124553085, 3.6446688616541167, 3.1500000000000004, 3.6446688616541167, 4.48454134902457, 3.5901098714230026, 6.240548408949685, 3.5978388574871505, 4.582696925513525, 4.2, 4.582696925513525, 5.408326913195984, 4.693375946776241, 6.962199524735142, 4.740487551109298, 5.364567165838211, 5.560900206900957, 5.25, 5.560900206900957, 6.411794687223781, 5.821416398857661, 7.7924464850406405, 5.892556509887896, 6.561334552597598, 6.300000000000001, 6.5613345525975975, 7.462871059079371, 6.962199524735142, 8.700255424092125, 7.0494286608522, 7.575197100479374, 7.3500000000000005, 7.575197100479374, 8.084444712616598, 8.54400374531753, 8.110350040397625, 9.66379267621615, 8.209073570683168, 8.59773872079811, 8.4, 8.59773872079811, 9.645090864153525, 9.26312882106017, 10.66796867053684, 9.370461864580399, 9.450000000000001, 9.626194009633878, 10.760008261045982, 10.418999738725189, 11.702326454361305, 10.533016872883307, 10.5, 10.65885130354632, 12.152960316089429, 11.40175425099138, 11.031520495581942, 11.080513425729775, 11.884864324004713, 11.577036657874837, 12.76055270202366, 12.977211083919036], [7.0, 3.6666666666666665, 2.666666666666667, 1.833333333333333, 0.0, 4.935697631653617, 1.118033988749895, 3.814045679386187, 2.112725990541866, 1.05, 7.096556285347924, 2.9107081994288304, 1.728400128436818, 4.225451981083733, 2.7876712702740094, 2.1, 5.296749527356902, 2.2236106773543893, 7.378647873726218, 3.5433819375782165, 4.833936743943227, 3.6446688616541167, 3.1500000000000004, 5.871304984602847, 3.370624736026114, 7.826237921249264, 4.400126260814695, 5.57534254054802, 4.582696925513525, 4.2, 6.60387091871965, 4.527692569068709, 8.412952976082643, 5.3748384988657, 6.364034297466987, 6.403666484479375, 5.560900206900957, 5.25, 7.44796765716811, 5.688682721958671, 9.111957955224431, 6.413960468297954, 7.2893377233082335, 6.5613345525975975, 6.300000000000001, 8.369919686326481, 6.851601597031489, 9.899494936611665, 7.490735018081411, 8.213826419181528, 7.575197100479374, 7.3500000000000005, 8.554533118321043, 9.346716595206635, 8.0156097709407, 10.756135200175036, 8.591015979239916, 9.16539385102705, 8.59773872079811, 8.4, 10.362861037806544, 9.180292902613608, 11.666666666666668, 9.70681318570736, 9.626194009633878, 9.450000000000001, 11.40784330576507, 10.345423035225664, 12.619429464123963, 10.833333333333334, 10.65885130354632, 10.5, 13.038404810405298, 12.015036875145707, 11.31861789756643, 11.01135777277262, 12.47441826744282, 11.510864433221338, 13.154041419197386, 12.97032238446611], [2.3863035105460586, 1.5365907428821481, 2.3863035105460586, 3.16227766016838, 4.935697631653617, 0.0, 4.333333333333334, 1.167737603706891, 3.0004166377355, 4.8335919471042565, 2.1730674684008826, 2.1730674684008826, 5.233316298620435, 1.6034684627740927, 3.195309061734092, 4.956925570463119, 1.166666666666667, 4.487637339278754, 2.5440562537456244, 2.5440562537456244, 2.446142087269485, 3.690867106792116, 5.289953791018512, 2.3333333333333335, 4.921607686744467, 3.3082388735465345, 3.3082388735465345, 3.4060403860070587, 4.386342439892262, 5.796646540122239, 3.5, 5.570258322356135, 4.258977446393546, 4.258977446393546, 3.9223695571273605, 4.407222607392451, 5.202163011671203, 6.43611770488321, 4.666666666666667, 6.3683243915142675, 5.296749527356901, 5.296749527356901, 5.426887792382584, 6.090155991434046, 7.172942988140302, 5.833333333333334, 7.266743118863881, 6.379219736334879, 6.379219736334879, 6.456284621290415, 7.022997935354958, 7.9802011949017375, 7.21624403944519, 7.0, 8.232726023485647, 7.4870258150720685, 7.4870258150720685, 7.491402479583587, 7.984985911070852, 8.838614773317769, 8.166666666666668, 9.24511883223911, 8.610394235392993, 8.610394235392993, 8.966744113668016, 9.734660297674035, 9.333333333333334, 10.29023269362209, 9.74394398816231, 9.74394398816231, 9.962429422585638, 10.65885130354632, 10.232030318780552, 10.0, 10.232030318780552, 10.89852181618121, 10.5, 11.359039474259157, 11.678968038371842, 12.582447960220568], [6.576473218982953, 3.3208098075285455, 2.386303510546059, 1.6666666666666663, 1.118033988749895, 4.333333333333334, 0.0, 3.167061378909126, 1.3342705039750287, 0.5024937810560445, 6.50213640104372, 2.173067468400883, 1.0990621772791138, 3.352279489806567, 1.728518954995223, 1.2083045973594573, 4.487637339278754, 1.166666666666667, 6.635343079131461, 2.544056253745625, 3.827568128430607, 2.5298770281928284, 2.2073740054644118, 4.921607686744467, 2.3333333333333335, 6.96419413859206, 3.308238873546535, 4.501974875293929, 3.466666666666667, 3.23882694814033, 5.570258322356135, 3.5, 7.4628710590793705, 4.258977446393546, 5.284476599715569, 5.300026205385949, 4.454242671630922, 4.2793106921559225, 6.3683243915142675, 4.666666666666667, 8.100068586815244, 5.296749527356902, 6.173959651453659, 5.465142063823939, 5.323532661682466, 7.266743118863881, 5.833333333333334, 8.845903006477066, 6.379219736334879, 7.095792963283087, 6.488472684521203, 6.369654621720082, 7.442807264004513, 8.232726023485647, 7.0, 9.675283515799995, 7.4870258150720685, 8.049085524317515, 7.519160709665527, 7.416872656315464, 9.24511883223911, 8.166666666666668, 10.56855924165846, 8.610394235392993, 8.554547198874864, 8.464779973513783, 10.29023269362209, 9.333333333333334, 11.510864433221338, 9.74394398816231, 9.59311095410544, 9.513148795220223, 11.926860441876563, 10.89852181618121, 10.232030318780552, 10.0, 11.359039474259157, 10.5, 12.05544960075149, 11.94691769417418], [3.494797721057846, 1.05, 1.4499999999999997, 2.1127259905418665, 3.814045679386187, 1.167737603706891, 3.167061378909126, 0.0, 1.8333333333333335, 3.6666666666666665, 3.3353743751222624, 1.0067825540359299, 4.071622515079858, 1.05, 2.1127259905418665, 3.814045679386187, 1.6149475395676347, 3.3577853150882384, 3.5718420395582386, 1.6269432824915697, 2.1000000000000005, 2.7876712702740103, 4.225451981083733, 2.564122115310077, 3.904022142469083, 4.136860054571717, 2.6462237244798485, 3.1500000000000004, 3.6446688616541167, 4.833936743943227, 3.6419240946388647, 4.682977447925388, 4.918474243999748, 3.7523696216894438, 3.8319453412817195, 4.2, 4.582696925513525, 5.57534254054802, 4.7617982130936864, 5.598338047035825, 5.830213451400292, 4.886745110784661, 5.250000000000001, 5.560900206900959, 6.403666484479377, 5.899835214271291, 6.59353639727743, 6.82008879055919, 6.033448433524563, 6.300000000000001, 6.561334552597598, 7.2893377233082335, 6.969732033007456, 7.047241383059837, 7.6374261225741344, 7.85862936876117, 7.186580859104311, 7.3500000000000005, 7.575197100479374, 8.213826419181528, 8.200084687909564, 8.712522915640196, 8.928870153732902, 8.343477159500775, 8.59773872079811, 9.16539385102705, 9.35635553454917, 9.808570515399047, 10.020659215396515, 9.50276275616728, 9.626194009633874, 10.136416745795549, 10.493503281131192, 10.018164058903762, 10.000124999218759, 10.441756450797813, 10.514923257499843, 10.919261778058889, 11.573664857154178, 12.216171540838326], [5.272280763051646, 2.1127259905418665, 1.3405015645065266, 1.05, 2.112725990541866, 3.0004166377355, 1.3342705039750287, 1.8333333333333335, 0.0, 1.833333333333333, 5.16798370310468, 0.8414603707576231, 2.2795928546968027, 2.1127259905418665, 1.05, 2.112725990541866, 3.2010848855418454, 1.7391728557628257, 5.323663108132303, 1.5301597592698908, 2.7876712702740103, 2.1000000000000005, 2.78767127027401, 3.7700943106388087, 2.6441234632461637, 5.718124206804575, 2.587845521750564, 3.6446688616541167, 3.1500000000000004, 3.6446688616541167, 4.5719251962384515, 3.698685952845656, 6.306720401462413, 3.711431290246692, 4.436658037182398, 4.582696925513525, 4.2, 4.582696925513525, 5.505779791374798, 4.805350027717949, 7.040931914329398, 4.855380749459535, 5.560900206900959, 5.250000000000001, 5.560900206900959, 6.515131959096796, 5.9350418888346725, 7.88016144786669, 6.0080732722266665, 6.561334552597598, 6.300000000000001, 6.5613345525975975, 7.048172312791815, 7.569841477864646, 7.076742031314819, 8.794395311156357, 7.1652905655590065, 7.575197100479374, 7.3500000000000005, 7.575197100479374, 8.65333911145159, 8.22545169310206, 9.762584471109868, 8.325145978032792, 8.4, 8.59773872079811, 9.756038016417206, 9.378595606782262, 10.770187762729321, 9.486671937220367, 9.45, 9.626194009633874, 11.211464866128976, 10.39242512602328, 9.984835724459588, 10.038938080184465, 10.872097313766098, 10.534717736027755, 11.722823738346511, 11.930376361764853], [7.078311945654839, 3.814045679386187, 2.8659398303368326, 2.112725990541866, 1.05, 4.8335919471042565, 0.5024937810560445, 3.6666666666666665, 1.833333333333333, 0.0, 7.000972154716165, 2.6692175299555907, 0.7329389355781514, 3.814045679386187, 2.112725990541866, 1.05, 4.960650718963749, 1.223496810148864, 7.116666666666666, 2.9594012157116443, 4.225451981083733, 2.78767127027401, 2.1000000000000005, 5.345532922190474, 2.337436867834319, 7.416367035145981, 3.6212720294271064, 4.833936743943227, 3.6446688616541167, 3.1500000000000004, 5.9383171952255225, 3.486043602710672, 7.879103868954754, 4.493482935195025, 5.604131172754782, 5.57534254054802, 4.582696925513525, 4.2, 6.6839151866419, 4.643663544133136, 8.47822373954461, 5.476439435334687, 6.403666484479377, 5.560900206900959, 5.250000000000001, 7.537111884240248, 5.804906928146605, 9.187083323884682, 6.520246246201988, 7.2893377233082335, 6.5613345525975975, 6.300000000000001, 7.582778086684471, 8.465436262302795, 6.967962399439308, 9.982331613628375, 7.59987207494676, 8.213826419181528, 7.575197100479374, 7.3500000000000005, 9.446766054523046, 8.132052494775092, 10.844980917968972, 8.701995301206628, 8.59773872079811, 8.4, 10.466202218994667, 9.296788573361114, 11.760208331488009, 9.819043288992624, 9.626194009633874, 9.45, 12.165627809529601, 11.061808672685995, 10.301146106677212, 9.962554893198831, 11.51362719177198, 10.46195488424606, 12.149966946340946, 11.922882846600027], [1.1666666666666667, 3.531603350069515, 4.487637339278753, 5.296749527356901, 7.096556285347924, 2.1730674684008826, 6.50213640104372, 3.3353743751222624, 5.16798370310468, 7.000972154716165, 0.0, 4.333333333333333, 7.372785047206782, 3.461534662865912, 5.250290997226302, 7.0619481101967265, 2.386303510546059, 6.576473218982953, 1.1666666666666667, 4.487637339278753, 3.8787526631924116, 5.534261970268083, 7.275548852912137, 3.064129385141706, 6.851601597031489, 2.333333333333333, 4.9216076867444665, 4.506908277547062, 5.991289974250583, 7.628965271326847, 3.9756201472921875, 7.304869000270375, 3.5, 5.570258322356135, 4.684066367504238, 5.271121533622823, 6.5854427000434494, 8.103925660512386, 4.994441354590566, 7.905694150420948, 4.666666666666667, 6.368324391514267, 6.120639037079562, 7.283237985645915, 8.680501777611195, 6.066758241067099, 8.623288880184353, 5.833333333333333, 7.26674311886388, 7.024579860904297, 8.057794707955493, 9.339893527825202, 7.886310443437953, 7.168604389202189, 9.431036233863406, 7.000000000000001, 8.232726023485647, 7.964434833823567, 8.889069442610715, 10.065838818057397, 8.288211172770906, 10.307764064044152, 8.166666666666668, 9.24511883223911, 9.76258447110987, 10.844980917968973, 9.419247433963195, 11.23733855402505, 9.333333333333334, 10.29023269362209, 10.66796867053684, 11.666666666666668, 9.833333333333334, 10.069204977995478, 10.745800213209915, 11.787469806724616, 10.558040643141236, 12.207693384819992, 11.923383712098463, 13.275664498546032], [4.487637339278753, 1.5365907428821477, 1.1666666666666667, 1.4337208778404382, 2.9107081994288304, 2.1730674684008826, 2.173067468400883, 1.0067825540359299, 0.8414603707576231, 2.6692175299555907, 4.333333333333333, 0.0, 3.066026706122655, 1.3678856352455457, 1.2512216252748978, 2.8252826800556123, 2.386303510546059, 2.3863035105460595, 4.487637339278753, 1.1666666666666667, 2.221173363587613, 2.1512916017024653, 3.323360080133091, 3.064129385141706, 3.0641293851417064, 4.9216076867444665, 2.333333333333333, 3.1939178309892555, 3.1457201966410735, 4.038839217178895, 3.9756201472921875, 3.9756201472921875, 5.570258322356135, 3.5, 3.962752824447736, 4.2039994185431455, 4.167499916683329, 4.876958296133177, 4.994441354590566, 4.994441354590566, 6.368324391514267, 4.666666666666667, 5.229828975321384, 5.200534160598848, 5.784654027876018, 6.066758241067099, 6.066758241067099, 7.26674311886388, 5.833333333333333, 6.263673930778255, 6.239235173926012, 6.733848990155796, 6.836469598030174, 7.168604389202189, 7.168604389202189, 8.232726023485647, 7.000000000000001, 7.302130587103405, 7.281178170842653, 7.709229677615153, 8.288211172770906, 8.288211172770906, 9.24511883223911, 8.166666666666668, 8.325145978032793, 8.70199530120663, 9.419247433963195, 9.419247433963195, 10.29023269362209, 9.333333333333334, 9.370461864580399, 9.70681318570736, 10.745800213209915, 10.069204977995478, 9.833333333333334, 10.069204977995478, 10.558040643141236, 10.558040643141236, 11.503254843873771, 11.911185323883222], [7.546141835238153, 4.362141380789852, 3.4621982912411107, 2.765268721820484, 1.728400128436818, 5.233316298620435, 1.0990621772791138, 4.071622515079858, 2.2795928546968027, 0.7329389355781514, 7.372785047206782, 3.066026706122655, 0.0, 4.041403516677251, 2.225168771686935, 0.5403998173505041, 5.209091626140214, 0.977227587434632, 7.3819973130124215, 3.0881134596487922, 4.277005361689096, 2.628917751052088, 1.5006213519400835, 5.440946046402604, 1.8504680672692893, 7.5731124069666045, 3.5205953955109566, 4.738945805052354, 3.3280686623179503, 2.5331199973954073, 5.898760413207708, 2.935253413343657, 7.932994450395302, 4.239688828244838, 5.474649887633736, 5.369119091855696, 4.176825768500383, 3.57582569492845, 6.535218218790467, 4.0656383699648035, 8.44008249922215, 5.126163575620412, 6.1157397182871795, 5.101049497869516, 4.621835336726803, 7.303766298576204, 5.212038020998768, 9.069719205111678, 6.107566362301193, 6.941333069457292, 6.066344736249406, 5.6693204495003275, 7.161349214529484, 8.167199602277789, 6.365806117968537, 9.798308147210385, 7.144886490213183, 7.8209294371223805, 7.055874923659496, 6.717590850775939, 9.098544870741563, 7.523553479109245, 10.605475041601363, 8.216973972720789, 8.060719782850223, 7.766328561021266, 10.078993521605764, 8.683688651528806, 11.474649510577292, 9.311828059029715, 9.075793954081314, 8.815366798780447, 11.862792038646129, 10.656109548652934, 9.78613280936384, 9.347353042493443, 11.095536231947806, 9.845367563610093, 11.658587846058216, 11.3156791682885], [3.939684138495257, 2.1, 2.325940669922601, 2.78767127027401, 4.225451981083733, 1.6034684627740927, 3.352279489806567, 1.05, 2.1127259905418665, 3.814045679386187, 3.461534662865912, 1.3678856352455457, 4.041403516677251, 0.0, 1.8333333333333335, 3.6666666666666665, 1.1685698761972072, 3.1673683433131394, 3.341490020268736, 1.0268614533832905, 1.0500000000000003, 2.1127259905418665, 3.8140456793861874, 1.6977108770995795, 3.3983656202487817, 3.615399163455, 1.720465053408525, 2.1, 2.78767127027401, 4.225451981083733, 2.6685410079500578, 3.973383668584973, 4.207004740773285, 2.754592125483876, 2.7918020633054246, 3.15, 3.644668861654116, 4.833936743943227, 3.752628708281999, 4.76957952956955, 5.00488650109959, 3.8649421441695324, 4.200000000000001, 4.582696925513526, 5.57534254054802, 4.874992877487675, 5.694929518635171, 5.926306700729478, 5.000999900019996, 5.25, 5.560900206900957, 6.403666484479375, 5.924580259510448, 6.014242355534995, 6.696101685143213, 6.922106294731075, 6.148531893423377, 6.300000000000001, 6.561334552597598, 7.2893377233082335, 7.162324265829418, 7.743742993898724, 7.964434833823567, 7.302130587103405, 7.575197100479375, 8.21382641918153, 8.31558109147454, 8.821312575549943, 9.037207041509623, 8.459314393022641, 8.59773872079811, 9.16539385102705, 9.503741953099901, 8.97614121497156, 8.95600357302296, 9.446574923101906, 9.472122840795041, 9.919061335518487, 10.52366900681235, 11.196683425548603], [5.5771358639040205, 2.78767127027401, 2.259301760377406, 2.1, 2.7876712702740094, 3.195309061734092, 1.728518954995223, 2.1127259905418665, 1.05, 2.112725990541866, 5.250290997226302, 1.2512216252748978, 2.225168771686935, 1.8333333333333335, 0.0, 1.833333333333333, 3.0007406493138404, 1.3349989596333853, 5.171932800113406, 0.8653836657164786, 2.1127259905418665, 1.0500000000000003, 2.112725990541866, 3.2436262286384223, 1.8162843634433703, 5.352984629572968, 1.6292465879799918, 2.78767127027401, 2.1, 2.7876712702740094, 3.84187454245971, 2.7455013709298663, 5.769074641762076, 2.6985592864012133, 3.5769104267511262, 3.644668861654116, 3.15, 3.644668861654116, 4.660591283422213, 3.807740654100393, 6.374340924536608, 3.8252087815205886, 4.582696925513526, 4.200000000000001, 4.582696925513526, 5.603966848978004, 4.9175422949093415, 7.120705333353182, 4.9703565711570885, 5.560900206900957, 5.25, 5.560900206900957, 6.016661831136579, 6.618912297349165, 6.0487831650488, 7.9686190076379555, 6.123633634443598, 6.561334552597598, 6.300000000000001, 6.5613345525975975, 7.677094357748757, 7.191352832086295, 8.889069442610715, 7.2811781708426535, 7.350000000000001, 7.575197100479375, 8.7628635603767, 8.340596834493054, 9.861766801361936, 8.441234770129572, 8.4, 8.59773872079811, 10.290988506671479, 9.392017887546851, 8.93892859600324, 8.999320962038068, 9.867117106835208, 9.494091730006499, 10.687492107110895, 10.884151448327248], [7.308214556237385, 4.225451981083733, 3.394276227874083, 2.7876712702740094, 2.1, 4.956925570463119, 1.2083045973594573, 3.814045679386187, 2.112725990541866, 1.05, 7.0619481101967265, 2.8252826800556123, 0.5403998173505041, 3.6666666666666665, 1.833333333333333, 0.0, 4.8337930815825745, 0.5044248650140519, 7.003887809241696, 2.6768555350551804, 3.8140456793861874, 2.112725990541866, 1.0500000000000003, 4.9882083178454195, 1.3308309851784754, 7.138627319029899, 3.0118285328204046, 4.225451981083733, 2.7876712702740094, 2.1, 5.396397975604757, 2.4515301344262523, 7.455721144046214, 3.701201006280109, 4.951428063048846, 4.833936743943227, 3.644668861654116, 3.15, 6.0068479439904445, 3.6015428792548216, 7.933333333333334, 4.587906809089402, 5.57534254054802, 4.582696925513526, 4.200000000000001, 6.765024431260804, 4.759668522538566, 8.544588931013593, 5.57862985966188, 6.403666484479375, 5.560900206900957, 5.25, 6.634908450864478, 7.626998827265618, 5.921148537234985, 9.263068845930299, 6.626881284250954, 7.2893377233082335, 6.5613345525975975, 6.300000000000001, 8.56147702729435, 7.084333262755063, 10.065838818057397, 7.709229677615153, 7.575197100479375, 7.350000000000001, 9.547192722936355, 8.248501547419252, 10.934349546269317, 8.813121530485729, 8.59773872079811, 8.4, 11.322985472038724, 10.127739684209459, 9.290915515228363, 8.914033879226622, 10.569820770056186, 9.413288479590967, 11.154352869458394, 10.875937108613478], [3.064129385141706, 2.4608038433722337, 3.064129385141706, 3.7006005518624203, 5.296749527356902, 1.166666666666667, 4.487637339278754, 1.6149475395676347, 3.2010848855418454, 4.960650718963749, 2.386303510546059, 2.386303510546059, 5.209091626140214, 1.1685698761972072, 3.0007406493138404, 4.8337930815825745, 0.0, 4.333333333333334, 2.1730674684008826, 2.1730674684008826, 1.5257966953547764, 3.1570467916146647, 4.932347874547736, 1.1666666666666665, 4.487637339278754, 2.5440562537456244, 2.5440562537456244, 2.3442601296689656, 3.6241474093149755, 5.243620462576936, 2.333333333333333, 4.921607686744467, 3.3082388735465345, 3.3082388735465345, 2.7837501305727237, 3.2966734074754136, 4.301969833046769, 5.7330668542722885, 3.5, 5.570258322356135, 4.258977446393546, 4.258977446393546, 4.294828932047883, 5.107293260078615, 6.359682032582727, 4.666666666666667, 6.3683243915142675, 5.2967495273569005, 5.2967495273569005, 5.313008145632336, 5.988901772816486, 7.08717542858617, 6.092595403219302, 5.833333333333333, 7.2667431188638805, 6.37921973633488, 6.37921973633488, 6.341573586701928, 6.917690687248488, 7.887683789019155, 7.000000000000001, 8.232726023485647, 7.487025815072068, 7.487025815072068, 7.876988285153436, 8.7411701479582, 8.166666666666668, 9.24511883223911, 8.610394235392992, 8.610394235392992, 8.856886837057614, 9.633564011078949, 9.095175766428166, 8.833333333333332, 9.095175766428166, 9.838981428763628, 9.333333333333332, 10.290232693622087, 10.51844180139483, 11.481123136177311], [6.851601597031489, 3.8369548110737792, 3.0641293851417064, 2.544056253745625, 2.2236106773543893, 4.487637339278754, 1.166666666666667, 3.3577853150882384, 1.7391728557628257, 1.223496810148864, 6.576473218982953, 2.3863035105460595, 0.977227587434632, 3.1673683433131394, 1.3349989596333853, 0.5044248650140519, 4.333333333333334, 0.0, 6.50213640104372, 2.173067468400883, 3.315829039957009, 1.656720321062738, 1.1031520495581941, 4.487637339278754, 1.1666666666666665, 6.635343079131461, 2.544056253745625, 3.7632728073077857, 2.4315061633115844, 2.093906503271921, 4.921607686744467, 2.333333333333333, 6.96419413859206, 3.308238873546535, 4.504439452332066, 4.419810202058706, 3.359274061791062, 3.123610802331885, 5.570258322356135, 3.5, 7.4628710590793705, 4.258977446393546, 5.206939813577859, 4.343065993307289, 4.163465436922041, 6.3683243915142675, 4.666666666666667, 8.100068586815244, 5.2967495273569005, 6.074102585750608, 5.352076440244685, 5.207393248492421, 6.359317626885692, 7.2667431188638805, 5.833333333333333, 8.845903006477068, 6.37921973633488, 6.991582240253076, 6.374340924536608, 6.253354655258604, 8.232726023485647, 7.000000000000001, 9.675283515799995, 7.487025815072068, 7.404371831710117, 7.30047563138488, 9.24511883223911, 8.166666666666668, 10.568559241658459, 8.610394235392992, 8.439325934114773, 8.348319857578796, 10.9671225842414, 9.838981428763628, 9.095175766428166, 8.833333333333332, 10.290232693622087, 9.333333333333332, 10.934952609146432, 10.780864259778959], [2.3333333333333335, 4.068851871911234, 4.9216076867444665, 5.66911711723165, 7.378647873726218, 2.5440562537456244, 6.635343079131461, 3.5718420395582386, 5.323663108132303, 7.116666666666666, 1.1666666666666667, 4.487637339278753, 7.3819973130124215, 3.341490020268736, 5.171932800113406, 7.003887809241696, 2.1730674684008826, 6.50213640104372, 0.0, 4.333333333333333, 3.43191718366798, 5.230811494298843, 7.047477878251513, 2.3863035105460586, 6.576473218982953, 1.1666666666666665, 4.487637339278753, 3.820413008505174, 5.493531549821926, 7.244614858254677, 3.0641293851417055, 6.851601597031489, 2.3333333333333335, 4.9216076867444665, 3.8332295092855335, 4.4292274219727705, 5.933075837109188, 7.583333333333333, 3.975620147292188, 7.304869000270376, 3.5000000000000004, 5.570258322356135, 5.181269685661571, 6.513746148637425, 8.045771836464445, 4.994441354590566, 7.905694150420948, 4.666666666666666, 6.368324391514266, 6.023126725842282, 7.201485186327116, 8.612023249181602, 6.901327554149863, 6.066758241067098, 8.623288880184353, 5.833333333333334, 7.2667431188638805, 6.922106294731074, 7.968619007637954, 9.263068845930297, 7.168604389202189, 9.431036233863406, 7.0, 8.232726023485645, 8.794395311156356, 9.982331613628373, 8.288211172770904, 10.307764064044152, 8.166666666666666, 9.245118832239108, 9.663792676216149, 10.756135200175034, 8.666666666666666, 8.933395522171597, 9.689627902499089, 10.833333333333332, 9.419247433963195, 11.23733855402505, 10.807187030992054, 12.252769016155149], [4.9216076867444665, 2.5385910352879693, 2.3333333333333335, 2.477678124553085, 3.5433819375782165, 2.5440562537456244, 2.544056253745625, 1.6269432824915697, 1.5301597592698908, 2.9594012157116443, 4.487637339278753, 1.1666666666666667, 3.0881134596487922, 1.0268614533832905, 0.8653836657164786, 2.6768555350551804, 2.1730674684008826, 2.173067468400883, 4.333333333333333, 0.0, 1.2911020271242872, 1.1667857082124764, 2.7889165558609954, 2.3863035105460586, 2.386303510546059, 4.487637339278753, 1.1666666666666665, 2.1176506899024785, 2.0442330808615954, 3.2550814975289875, 3.0641293851417055, 3.064129385141706, 4.9216076867444665, 2.3333333333333335, 2.908020062403554, 3.083333333333333, 3.033379120533549, 3.9519685671264586, 3.975620147292188, 3.975620147292188, 5.570258322356135, 3.5000000000000004, 4.090775530928634, 4.0532565782206404, 4.779702454709453, 4.994441354590566, 4.994441354590566, 6.368324391514266, 4.666666666666666, 5.115363569136064, 5.085409412121004, 5.681377962744212, 5.672014295131885, 6.066758241067098, 6.066758241067098, 7.2667431188638805, 5.833333333333334, 6.1485318934233755, 6.123633634443596, 6.626881284250953, 7.168604389202189, 7.168604389202189, 8.232726023485645, 7.0, 7.165290565559006, 7.599872074946759, 8.288211172770904, 8.288211172770904, 9.245118832239108, 8.166666666666666, 8.209073570683167, 8.591015979239915, 9.689627902499089, 8.933395522171597, 8.666666666666666, 8.933395522171597, 9.419247433963195, 9.419247433963195, 10.341812432064957, 10.759340895481804], [4.5862415016123075, 3.1500000000000004, 3.3049205739321486, 3.6446688616541167, 4.833936743943227, 2.446142087269485, 3.827568128430607, 2.1000000000000005, 2.7876712702740103, 4.225451981083733, 3.8787526631924116, 2.221173363587613, 4.277005361689096, 1.0500000000000003, 2.1127259905418665, 3.8140456793861874, 1.5257966953547764, 3.315829039957009, 3.43191718366798, 1.2911020271242872, 0.0, 1.8333333333333335, 3.6666666666666665, 1.1809835825371253, 3.1719692446316197, 3.3516579645171305, 1.059481005020854, 1.0499999999999998, 2.1127259905418665, 3.814045679386187, 1.784267668011476, 3.4424232421039944, 3.662156316828774, 1.8166666666666664, 1.7633809635986721, 2.0999999999999996, 2.7876712702740094, 4.225451981083732, 2.7739362325443286, 4.044921369926601, 4.2791808665781925, 2.863612714348394, 3.1500000000000004, 3.6446688616541167, 4.833936743943227, 3.8636841945940095, 4.857439883541764, 5.092505386458724, 3.9777506206397604, 4.2, 4.582696925513525, 5.57534254054802, 4.881509796244553, 4.9883475331126546, 5.792260161437655, 6.023126725842282, 5.115363569136064, 5.25, 5.560900206900957, 6.403666484479375, 6.128734689060124, 6.799121675301565, 7.024579860904297, 6.263673930778255, 6.561334552597598, 7.2893377233082335, 7.277457584135335, 7.85035384906665, 8.07053970383091, 7.417715281675348, 7.5751971004793734, 8.213826419181528, 8.528400266820919, 7.936221463083745, 7.913437938089866, 8.464648709649904, 8.431109720025656, 8.930301102302082, 9.473674076310626, 10.183397878346957], [6.0511936379894875, 3.6446688616541167, 3.258365302485964, 3.1500000000000004, 3.6446688616541167, 3.690867106792116, 2.5298770281928284, 2.7876712702740103, 2.1000000000000005, 2.78767127027401, 5.534261970268083, 2.1512916017024653, 2.628917751052088, 2.1127259905418665, 1.0500000000000003, 2.112725990541866, 3.1570467916146647, 1.656720321062738, 5.230811494298843, 1.1667857082124764, 1.8333333333333335, 0.0, 1.833333333333333, 3.005596631471215, 1.3458784822148275, 5.1785079361187085, 0.9038497908637503, 2.1127259905418665, 1.0499999999999998, 2.112725990541866, 3.289756829919197, 1.897439795560791, 5.384674755472444, 1.7305265736827686, 2.847743293049196, 2.7876712702740094, 2.0999999999999996, 2.7876712702740094, 3.9158155103517216, 2.848050015166322, 5.821917400841602, 2.8097548331166236, 3.6446688616541167, 3.1500000000000004, 3.6446688616541167, 4.750467813220552, 3.9172340014635614, 6.443364373093023, 3.9391552958019367, 4.582696925513525, 4.2, 4.582696925513525, 4.992865532908574, 5.702850164610675, 5.029938148504192, 7.201485186327116, 5.085409412121004, 5.560900206900957, 5.25, 5.560900206900957, 6.723115184033201, 6.162633816442087, 8.057794707955493, 6.239235173926012, 6.300000000000001, 6.5613345525975975, 7.784618023883882, 7.306028713025673, 8.984260929227537, 7.397090268777611, 7.35, 7.5751971004793734, 9.397709531819146, 8.403719414640163, 7.894108210839552, 7.962429138006678, 8.8725700898894, 8.45578368797226, 9.655329030062871, 9.838730881922254], [7.676099269811458, 4.833936743943227, 4.12717955886476, 3.6446688616541167, 3.1500000000000004, 5.289953791018512, 2.2073740054644118, 4.225451981083733, 2.78767127027401, 2.1000000000000005, 7.275548852912137, 3.323360080133091, 1.5006213519400835, 3.8140456793861874, 2.112725990541866, 1.0500000000000003, 4.932347874547736, 1.1031520495581941, 7.047477878251513, 2.7889165558609954, 3.6666666666666665, 1.833333333333333, 0.0, 4.836809095077273, 0.5325515102890152, 7.008744538075275, 2.6895373414606296, 3.814045679386187, 2.112725990541866, 1.0499999999999998, 5.018327521307384, 1.4396180048887965, 7.162421223146387, 3.0677987041018335, 4.453312646295272, 4.225451981083732, 2.7876712702740094, 2.0999999999999996, 5.449286395687258, 2.565854849969326, 7.496684452328094, 3.783039636177355, 4.833936743943227, 3.6446688616541167, 3.1500000000000004, 6.076845855833071, 3.7171150701107503, 7.988898547359329, 4.683333333333334, 5.57534254054802, 4.582696925513525, 4.2, 5.72280497577923, 6.847160806576045, 4.875705077217037, 8.612023249181602, 5.681377962744212, 6.403666484479375, 5.560900206900957, 5.25, 7.717602535042142, 6.037406544020188, 9.339893527825202, 6.733848990155796, 6.5613345525975975, 6.300000000000001, 8.6580245373231, 7.200713699195225, 10.15, 7.818798572102437, 7.5751971004793734, 7.35, 10.517723137637727, 9.218655602153229, 8.29057362979855, 7.865907449239407, 9.64798482125211, 8.364956664561987, 10.169684315435356, 9.829642954211623], [3.975620147292188, 3.5316033500695156, 3.975620147292188, 4.48454134902457, 5.871304984602847, 2.3333333333333335, 4.921607686744467, 2.564122115310077, 3.7700943106388087, 5.345532922190474, 3.064129385141706, 3.064129385141706, 5.440946046402604, 1.6977108770995795, 3.2436262286384223, 4.9882083178454195, 1.1666666666666665, 4.487637339278754, 2.3863035105460586, 2.3863035105460586, 1.1809835825371253, 3.005596631471215, 4.836809095077273, 0.0, 4.333333333333334, 2.1730674684008826, 2.1730674684008826, 1.4533486237727764, 3.122676914301432, 4.910419760287528, 1.1666666666666665, 4.487637339278754, 2.5440562537456244, 2.5440562537456244, 1.6839741264253594, 2.2438186696393765, 3.560001560548972, 5.199492496602167, 2.3333333333333335, 4.921607686744467, 3.308238873546535, 3.308238873546535, 3.1878240576013956, 4.219136299186259, 5.671174677456358, 3.5000000000000004, 5.5702583223561355, 4.258977446393546, 4.258977446393546, 4.182669270002378, 5.013343306727669, 6.284482653506352, 4.988735479061995, 4.666666666666666, 6.368324391514267, 5.296749527356901, 5.296749527356901, 5.199252082965609, 5.888217991133745, 7.002301209047082, 5.833333333333334, 7.266743118863881, 6.379219736334879, 6.379219736334879, 6.81275356306913, 7.795814404039018, 7.0, 8.232726023485647, 7.487025815072067, 7.487025815072067, 7.769241347204442, 8.644201653259959, 7.966945601811413, 7.666666666666666, 7.966945601811413, 8.806563209081938, 8.166666666666666, 9.245118832239108, 9.359442485510097, 10.394065734191576], [7.304869000270376, 4.597704741377907, 3.975620147292188, 3.5901098714230026, 3.370624736026114, 4.921607686744467, 2.3333333333333335, 3.904022142469083, 2.6441234632461637, 2.337436867834319, 6.851601597031489, 3.0641293851417064, 1.8504680672692893, 3.3983656202487817, 1.8162843634433703, 1.3308309851784754, 4.487637339278754, 1.1666666666666665, 6.576473218982953, 2.386303510546059, 3.1719692446316197, 1.3458784822148275, 0.5325515102890152, 4.333333333333334, 0.0, 6.50213640104372, 2.173067468400883, 3.2831218205983292, 1.5902480589168748, 1.0005554013202425, 4.487637339278754, 1.1666666666666665, 6.635343079131461, 2.544056253745625, 3.921285356707924, 3.701538719085468, 2.3348209543536496, 1.9808107206674521, 4.921607686744467, 2.3333333333333335, 6.96419413859206, 3.3082388735465353, 4.3392267616349445, 3.2525203902341473, 3.0085064585456873, 5.5702583223561355, 3.5000000000000004, 7.4628710590793705, 4.258977446393546, 5.114820513848838, 4.232184883590142, 4.047667366658372, 5.311184765411763, 6.368324391514267, 4.666666666666666, 8.100068586815244, 5.296749527356902, 5.974854716969182, 5.239168721170267, 5.091277944790591, 7.266743118863881, 5.833333333333334, 8.845903006477066, 6.379219736334879, 6.260302619593473, 6.137068608962354, 8.232726023485647, 7.0, 9.675283515799995, 7.487025815072067, 7.289642576209679, 7.1840873540841015, 10.051257522209735, 8.806563209081938, 7.966945601811413, 7.666666666666666, 9.245118832239108, 8.166666666666666, 9.825209121159695, 9.61495960503261], [3.5, 4.833333333333334, 5.570258322356135, 6.240548408949685, 7.826237921249264, 3.3082388735465345, 6.96419413859206, 4.136860054571717, 5.718124206804575, 7.416367035145981, 2.333333333333333, 4.9216076867444665, 7.5731124069666045, 3.615399163455, 5.352984629572968, 7.138627319029899, 2.5440562537456244, 6.635343079131461, 1.1666666666666665, 4.487637339278753, 3.3516579645171305, 5.1785079361187085, 7.008744538075275, 2.1730674684008826, 6.50213640104372, 0.0, 4.333333333333333, 3.4060403860070587, 5.213870390069593, 7.034912934784623, 2.3863035105460586, 6.576473218982953, 1.166666666666667, 4.487637339278753, 3.1888934489494463, 3.764785666025506, 5.454992616351047, 7.215434844830906, 3.064129385141706, 6.851601597031489, 2.333333333333334, 4.9216076867444665, 4.353287391283869, 5.876601436582581, 7.539230729988306, 3.975620147292188, 7.304869000270376, 3.5, 5.570258322356135, 5.092505386458724, 6.443364373093023, 7.988898547359329, 5.982054315306739, 4.994441354590566, 7.905694150420948, 4.666666666666668, 6.3683243915142675, 5.926306700729478, 7.120705333353182, 8.544588931013593, 6.0667582410671, 8.623288880184353, 5.833333333333334, 7.2667431188638805, 7.880161447866691, 9.187083323884682, 7.168604389202189, 9.431036233863406, 7.0, 8.232726023485645, 8.700255424092125, 9.899494936611665, 7.5, 7.806692285753579, 8.661857640124188, 9.924716620639604, 8.288211172770904, 10.307764064044152, 9.702872055323262, 11.257870645498196], [5.570258322356135, 3.640054944640259, 3.5, 3.5978388574871505, 4.400126260814695, 3.3082388735465345, 3.308238873546535, 2.6462237244798485, 2.587845521750564, 3.6212720294271064, 4.9216076867444665, 2.333333333333333, 3.5205953955109566, 1.720465053408525, 1.6292465879799918, 3.0118285328204046, 2.5440562537456244, 2.544056253745625, 4.487637339278753, 1.1666666666666665, 1.059481005020854, 0.9038497908637503, 2.6895373414606296, 2.1730674684008826, 2.173067468400883, 4.333333333333333, 0.0, 1.22065556157337, 1.0883218478209677, 2.757011264233629, 2.3863035105460586, 2.386303510546059, 4.487637339278753, 1.166666666666667, 1.9829204828325455, 2.0155644370746373, 1.938283891602168, 3.1896098681674396, 3.064129385141706, 3.0641293851417064, 4.9216076867444665, 2.333333333333334, 2.9732137494637016, 2.921377148614066, 3.8666666666666676, 3.975620147292188, 3.9756201472921884, 5.570258322356135, 3.5, 3.977750620639761, 3.939155295801937, 4.683333333333334, 4.508702472529353, 4.994441354590566, 4.994441354590566, 6.3683243915142675, 4.666666666666668, 5.000999900019996, 4.9703565711570885, 5.57862985966188, 6.0667582410671, 6.0667582410671, 7.2667431188638805, 5.833333333333334, 6.008073272226667, 6.520246246201989, 7.168604389202189, 7.168604389202189, 8.232726023485645, 7.0, 7.0494286608522, 7.490735018081411, 8.661857640124188, 7.806692285753579, 7.5, 7.806692285753579, 8.288211172770904, 8.288211172770904, 9.181694777062866, 9.611