totalHoles = 80;
zeroHoleID = 29;
C = [[0.0, 3.0, 5.0, 8.0, 1.118033988749895, 2.692582403567252, 5.5901699437494745, 7.566372975210778, 1.15, 5.130545779934138, 1.5, 5.220153254455275, 3.297347418759509, 7.802083055184686, 2.3, 5.503635162326805, 5.189796282902093, 3.5355339059327378, 7.905694150420948, 3.730017917847096, 4.1400483088968905, 8.193900170248599, 3.4499999999999997, 6.074742792909013, 4.8676939555034116, 8.870988921447509, 4.1771360528142765, 5.104164965986111, 8.720808448762075, 4.6, 6.794115100585211, 4.859126579037751, 7.321960878829599, 5.0, 7.0710678118654755, 6.132699242584786, 9.360021367496978, 5.75, 7.6198753270640855, 6.5, 9.604686356149273, 7.198090024443984, 10.090218035305282, 6.8999999999999995, 8.521150157109073, 10.161137955800651, 8.232726023485647, 11.080513425729775, 8.286132994346637, 10.893117092916976, 8.049999999999999, 9.476418099683022, 8.5, 9.86154146165801, 8.681077762070279, 10.264556060108548, 9.388956278522121, 11.75382916329823, 9.2, 10.470912090166738, 9.82344135219425, 12.103718436910205, 10.501904589168575, 12.660568707605515, 10.35, 11.494455185001158, 11.6220695231099, 13.604135400678722, 11.5, 11.884864324004713, 12.539936203984453, 14.0089257261219, 12.0, 13.0, 14.651826400954, 12.747548783981962, 13.656500283747663, 14.577379737113251, 13.238202294873727, 15.008331019803634], [3.0, 0.0, 2.0, 5.0, 2.692582403567252, 1.118033988749895, 2.692582403567252, 4.6097722286464435, 3.2128647652834688, 2.3070543990118653, 3.3541019662496847, 2.5, 2.2073740054644113, 4.987233702163956, 3.7802116342871597, 3.047950130825634, 2.879966790433697, 2.5495097567963922, 5.1478150704935, 3.245947436391209, 3.337663853655727, 5.580322571321482, 4.571925196238451, 3.9877938763180825, 3.833333333333334, 6.300352723811933, 4.138460528521839, 4.478001786511479, 6.328704448779386, 5.491812087098392, 5.015974481593781, 5.441609239104837, 5.441609239104837, 5.830951894845301, 5.385164807134504, 5.622277118748238, 7.184010022264724, 6.485560885536423, 6.0878978309429606, 6.020797289396148, 7.5, 6.768493185340442, 8.112490369793976, 7.523961722390671, 7.184010022264723, 8.299940601534784, 7.666666666666668, 9.153020145163989, 7.915806970865319, 9.091754506144563, 8.59083814304518, 8.294727240844027, 9.013878188659973, 8.73212459828649, 9.020039418489873, 9.020039418489873, 9.063801630662487, 10.107051993534018, 9.676776322722356, 9.414881836751855, 9.513148795220223, 10.51189802081432, 10.212247548899311, 11.148542505637227, 10.776015033397085, 10.54146574248572, 11.361007877824925, 12.20952497028447, 11.884864324004713, 11.5, 11.672617529928752, 12.539936203984453, 12.36931687685298, 12.165525060596439, 13.219351240240941, 12.509996003196804, 12.747548783981962, 13.285330255586423, 13.009611831257688, 13.756816492197604], [5.0, 2.0, 0.0, 3.0, 4.6097722286464435, 2.692582403567252, 1.118033988749895, 2.692582403567252, 5.130545779934138, 1.15, 5.220153254455275, 1.5, 3.297347418759509, 3.297347418759509, 5.503635162326805, 2.3, 2.422331704092574, 3.5355339059327378, 3.5355339059327378, 4.276088807315729, 4.1400483088968905, 4.1400483088968905, 6.074742792909013, 3.4499999999999997, 4.323707257024283, 4.8676939555034116, 5.187720967927523, 5.104164965986111, 5.104164965986111, 6.794115100585211, 4.6, 6.60387091871965, 4.859126579037751, 7.0710678118654755, 5.0, 6.132699242584786, 6.132699242584786, 7.6198753270640855, 5.75, 6.5, 6.5, 7.198090024443984, 7.198090024443984, 8.521150157109073, 6.8999999999999995, 7.482148105800514, 7.923242882669809, 8.232726023485647, 8.286132994346637, 8.286132994346637, 9.476418099683022, 8.049999999999999, 9.86154146165801, 8.5, 9.765301383526836, 8.681077762070279, 9.388956278522121, 9.388956278522121, 10.470912090166738, 9.2, 9.82344135219425, 9.82344135219425, 10.501904589168575, 10.501904589168575, 11.494455185001158, 10.35, 11.6220695231099, 11.6220695231099, 12.539936203984453, 11.672617529928752, 11.5, 11.884864324004713, 13.0, 12.0, 12.575163382595514, 12.747548783981962, 12.509996003196804, 12.747548783981962, 13.238202294873727, 13.238202294873727], [8.0, 5.0, 3.0, 0.0, 7.566372975210778, 5.5901699437494745, 2.692582403567252, 1.118033988749895, 8.082233602167163, 3.2128647652834688, 8.139410298049853, 3.3541019662496847, 5.905294234837076, 2.2073740054644113, 8.324061508662703, 3.7802116342871597, 4.15065225484244, 6.041522986797286, 2.5495097567963922, 6.701348862759282, 6.41404708432983, 3.337663853655727, 8.712204083927327, 4.571925196238451, 6.300352723811933, 3.833333333333334, 7.522688268397627, 7.074779148496439, 4.478001786511479, 9.228217596047461, 5.491812087098392, 8.922505876216116, 5.441609239104837, 9.433981132056603, 5.830951894845301, 7.849203781276162, 5.622277118748238, 9.852030247619016, 6.485560885536423, 8.139410298049853, 6.020797289396148, 8.707037383633999, 6.768493185340442, 10.564563407921787, 7.523961722390671, 7.184902901871895, 9.153020145163989, 7.666666666666668, 9.626006440887101, 7.915806970865319, 11.349118908532063, 8.59083814304518, 11.672617529928752, 9.013878188659973, 11.461287497969463, 9.020039418489873, 10.590207741116318, 9.063801630662487, 12.191800523302536, 9.676776322722356, 10.977249200050075, 9.513148795220223, 11.58835622510803, 10.212247548899311, 13.0813798966317, 10.776015033397085, 12.612394697280925, 11.361007877824925, 14.0089257261219, 12.539936203984453, 11.884864324004713, 11.5, 14.422205101855956, 12.36931687685298, 12.174151486988245, 13.656500283747663, 12.747548783981962, 12.509996003196804, 14.115594213493104, 13.009611831257688], [1.118033988749895, 2.692582403567252, 4.6097722286464435, 7.566372975210778, 0.0, 2.0, 5.0, 7.0, 0.5220153254455274, 4.5024993059410905, 0.7071067811865476, 4.527692569068709, 2.3070543990118653, 7.093835351909431, 1.3928388277184118, 4.684015371452148, 4.335550732703974, 2.5, 7.158910531638177, 2.623891718425893, 3.047950130825634, 7.368174807915458, 2.5004999500099974, 5.123719352189384, 3.7785946829182118, 8.017342313870463, 3.064297694347264, 3.987793876318082, 7.804005381853603, 3.634556369077249, 5.762811813689563, 3.833333333333334, 6.300352723811933, 4.031128874149275, 6.020797289396148, 5.015974481593781, 8.37615663654877, 4.7762432936357, 6.5431261641512, 5.385164807134504, 8.602325267042627, 6.0878978309429606, 9.058835465996719, 5.921148537234984, 7.420242583635659, 9.109653643647183, 7.120003121097944, 10.034662148993581, 7.184010022264722, 9.829038610159184, 7.0677082565708655, 8.363761115670389, 7.516648189186454, 8.74642784226795, 7.666666666666668, 9.153020145163989, 8.294727240844027, 10.667825457889718, 8.21522975941635, 9.353608929178085, 8.73212459828649, 11.01135777277262, 9.414881836751855, 11.56027681329474, 9.36335943985918, 10.37653603087273, 10.54146574248572, 12.4948989591753, 10.51189802081432, 10.793516572461451, 11.423659658795863, 12.90348790056394, 11.01135777277262, 11.884864324004713, 13.543468426441525, 11.672617529928752, 12.539936203984453, 13.46291201783626, 12.165525060596439, 13.892443989449804], [2.692582403567252, 1.118033988749895, 2.692582403567252, 5.5901699437494745, 2.0, 0.0, 3.0, 5.0, 2.5044959572736385, 2.5044959572736385, 2.5495097567963922, 2.5495097567963922, 1.15, 5.130545779934138, 2.817800560721074, 2.817800560721074, 2.5239814433749372, 1.5, 5.220153254455275, 2.1525725256678743, 2.3, 5.503635162326805, 3.500357124637427, 3.500357124637427, 2.877112750272012, 6.1869037310901955, 3.0291110337066836, 3.4499999999999993, 6.074742792909013, 4.382921400162225, 4.382921400162225, 4.323707257024283, 4.8676939555034116, 4.716990566028302, 4.716990566028302, 4.6, 6.794115100585211, 5.367727638395972, 5.367727638395972, 5.0, 7.0710678118654755, 5.75, 7.6198753270640855, 6.407807737440317, 6.407807737440317, 7.751084814098156, 6.685390373377194, 8.642594774976116, 6.899999999999999, 8.521150157109073, 7.4801403730143985, 7.4801403730143985, 7.905694150420948, 7.905694150420948, 7.923242882669809, 8.232726023485647, 8.049999999999999, 9.476418099683022, 8.572630868059116, 8.572630868059116, 8.5, 9.86154146165801, 9.2, 10.470912090166738, 9.678455455288308, 9.678455455288308, 10.35, 11.494455185001158, 10.793516572461451, 10.51189802081432, 10.793516572461451, 11.853269591129697, 11.280514172678478, 11.280514172678478, 12.52234099136938, 11.5, 11.884864324004713, 12.539936203984453, 12.0, 13.0], [5.5901699437494745, 2.692582403567252, 1.118033988749895, 2.692582403567252, 5.0, 3.0, 0.0, 2.0, 5.502045074333725, 0.5220153254455274, 5.522680508593631, 0.7071067811865476, 3.2128647652834688, 2.3070543990118653, 5.651548460377916, 1.3928388277184118, 1.6524846693623587, 3.3541019662496847, 2.5, 4.031961008072182, 3.7802116342871597, 3.047950130825634, 6.021004899516359, 2.5004999500099974, 3.7785946829182118, 3.7785946829182118, 4.884045822567187, 4.571925196238451, 3.987793876318082, 6.573431371817918, 3.634556369077249, 6.300352723811933, 3.833333333333334, 6.800735254367722, 4.031128874149275, 5.491812087098392, 5.015974481593781, 7.267220926874317, 4.7762432936357, 5.830951894845301, 5.385164807134504, 6.485560885536423, 6.0878978309429606, 8.065977932030313, 5.921148537234984, 6.381191520988535, 7.120003121097944, 7.120003121097944, 7.52396172239067, 7.184010022264722, 8.941616185008165, 7.0677082565708655, 9.300537618869138, 7.516648189186454, 9.153020145163989, 7.666666666666668, 8.59083814304518, 8.294727240844027, 9.873702446397704, 8.21522975941635, 9.013878188659973, 8.73212459828649, 9.676776322722356, 9.414881836751855, 10.84769560782381, 9.36335943985918, 10.776015033397085, 10.54146574248572, 11.853269591129697, 10.793516572461451, 10.51189802081432, 10.793516572461451, 12.298373876248844, 11.01135777277262, 11.48408700042354, 11.884864324004713, 11.5, 11.672617529928752, 12.36931687685298, 12.165525060596439], [7.566372975210778, 4.6097722286464435, 2.692582403567252, 1.118033988749895, 7.0, 5.0, 2.0, 0.0, 7.501499850029993, 2.5044959572736385, 7.516648189186454, 2.5495097567963922, 5.130545779934138, 1.15, 7.611832893594026, 2.817800560721074, 3.2100136686825316, 5.220153254455275, 1.5, 5.83142095023594, 5.503635162326805, 2.3, 7.89002534850174, 3.500357124637427, 5.317685377847939, 2.877112750272012, 6.606019746555228, 6.074742792909013, 3.4499999999999993, 8.319254774317228, 4.382921400162225, 7.980879929208586, 4.323707257024283, 8.5, 4.716990566028302, 6.794115100585211, 4.6, 8.877640452282352, 5.367727638395972, 7.0710678118654755, 5.0, 7.6198753270640855, 5.75, 9.542536350467836, 6.407807737440317, 6.149238287435657, 8.04328567467577, 6.685390373377194, 8.521150157109073, 6.899999999999999, 10.293323078578656, 7.4801403730143985, 10.606601717798213, 7.905694150420948, 10.381607668264959, 7.923242882669809, 9.476418099683022, 8.049999999999999, 11.112605455067682, 8.572630868059116, 9.86154146165801, 8.5, 10.470912090166738, 9.2, 11.98634639913264, 9.678455455288308, 11.494455185001158, 10.35, 12.90348790056394, 11.423659658795863, 10.793516572461451, 10.51189802081432, 13.313526955694348, 11.280514172678478, 11.192307229495098, 12.539936203984453, 11.672617529928752, 11.5, 13.0, 12.0], [1.15, 3.2128647652834688, 5.130545779934138, 8.082233602167163, 0.5220153254455274, 2.5044959572736385, 5.502045074333725, 7.501499850029993, 0.0, 5.0, 0.3500000000000001, 5.012235030403104, 2.692582403567252, 7.566372975210778, 1.15, 5.130545779934138, 4.770647360313024, 2.8412145290350743, 7.620531477528322, 2.8439066709441474, 3.297347418759509, 7.802083055184686, 2.3, 5.503635162326805, 4.024956866573576, 8.438025703787456, 3.138913904627748, 4.14004830889689, 8.193900170248599, 3.4499999999999997, 6.074742792909013, 3.7171150701107503, 6.619436867622838, 3.85, 6.310507111159927, 5.104164965986111, 8.720808448762075, 4.6, 6.794115100585211, 5.456418239101544, 8.931545219053643, 6.132699242584786, 9.360021367496978, 5.75, 7.6198753270640855, 9.388394987533156, 7.174046587836217, 10.318282049083775, 7.1980900244439825, 10.09021803530528, 6.899999999999999, 8.521150157109073, 7.35, 8.889460051094217, 7.533278023395777, 9.313982916979063, 8.286132994346637, 10.893117092916976, 8.049999999999999, 9.476418099683022, 8.716220511207824, 11.223747146118358, 9.388956278522121, 11.75382916329823, 9.2, 10.470912090166738, 10.501904589168575, 12.660568707605515, 10.35, 10.776015033397085, 11.494455185001158, 13.0813798966317, 10.85, 11.94665225073535, 13.711316952007577, 11.6220695231099, 12.612394697280925, 13.604135400678722, 12.11084224981896, 14.023997290359121], [5.130545779934138, 2.3070543990118653, 1.15, 3.2128647652834688, 4.5024993059410905, 2.5044959572736385, 0.5220153254455274, 2.5044959572736385, 5.0, 0.0, 5.012235030403104, 0.3500000000000001, 2.692582403567252, 2.692582403567252, 5.130545779934138, 1.15, 1.3010694305413844, 2.8412145290350743, 2.8412145290350743, 3.529831012050164, 3.297347418759509, 3.297347418759509, 5.503635162326805, 2.3, 3.346681606872363, 4.024956866573576, 4.395084042202089, 4.14004830889689, 4.14004830889689, 6.074742792909013, 3.4499999999999997, 5.815233825431652, 3.7171150701107503, 6.310507111159927, 3.85, 5.104164965986111, 5.104164965986111, 6.794115100585211, 4.6, 5.456418239101544, 5.456418239101544, 6.132699242584786, 6.132699242584786, 7.6198753270640855, 5.75, 6.393416626676167, 6.816666666666667, 7.174046587836217, 7.1980900244439825, 7.1980900244439825, 8.521150157109073, 6.899999999999999, 8.889460051094217, 7.35, 8.760723587568426, 7.533278023395777, 8.286132994346637, 8.286132994346637, 9.476418099683022, 8.049999999999999, 8.716220511207824, 8.716220511207824, 9.388956278522121, 9.388956278522121, 10.470912090166738, 9.2, 10.501904589168575, 10.501904589168575, 11.494455185001158, 10.54146574248572, 10.35, 10.776015033397085, 11.94665225073535, 10.85, 11.465554054370365, 11.6220695231099, 11.361007877824925, 11.6220695231099, 12.11084224981896, 12.11084224981896], [1.5, 3.3541019662496847, 5.220153254455275, 8.139410298049853, 0.7071067811865476, 2.5495097567963922, 5.522680508593631, 7.516648189186454, 0.3500000000000001, 5.012235030403104, 0.0, 5.0, 2.5831182706178977, 7.52811397363244, 0.7999999999999998, 5.063595560468865, 4.691849495749903, 2.692582403567252, 7.566372975210778, 2.615322067780031, 3.080584360149872, 7.712976079309465, 1.9499999999999997, 5.366796064692602, 3.80058475033046, 8.333333333333334, 2.84007926859611, 3.866846260197061, 8.059311384975766, 3.0999999999999996, 5.883026432033091, 3.3706247360261146, 6.431260460524913, 3.5, 6.103277807866851, 4.802082881417188, 8.54751425854324, 4.25, 6.562202374203344, 5.1478150704935, 8.74642784226795, 5.814851674806504, 9.154916711800277, 5.3999999999999995, 7.359347797189639, 9.168928488344047, 6.857680203813662, 10.100880049667841, 6.870953354520752, 9.859513172565874, 6.549999999999999, 8.240297324732888, 7.0, 8.602325267042627, 7.184087354084103, 9.03388682191177, 7.953144032393729, 10.642015786494586, 7.699999999999999, 9.180958555619341, 8.381527307120106, 10.965856099730654, 9.052071586106685, 11.486513831445988, 8.85, 10.164767582192914, 10.162307808760763, 12.380327136227054, 10.0, 10.44030650891055, 11.180339887498949, 12.806248474865697, 10.5, 11.629703349613008, 13.43154829135084, 11.280514172678478, 12.298373876248844, 13.313526955694348, 11.76860229593982, 13.729530217745982], [5.220153254455275, 2.5, 1.5, 3.3541019662496847, 4.527692569068709, 2.5495097567963922, 0.7071067811865476, 2.5495097567963922, 5.012235030403104, 0.3500000000000001, 5.0, 0.0, 2.5831182706178977, 2.5831182706178977, 5.063595560468865, 0.7999999999999998, 0.9732199737964028, 2.692582403567252, 2.692582403567252, 3.34840429739416, 3.080584360149872, 3.080584360149872, 5.366796064692602, 1.9499999999999997, 3.0731814857642963, 3.80058475033046, 4.186888282395824, 3.866846260197061, 3.866846260197061, 5.883026432033091, 3.0999999999999996, 5.600099205470481, 3.3706247360261146, 6.103277807866851, 3.5, 4.802082881417188, 4.802082881417188, 6.562202374203344, 4.25, 5.1478150704935, 5.1478150704935, 5.814851674806504, 5.814851674806504, 7.359347797189639, 5.3999999999999995, 6.066553003534102, 6.482883446258909, 6.857680203813662, 6.870953354520752, 6.870953354520752, 8.240297324732888, 6.549999999999999, 8.602325267042627, 7.0, 8.462334849857404, 7.184087354084103, 7.953144032393729, 7.953144032393729, 9.180958555619341, 7.699999999999999, 8.381527307120106, 8.381527307120106, 9.052071586106685, 9.052071586106685, 10.164767582192914, 8.85, 10.162307808760763, 10.162307808760763, 11.180339887498949, 10.198039027185569, 10.0, 10.44030650891055, 11.629703349613008, 10.5, 11.129474682938456, 11.280514172678478, 11.01135777277262, 11.280514172678478, 11.76860229593982, 11.76860229593982], [3.297347418759509, 2.2073740054644113, 3.297347418759509, 5.905294234837076, 2.3070543990118653, 1.15, 3.2128647652834688, 5.130545779934138, 2.692582403567252, 2.692582403567252, 2.5831182706178977, 2.5831182706178977, 0.0, 5.0, 2.5044959572736385, 2.5044959572736385, 2.1202766576412335, 0.3500000000000001, 5.012235030403104, 1.0527772622166611, 1.15, 5.130545779934138, 2.817800560721074, 2.817800560721074, 1.7560213868603973, 5.7518354558446045, 1.9697280399761157, 2.2999999999999994, 5.503635162326805, 3.500357124637427, 3.500357124637427, 3.346681606872363, 4.024956866573576, 3.791108017453473, 3.791108017453473, 3.4499999999999997, 6.074742792909013, 4.382921400162226, 4.382921400162226, 3.85, 6.310507111159927, 4.6, 6.794115100585211, 5.367727638395972, 5.367727638395972, 6.875503740124652, 5.539278934221594, 7.789968620675639, 5.749999999999998, 7.619875327064084, 6.407807737440316, 6.407807737440316, 6.824404735945839, 6.824404735945839, 6.816666666666667, 7.174046587836217, 6.899999999999999, 8.521150157109073, 7.4801403730143985, 7.4801403730143985, 7.35, 8.889460051094217, 8.049999999999999, 9.476418099683022, 8.572630868059116, 8.572630868059116, 9.2, 10.470912090166738, 9.678455455288308, 9.36335943985918, 9.678455455288308, 10.84769560782381, 10.162307808760763, 10.162307808760763, 11.50796331150076, 10.35, 10.776015033397085, 11.494455185001158, 10.85, 11.94665225073535], [7.802083055184686, 4.987233702163956, 3.297347418759509, 2.2073740054644113, 7.093835351909431, 5.130545779934138, 2.3070543990118653, 1.15, 7.566372975210778, 2.692582403567252, 7.52811397363244, 2.5831182706178977, 5.0, 0.0, 7.501499850029993, 2.5044959572736385, 2.9033219820691496, 5.012235030403104, 0.3500000000000001, 5.5208913940079345, 5.130545779934138, 1.15, 7.611832893594026, 2.817800560721074, 4.804540676392605, 1.7560213868603973, 6.192238027468113, 5.503635162326805, 2.2999999999999994, 7.89002534850174, 3.500357124637427, 7.496684452328095, 3.346681606872363, 8.0232474721898, 3.791108017453473, 6.074742792909013, 3.4499999999999997, 8.31925477431723, 4.382921400162226, 6.310507111159927, 3.85, 6.794115100585211, 4.6, 8.877640452282352, 5.367727638395972, 5.000636699540336, 7.119242312993085, 5.539278934221594, 7.619875327064084, 5.749999999999998, 9.542536350467834, 6.407807737440316, 9.827130812195389, 6.824404735945839, 9.563835237207115, 6.816666666666667, 8.521150157109073, 6.899999999999999, 10.293323078578656, 7.4801403730143985, 8.889460051094217, 7.35, 9.476418099683022, 8.049999999999999, 11.112605455067682, 8.572630868059116, 10.470912090166738, 9.2, 11.98634639913264, 10.37653603087273, 9.678455455288308, 9.36335943985918, 12.380327136227054, 10.162307808760763, 10.04449783683216, 11.494455185001158, 10.54146574248572, 10.35, 11.94665225073535, 10.85], [2.3, 3.7802116342871597, 5.503635162326805, 8.324061508662703, 1.3928388277184118, 2.817800560721074, 5.651548460377916, 7.611832893594026, 1.15, 5.130545779934138, 0.7999999999999998, 5.063595560468865, 2.5044959572736385, 7.501499850029993, 0.0, 5.0, 4.6075120200493105, 2.5079872407968904, 7.502666192761077, 2.215305089286995, 2.692582403567252, 7.566372975210778, 1.15, 5.130545779934138, 3.369141004931541, 8.145619136143742, 2.2140676136039725, 3.297347418759509, 7.802083055184686, 2.3, 5.503635162326805, 2.582204054248576, 6.055392454480368, 2.7, 5.682429058070149, 4.1400483088968905, 8.193900170248599, 3.45, 6.074742792909014, 4.465422712353221, 8.363013810822029, 5.1041649659861115, 8.720808448762076, 4.6, 6.794115100585211, 8.699436552275252, 6.1482608200296065, 9.633333333333335, 6.132699242584784, 9.360021367496977, 5.749999999999999, 7.619875327064085, 6.2, 7.964923100695951, 6.386269994640413, 8.413349181178948, 7.198090024443983, 10.090218035305282, 6.8999999999999995, 8.521150157109073, 7.621679604916491, 10.396634070698074, 8.286132994346639, 10.893117092916976, 8.05, 9.476418099683023, 9.388956278522125, 11.753829163298233, 9.2, 9.676776322722356, 10.470912090166738, 12.191800523302536, 9.7, 10.912836478203088, 12.805054011331935, 10.501904589168575, 11.58835622510803, 12.660568707605515, 10.988175462741754, 13.066751700403586], [5.503635162326805, 3.047950130825634, 2.3, 3.7802116342871597, 4.684015371452148, 2.817800560721074, 1.3928388277184118, 2.817800560721074, 5.130545779934138, 1.15, 5.063595560468865, 0.7999999999999998, 2.5044959572736385, 2.5044959572736385, 5.0, 0.0, 0.4035745798815026, 2.5079872407968904, 2.5079872407968904, 3.046223639067119, 2.692582403567252, 2.692582403567252, 5.130545779934138, 1.15, 2.5201410895247736, 3.369141004931541, 3.790261024647778, 3.297347418759509, 3.297347418759509, 5.503635162326805, 2.3, 5.164085376693319, 2.582204054248576, 5.682429058070149, 2.7, 4.1400483088968905, 4.1400483088968905, 6.074742792909014, 3.45, 4.465422712353221, 4.465422712353221, 5.1041649659861115, 5.1041649659861115, 6.794115100585211, 4.6, 5.330479532592196, 5.72722542869679, 6.1482608200296065, 6.132699242584784, 6.132699242584784, 7.619875327064085, 5.749999999999999, 7.964923100695951, 6.2, 7.796437933084856, 6.386269994640413, 7.198090024443983, 7.198090024443983, 8.521150157109073, 6.8999999999999995, 7.621679604916491, 7.621679604916491, 8.286132994346639, 8.286132994346639, 9.476418099683023, 8.05, 9.388956278522125, 9.388956278522125, 10.470912090166738, 9.414881836751855, 9.2, 9.676776322722356, 10.912836478203088, 9.7, 10.364753998451024, 10.501904589168575, 10.212247548899311, 10.501904589168575, 10.988175462741754, 10.988175462741754], [5.189796282902093, 2.879966790433697, 2.422331704092574, 4.15065225484244, 4.335550732703974, 2.5239814433749372, 1.6524846693623587, 3.2100136686825316, 4.770647360313024, 1.3010694305413844, 4.691849495749903, 0.9732199737964028, 2.1202766576412335, 2.9033219820691496, 4.6075120200493105, 0.4035745798815026, 0.0, 2.1094901183094623, 2.8954540206801633, 2.643079234794748, 2.2947034412698146, 3.0330462096715873, 4.726971312937717, 1.1304703534209908, 2.159619353783497, 3.6875006684560616, 3.396030279975738, 2.946312044202511, 3.551684120025376, 5.109241486930656, 2.2445609812168232, 4.778432155189808, 2.601368733643804, 5.294544950591931, 2.6393013584026663, 3.839380866786991, 4.321406121493059, 5.70170495117124, 3.382771759495204, 4.179557763964408, 4.626273719630391, 4.842100393288772, 5.2325559380970725, 6.446668141656422, 4.526945499481469, 5.427261259485195, 5.5156678363875775, 6.273459739887399, 5.898815728358067, 6.223321655173559, 7.297576372131032, 5.67347568371565, 7.65185995539048, 6.122472229707216, 7.500581074593005, 6.339749354916991, 6.98506390633341, 7.2611860740645815, 8.221600311710754, 6.821174174007728, 7.415352833505972, 7.676012185504444, 8.088955961927288, 8.328560138500933, 9.196727812866902, 7.96953624062199, 9.204145768752051, 9.415413148612435, 10.208324703025314, 9.250411693453078, 9.118311174171701, 9.721307624234568, 10.656909276144669, 9.617869865339514, 10.406334380247122, 10.326973908695301, 10.149217377061648, 10.51570708690106, 10.816940981093264, 10.997268643398804], [3.5355339059327378, 2.5495097567963922, 3.5355339059327378, 6.041522986797286, 2.5, 1.5, 3.3541019662496847, 5.220153254455275, 2.8412145290350743, 2.8412145290350743, 2.692582403567252, 2.692582403567252, 0.3500000000000001, 5.012235030403104, 2.5079872407968904, 2.5079872407968904, 2.1094901183094623, 0.0, 5.0, 0.7486282983009674, 0.7999999999999998, 5.063595560468865, 2.6744158240632663, 2.6744158240632663, 1.424000624219589, 5.659308948783215, 1.6712565041645018, 1.9499999999999993, 5.366796064692602, 3.2649655434629015, 3.2649655434629015, 3.0731814857642963, 3.80058475033046, 3.5355339059327378, 3.5355339059327378, 3.0999999999999996, 5.883026432033091, 4.100304866714182, 4.100304866714182, 3.5, 6.103277807866851, 4.25, 6.562202374203344, 5.060632371551998, 5.060632371551998, 6.625695500315226, 5.19080383413248, 7.546154281781181, 5.399999999999999, 7.359347797189638, 6.0870764739733625, 6.0870764739733625, 6.5, 6.5, 6.482883446258909, 6.857680203813662, 6.549999999999999, 8.240297324732888, 7.151223671512449, 7.151223671512449, 7.0, 8.602325267042627, 7.699999999999999, 9.180958555619341, 8.238476800962664, 8.238476800962664, 8.85, 10.164767582192914, 9.340770846134703, 9.013878188659973, 9.340770846134703, 10.547511554864494, 9.82344135219425, 9.82344135219425, 11.204440928637485, 10.0, 10.44030650891055, 11.180339887498949, 10.5, 11.629703349613008], [7.905694150420948, 5.1478150704935, 3.5355339059327378, 2.5495097567963922, 7.158910531638177, 5.220153254455275, 2.5, 1.5, 7.620531477528322, 2.8412145290350743, 7.566372975210778, 2.692582403567252, 5.012235030403104, 0.3500000000000001, 7.502666192761077, 2.5079872407968904, 2.8954540206801633, 5.0, 0.0, 5.471046165918129, 5.063595560468865, 0.7999999999999998, 7.559927248327195, 2.6744158240632663, 4.693375946776241, 1.424000624219589, 6.1038579226638445, 5.366796064692602, 1.9499999999999993, 7.788452991448302, 3.2649655434629015, 7.378647873726218, 3.0731814857642963, 7.905694150420948, 3.5355339059327378, 5.883026432033091, 3.0999999999999996, 8.173891362135908, 4.100304866714182, 6.103277807866851, 3.5, 6.562202374203344, 4.25, 8.69540108333135, 5.060632371551998, 4.651199477900192, 6.85160159703149, 5.19080383413248, 7.359347797189638, 5.399999999999999, 9.33019292405039, 6.0870764739733625, 9.604686356149273, 6.5, 9.328867979437687, 6.482883446258909, 8.240297324732888, 6.549999999999999, 10.0568384694197, 7.151223671512449, 8.602325267042627, 7.0, 9.180958555619341, 7.699999999999999, 10.856910241869, 8.238476800962664, 10.164767582192914, 8.85, 11.715374513859981, 10.062305898749054, 9.340770846134703, 9.013878188659973, 12.103718436910205, 9.82344135219425, 9.695267594997327, 11.180339887498949, 10.198039027185569, 10.0, 11.629703349613008, 10.5], [3.730017917847096, 3.245947436391209, 4.276088807315729, 6.701348862759282, 2.623891718425893, 2.1525725256678743, 4.031961008072182, 5.83142095023594, 2.8439066709441474, 3.529831012050164, 2.615322067780031, 3.34840429739416, 1.0527772622166611, 5.5208913940079345, 2.215305089286995, 3.046223639067119, 2.643079234794748, 0.7486282983009674, 5.471046165918129, 0.0, 0.47761014375811395, 5.440589423032316, 2.0910160506799316, 2.9570677950956012, 1.1852668431735391, 5.981367678893935, 0.9229459020022391, 1.41169505736929, 5.600427194026483, 2.5460007089121826, 3.294544191594916, 2.3281230951997705, 3.8460445872341396, 2.79927725850498, 3.4939740970095388, 2.5303466996799315, 5.981183515088931, 3.3521472365278906, 3.9507964913358973, 2.925147514362813, 6.158602909863032, 3.6684364388880124, 6.544411946596258, 4.317020104301323, 4.796724340790522, 6.55360802692207, 4.65429147219288, 7.485608253757194, 4.81219257633582, 7.247696131346294, 5.355505024413854, 5.749203065391976, 5.773386945437583, 6.140350042329799, 5.774460618245658, 6.53577059360719, 5.958352866130187, 8.054431742706141, 6.432045207560522, 6.763365092370273, 6.407224955669098, 8.391926683017395, 7.105754031973106, 8.936646025410905, 7.5303371131498835, 7.815233768626054, 8.253878594241758, 9.874128501750054, 8.642091675240593, 8.444459107344711, 8.891436911087725, 10.280116314332611, 9.128419385277773, 9.364824733763335, 10.921852681777596, 9.40246155717015, 10.001471113112151, 10.852565832772129, 9.901948055020023, 11.288067908411309], [4.1400483088968905, 3.337663853655727, 4.1400483088968905, 6.41404708432983, 3.047950130825634, 2.3, 3.7802116342871597, 5.503635162326805, 3.297347418759509, 3.297347418759509, 3.080584360149872, 3.080584360149872, 1.15, 5.130545779934138, 2.692582403567252, 2.692582403567252, 2.2947034412698146, 0.7999999999999998, 5.063595560468865, 0.47761014375811395, 0.0, 5.0, 2.5044959572736385, 2.5044959572736385, 0.7310570733153775, 5.525798082127544, 1.1086674201097126, 1.1499999999999995, 5.130545779934138, 2.817800560721074, 2.817800560721074, 2.5201410895247736, 3.369141004931541, 3.023243291566195, 3.023243291566195, 2.3, 5.503635162326805, 3.5003571246374277, 3.5003571246374277, 2.7, 5.682429058070149, 3.45, 6.074742792909014, 4.382921400162225, 4.382921400162225, 6.0918624053398585, 4.395199401367108, 7.022661730268502, 4.599999999999999, 6.794115100585211, 5.367727638395971, 5.367727638395971, 5.769748694700663, 5.769748694700663, 5.72722542869679, 6.1482608200296065, 5.749999999999999, 7.619875327064085, 6.407807737440317, 6.407807737440317, 6.2, 7.964923100695951, 6.8999999999999995, 8.521150157109073, 7.480140373014399, 7.480140373014399, 8.05, 9.476418099683023, 8.572630868059116, 8.21522975941635, 8.572630868059116, 9.873702446397704, 9.052071586106685, 9.052071586106685, 10.521521527496168, 9.2, 9.676776322722356, 10.470912090166738, 9.7, 10.912836478203088], [8.193900170248599, 5.580322571321482, 4.1400483088968905, 3.337663853655727, 7.368174807915458, 5.503635162326805, 3.047950130825634, 2.3, 7.802083055184686, 3.297347418759509, 7.712976079309465, 3.080584360149872, 5.130545779934138, 1.15, 7.566372975210778, 2.692582403567252, 3.0330462096715873, 5.063595560468865, 0.7999999999999998, 5.440589423032316, 5.0, 0.0, 7.501499850029993, 2.5044959572736385, 4.531494725192169, 0.7310570733153775, 5.974372493054543, 5.130545779934138, 1.1499999999999995, 7.611832893594026, 2.817800560721074, 7.165968958285482, 2.5201410895247736, 7.690253571892152, 3.023243291566195, 5.503635162326805, 2.3, 7.89002534850174, 3.5003571246374277, 5.682429058070149, 2.7, 6.074742792909014, 3.45, 8.319254774317228, 4.382921400162225, 3.852869487267211, 6.270388965429321, 4.395199401367108, 6.794115100585211, 4.599999999999999, 8.877640452282352, 5.367727638395971, 9.12633551870629, 5.769748694700663, 8.820493813336707, 5.72722542869679, 7.619875327064085, 5.749999999999999, 9.542536350467836, 6.407807737440317, 7.964923100695951, 6.2, 8.521150157109073, 6.8999999999999995, 10.293323078578657, 7.480140373014399, 9.476418099683023, 8.05, 11.112605455067682, 9.353608929178085, 8.572630868059116, 8.21522975941635, 11.486513831445988, 9.052071586106685, 8.897254209521254, 10.470912090166738, 9.414881836751855, 9.2, 10.912836478203088, 9.7], [3.4499999999999997, 4.571925196238451, 6.074742792909013, 8.712204083927327, 2.5004999500099974, 3.500357124637427, 6.021004899516359, 7.89002534850174, 2.3, 5.503635162326805, 1.9499999999999997, 5.366796064692602, 2.817800560721074, 7.611832893594026, 1.15, 5.130545779934138, 4.726971312937717, 2.6744158240632663, 7.559927248327195, 2.0910160506799316, 2.5044959572736385, 7.501499850029993, 0.0, 5.0, 3.0243915825244, 8.009178762173088, 1.6113380447797307, 2.692582403567252, 7.566372975210778, 1.15, 5.130545779934138, 1.470921857581535, 5.6712971277399244, 1.5500000000000003, 5.234739726099092, 3.297347418759509, 7.802083055184686, 2.3000000000000003, 5.503635162326805, 3.5710642671338193, 7.921647555906536, 4.1400483088968905, 8.193900170248599, 3.4499999999999997, 6.074742792909013, 8.115628885809638, 5.174966451850465, 9.043244869944516, 5.104164965986111, 8.720808448762075, 4.6, 6.794115100585211, 5.050000000000001, 7.106511098985212, 5.24057354791545, 7.580475652036034, 6.132699242584786, 9.360021367496978, 5.75, 7.6198753270640855, 6.546182093403758, 9.636000207555, 7.198090024443984, 10.090218035305282, 6.9, 8.521150157109075, 8.286132994346639, 10.893117092916976, 8.05, 8.590838143045183, 9.476418099683023, 11.349118908532063, 8.55, 9.904670615421796, 11.940837655200149, 9.388956278522125, 10.59020774111632, 11.753829163298233, 9.8718032800497, 12.143002099975114], [6.074742792909013, 3.9877938763180825, 3.4499999999999997, 4.571925196238451, 5.123719352189384, 3.500357124637427, 2.5004999500099974, 3.500357124637427, 5.503635162326805, 2.3, 5.366796064692602, 1.9499999999999997, 2.817800560721074, 2.817800560721074, 5.130545779934138, 1.15, 1.1304703534209908, 2.6744158240632663, 2.6744158240632663, 2.9570677950956012, 2.5044959572736385, 2.5044959572736385, 5.0, 0.0, 2.0364047840359354, 3.0243915825244, 3.472807730339905, 2.692582403567252, 2.692582403567252, 5.130545779934138, 1.15, 4.707824456276074, 1.470921857581535, 5.234739726099092, 1.5500000000000003, 3.297347418759509, 3.297347418759509, 5.503635162326805, 2.3000000000000003, 3.5710642671338193, 3.5710642671338193, 4.1400483088968905, 4.1400483088968905, 6.074742792909013, 3.4499999999999997, 4.3124526585818135, 4.6669345161227405, 5.174966451850465, 5.104164965986111, 5.104164965986111, 6.794115100585211, 4.6, 7.106511098985212, 5.050000000000001, 6.889383942785533, 5.24057354791545, 6.132699242584786, 6.132699242584786, 7.6198753270640855, 5.75, 6.546182093403758, 6.546182093403758, 7.198090024443984, 7.198090024443984, 8.521150157109075, 6.9, 8.286132994346639, 8.286132994346639, 9.476418099683023, 8.29472724084403, 8.05, 8.590838143045183, 9.904670615421796, 8.55, 9.27590001687837, 9.388956278522125, 9.063801630662491, 9.388956278522125, 9.8718032800497, 9.8718032800497], [4.8676939555034116, 3.833333333333334, 4.323707257024283, 6.300352723811933, 3.7785946829182118, 2.877112750272012, 3.7785946829182118, 5.317685377847939, 4.024956866573576, 3.346681606872363, 3.80058475033046, 3.0731814857642963, 1.7560213868603973, 4.804540676392605, 3.369141004931541, 2.5201410895247736, 2.159619353783497, 1.424000624219589, 4.693375946776241, 1.1852668431735391, 0.7310570733153775, 4.531494725192169, 3.0243915825244, 2.0364047840359354, 0.0, 5.0, 1.4470716339305012, 0.7939003575876359, 4.542056558187907, 3.0964136961617026, 2.1419098435223125, 2.692582403567252, 2.692582403567252, 3.2188679859713276, 2.315407331574967, 1.8360585805227208, 4.834367705409996, 3.560001560548971, 2.7701283564324433, 2.2236106773543884, 4.994441354590566, 2.959213484094117, 5.36255018106539, 4.290040144852311, 3.661208058065594, 5.368355867227896, 3.833333333333334, 6.300352723811933, 4.097289076667372, 6.065292884748251, 5.174966451850462, 4.666934516122737, 5.547772325697745, 5.0771820705759385, 5.441609239104837, 5.441609239104837, 5.240573547915447, 6.88938394278553, 6.148260820029604, 5.727225428696787, 5.688682721958671, 7.236097782030803, 6.3862699946404105, 7.796437933084854, 7.174046587836214, 6.8166666666666655, 7.533278023395775, 8.760723587568425, 8.232726023485645, 7.666666666666666, 7.9232428826698085, 9.153020145163987, 8.700255424092123, 8.407998837086291, 9.803979323368129, 8.681077762070277, 9.020039418489871, 9.765301383526834, 9.180292902613607, 10.21164912136026], [8.870988921447509, 6.300352723811933, 4.8676939555034116, 3.833333333333334, 8.017342313870463, 6.1869037310901955, 3.7785946829182118, 2.877112750272012, 8.438025703787456, 4.024956866573576, 8.333333333333334, 3.80058475033046, 5.7518354558446045, 1.7560213868603973, 8.145619136143742, 3.369141004931541, 3.6875006684560616, 5.659308948783215, 1.424000624219589, 5.981367678893935, 5.525798082127544, 0.7310570733153775, 8.009178762173088, 3.0243915825244, 5.0, 0.0, 6.446549429817498, 5.5344627361450165, 0.7939003575876359, 8.036652149855547, 3.0964136961617026, 7.566372975210778, 2.692582403567252, 8.08462189042327, 3.2188679859713276, 5.776773416978643, 1.8360585805227208, 8.226397213307362, 3.560001560548971, 5.9113826169894, 2.2236106773543884, 6.225507565206587, 2.959213484094117, 8.56763937408925, 4.290040144852311, 3.398979322902944, 6.300352723811933, 3.833333333333334, 6.840159192429498, 4.097289076667372, 9.043244869944514, 5.174966451850462, 9.26162932629987, 5.547772325697745, 8.922505876216116, 5.441609239104837, 7.580475652036031, 5.240573547915447, 9.633333333333333, 6.148260820029604, 7.896905160321422, 5.688682721958671, 8.413349181178946, 6.3862699946404105, 10.318282049083773, 7.174046587836214, 9.313982916979061, 7.533278023395775, 11.080513425729775, 9.153020145163987, 8.232726023485645, 7.666666666666666, 11.43216709309501, 8.700255424092123, 8.34126655780213, 10.264556060108546, 9.020039418489871, 8.681077762070277, 10.69007847388305, 9.180292902613607], [4.1771360528142765, 4.138460528521839, 5.187720967927523, 7.522688268397627, 3.064297694347264, 3.0291110337066836, 4.884045822567187, 6.606019746555228, 3.138913904627748, 4.395084042202089, 2.84007926859611, 4.186888282395824, 1.9697280399761157, 6.192238027468113, 2.2140676136039725, 3.790261024647778, 3.396030279975738, 1.6712565041645018, 6.1038579226638445, 0.9229459020022391, 1.1086674201097126, 5.974372493054543, 1.6113380447797307, 3.472807730339905, 1.4470716339305012, 6.446549429817498, 0.0, 1.106100513225313, 5.973896683297371, 1.7133958070157465, 3.5213219717675885, 1.422584898641082, 4.06050871581329, 1.916702315006018, 3.624600805841033, 1.965393915300919, 6.19086072203663, 2.4331132502297788, 3.922247229050937, 2.323961233573436, 6.313856115917292, 3.0244153384160803, 6.603867910293216, 3.3984341961244873, 4.584030783354572, 6.545825200609815, 4.055868090829412, 7.477569739398105, 4.132360467842928, 7.179163340776212, 4.452378003082495, 5.411806825791817, 4.87662232254964, 5.765884885613264, 4.903719416625533, 6.2056786376950175, 5.258394995921816, 7.881288040066143, 5.544635675973439, 6.340896467900377, 5.7016219909418915, 8.183671337788818, 6.392967451041822, 8.679517041139686, 6.656372861868693, 7.332890488311963, 7.532220637171004, 9.54978172338922, 7.779242544950414, 7.758543968785575, 8.365440682386113, 9.98293482663956, 8.26977283782508, 8.823441846954253, 10.601210140469941, 8.674310498475906, 9.482723900145029, 10.474141772065307, 9.17148792944919, 10.889452423211473], [5.104164965986111, 4.478001786511479, 5.104164965986111, 7.074779148496439, 3.987793876318082, 3.4499999999999993, 4.571925196238451, 6.074742792909013, 4.14004830889689, 4.14004830889689, 3.866846260197061, 3.866846260197061, 2.2999999999999994, 5.503635162326805, 3.297347418759509, 3.297347418759509, 2.946312044202511, 1.9499999999999993, 5.366796064692602, 1.41169505736929, 1.1499999999999995, 5.130545779934138, 2.692582403567252, 2.692582403567252, 0.7939003575876359, 5.5344627361450165, 1.106100513225313, 0.0, 5.0, 2.5044959572736385, 2.5044959572736385, 2.0364047840359354, 3.0243915825244, 2.559785147234041, 2.559785147234041, 1.1500000000000004, 5.130545779934139, 2.8178005607210745, 2.8178005607210745, 1.5500000000000007, 5.234739726099092, 2.3000000000000007, 5.503635162326805, 3.5003571246374277, 3.5003571246374277, 5.440038919963548, 3.255294832184092, 6.371573153032496, 3.4499999999999993, 6.074742792909013, 4.382921400162225, 4.382921400162225, 4.7594642555649065, 4.7594642555649065, 4.6669345161227405, 5.174966451850465, 4.6, 6.794115100585211, 5.367727638395972, 5.367727638395972, 5.050000000000001, 7.106511098985212, 5.75, 7.6198753270640855, 6.407807737440318, 6.407807737440318, 6.9, 8.521150157109075, 7.4801403730144, 7.067708256570867, 7.4801403730144, 8.941616185008167, 7.95314403239373, 7.95314403239373, 9.571656644922182, 8.05, 8.590838143045183, 9.476418099683023, 8.55, 9.904670615421796], [8.720808448762075, 6.328704448779386, 5.104164965986111, 4.478001786511479, 7.804005381853603, 6.074742792909013, 3.987793876318082, 3.4499999999999993, 8.193900170248599, 4.14004830889689, 8.059311384975766, 3.866846260197061, 5.503635162326805, 2.2999999999999994, 7.802083055184686, 3.297347418759509, 3.551684120025376, 5.366796064692602, 1.9499999999999993, 5.600427194026483, 5.130545779934138,