totalHoles = 80;
zeroHoleID = 3;
C = [[0.0, 1.5, 3.3333333333333335, 4.333333333333333, 5.166666666666667, 7.0, 1.9218737674354751, 2.3863035105460586, 6.576473218982953, 8.027452941014534, 2.1, 4.815368913985488, 2.5, 3.3082388735465345, 4.166666666666667, 5.002777006601211, 5.7397251192408545, 6.96419413859206, 7.433034373659253, 3.782121685568095, 7.201388754955532, 4.7932565800273315, 6.20956052996576, 7.801550969574204, 4.2, 6.03471439073779, 5.511211916640791, 6.779143760347378, 8.262102981627157, 5.633333333333334, 8.324061508662703, 6.289320754704403, 7.425556469981823, 8.80025252162939, 7.107855157378462, 8.13049434361804, 9.402685458269913, 6.300000000000001, 7.646422547687107, 6.75, 7.089213245801289, 8.021239167222094, 9.370832406995657, 7.048458999690364, 7.95434503515353, 8.880030308034142, 10.057857317896318, 7.6147517651230405, 9.774456506629923, 8.820745748266162, 9.66379267621615, 10.756135200175036, 8.4, 9.451866364786257, 9.701724423530255, 10.474100921962552, 11.489662557229972, 9.646473160924902, 11.428473213863697, 10.59364472889172, 11.305248426076652, 12.252109921595716, 10.5, 10.606601717798213, 11.016401913107162, 11.359039474259157, 11.702326454361305, 12.619429464123963, 11.0, 11.10180165558726, 11.211353372561426, 11.49395976637778, 11.8227652339788, 12.152960316089429, 12.776932339180638, 13.038404810405298, 12.44699632200286, 11.702326454361305, 13.209844813622906, 15.817893649511493], [1.5, 0.0, 1.8333333333333335, 2.833333333333333, 3.666666666666667, 5.5, 0.9496469326716966, 1.201850425154663, 5.0990195135927845, 6.588793681095087, 2.5806975801127883, 3.5267233769857507, 2.9154759474226504, 2.5873624493766707, 3.100179206289712, 3.7785946829182113, 4.437842318564782, 5.5901699437494745, 6.041522986797286, 3.1708743974563935, 5.883026432033091, 3.9019621528117505, 5.030769521187454, 6.489545248387148, 4.459820624195552, 5.066337708619292, 4.75641217622311, 5.71898506060794, 7.0365009542394255, 5.242560867023333, 7.213875518748574, 5.639641438562878, 6.472162612982534, 7.661229956374136, 6.54000037754369, 7.2701401823902225, 8.346286229644925, 6.476109943476872, 6.907805568903759, 6.914658342969665, 6.782841915041544, 7.320538079798355, 8.40014880820572, 6.837213368643168, 7.451282100301371, 8.099687541603375, 9.07802257251878, 7.3303781924566795, 8.84816365128946, 8.369919686326481, 8.95203266799719, 9.846036991827953, 8.532877591996735, 8.864974775924507, 9.293732123863021, 9.8212417811322, 10.642478361688706, 9.423611008761156, 10.647065323364933, 10.22131638498561, 10.703207088312766, 11.461422142599242, 10.606601717798213, 10.5, 10.65885130354632, 10.8755587340503, 11.121800413801914, 11.853269591129697, 11.10180165558726, 11.0, 11.020183503211026, 11.151731305546736, 11.359039474259157, 11.595018087284059, 12.083045973594572, 12.298373876248844, 11.921059117031577, 11.51930746375165, 12.539936203984453, 15.05030509289555], [3.3333333333333335, 1.8333333333333335, 0.0, 0.9999999999999996, 1.8333333333333335, 3.6666666666666665, 1.8975715292368456, 1.5365907428821481, 3.3208098075285455, 4.880847325328971, 3.939684138495257, 2.325940669922601, 4.166666666666667, 2.758824226207808, 2.5, 2.692582403567252, 3.100179206289712, 4.034572812303401, 4.437842318564782, 3.3122667632772447, 4.431453235427153, 3.4444444444444446, 3.9019621528117505, 5.0307695211874535, 5.362006258026105, 4.317406628984581, 4.388888888888889, 4.75641217622311, 5.718985060607939, 5.329269284912437, 6.088331280225952, 5.333333333333334, 5.639641438562878, 6.472162612982533, 6.277777777777778, 6.54000037754369, 7.2701401823902225, 7.127489818380039, 6.378871373526826, 7.52818777071289, 6.850081102520693, 6.823672031978091, 7.4558887986461935, 7.019506282049409, 7.222222222222222, 7.451282100301371, 8.099687541603375, 7.392638981521492, 7.957246871737598, 8.166666666666668, 8.369919686326481, 8.95203266799719, 9.037207041509623, 8.459314393022641, 9.11111111111111, 9.293732123863021, 9.8212417811322, 9.472122840795041, 9.919061335518487, 10.055555555555555, 10.22131638498561, 10.703207088312766, 11.016401913107162, 10.65885130354632, 10.5, 10.547511554864494, 10.65885130354632, 11.121800413801914, 11.49395976637778, 11.151731305546736, 11.061695670696745, 11.0, 11.045361017187261, 11.151731305546736, 11.446736555795184, 11.595018087284059, 11.513413035797052, 11.559027256266468, 11.928024890055259, 14.271067519070955], [4.333333333333333, 2.833333333333333, 0.9999999999999996, 0.0, 0.8333333333333339, 2.666666666666667, 2.8118080875279667, 2.3863035105460586, 2.386303510546059, 3.9963489480267778, 4.815368913985488, 2.1, 5.002777006601211, 3.3082388735465345, 2.692582403567252, 2.5, 2.63523138347365, 3.308238873546535, 3.655285366576885, 3.782121685568095, 3.782121685568095, 3.586669420348661, 3.543817429737125, 4.3560657297583685, 6.03471439073779, 4.2, 4.501371533101033, 4.46730233177214, 5.1355093992829435, 5.633333333333334, 5.633333333333334, 5.426273532033236, 5.398044913567216, 5.96284793999944, 6.356924871914131, 6.3328459851479835, 6.820674815461562, 7.646422547687107, 6.300000000000001, 8.021239167222094, 7.089213245801289, 6.75, 7.089213245801289, 7.313317306741789, 7.29112431845463, 7.2701401823902225, 7.698805422808892, 7.6147517651230405, 7.6147517651230405, 8.227663364798323, 8.209073570683168, 8.591015979239916, 9.451866364786257, 8.4, 9.165824877173485, 9.149141496526152, 9.493337494797256, 9.646473160924902, 9.646473160924902, 10.105156977052072, 10.090026857016221, 10.403139364729057, 11.359039474259157, 10.8755587340503, 10.547511554864494, 10.5, 10.533016872883307, 10.833333333333334, 11.8227652339788, 11.359039474259157, 11.211353372561426, 11.045361017187261, 11.0, 11.031520495581942, 11.211353372561426, 11.31861789756643, 11.40970208875181, 11.702326454361305, 11.702326454361305, 13.929608180246964], [5.166666666666667, 3.666666666666667, 1.8333333333333335, 0.8333333333333339, 0.0, 1.833333333333333, 3.608593679347951, 3.16227766016838, 1.6666666666666663, 3.3098884084702362, 5.5771358639040205, 2.259301760377406, 5.7397251192408545, 3.9051248379533274, 3.100179206289712, 2.63523138347365, 2.5, 2.833333333333333, 3.100179206289712, 4.313930922024599, 3.3745781629379663, 3.9019621528117505, 3.4444444444444446, 3.9019621528117505, 6.658411555652327, 4.281873940746557, 4.75641217622311, 4.388888888888889, 4.75641217622311, 6.003332407921454, 5.368219237119305, 5.639641438562878, 5.333333333333334, 5.639641438562878, 6.54000037754369, 6.277777777777778, 6.54000037754369, 8.14766496883889, 6.354875643507468, 8.50040848691664, 7.386643351347079, 6.801245800913568, 6.880427150822671, 7.649945912314127, 7.451282100301371, 7.222222222222222, 7.451282100301371, 7.892401408950258, 7.420766657009085, 8.369919686326481, 8.166666666666668, 8.369919686326481, 9.861766801361936, 8.441234770129572, 9.293732123863021, 9.11111111111111, 9.293732123863021, 9.867117106835208, 9.494091730006499, 10.22131638498561, 10.055555555555555, 10.22131638498561, 11.702326454361305, 11.121800413801914, 10.65885130354632, 10.533016872883307, 10.5, 10.65885130354632, 12.152960316089429, 11.595018087284059, 11.40175425099138, 11.151731305546736, 11.031520495581942, 11.0, 11.080513425729775, 11.151731305546736, 11.389816996606378, 11.884864324004713, 11.577036657874837, 13.694424964223526], [7.0, 5.5, 3.6666666666666665, 2.666666666666667, 1.833333333333333, 0.0, 5.4004945328101135, 4.935697631653617, 1.118033988749895, 2.1932337226348038, 7.308214556237385, 3.394276227874083, 7.433034373659253, 5.441609239104837, 4.437842318564782, 3.655285366576885, 3.100179206289712, 2.5495097567963922, 2.5, 5.742047640964948, 3.1400636936215167, 5.0307695211874535, 3.9019621528117505, 3.4444444444444446, 8.16333265278342, 4.97504885514817, 5.718985060607939, 4.75641217622311, 4.388888888888889, 7.099373994311831, 5.223983154643591, 6.472162612982533, 5.639641438562878, 5.333333333333334, 7.2701401823902225, 6.54000037754369, 6.277777777777778, 9.417536832951598, 6.841133759188686, 9.724325169388361, 8.302024518821366, 7.257658789934335, 6.768493185340442, 8.630880528726737, 8.099687541603375, 7.451282100301371, 7.222222222222222, 8.755062027827737, 7.317103251970687, 8.95203266799719, 8.369919686326481, 8.166666666666668, 10.934349546269317, 8.813121530485729, 9.8212417811322, 9.293732123863021, 9.11111111111111, 10.569820770056186, 9.413288479590967, 10.703207088312766, 10.22131638498561, 10.055555555555555, 12.619429464123963, 11.853269591129697, 11.121800413801914, 10.833333333333334, 10.65885130354632, 10.5, 13.038404810405298, 12.298373876248844, 12.015036875145707, 11.595018087284059, 11.31861789756643, 11.151731305546736, 11.01135777277262, 11.0, 11.559386009720749, 12.47441826744282, 11.510864433221338, 13.346662664870093], [1.9218737674354751, 0.9496469326716966, 1.8975715292368456, 2.8118080875279667, 3.608593679347951, 5.4004945328101135, 0.0, 0.4907663035319051, 4.819885401707307, 6.181958029874367, 2.04642706274287, 2.8983667239080475, 2.298262262442708, 1.641309828792041, 2.277979007274191, 3.08134311138817, 3.822349930558639, 5.067972146233461, 5.54560653562111, 2.221512212402209, 5.2844640438516555, 3.0070485567275385, 4.296918856177865, 5.882763339864934, 3.6745242778210345, 4.20889470186975, 3.831376293805712, 4.909237714635146, 6.343816500741337, 4.29527431662076, 6.437377196959238, 4.701116697577242, 5.614416161837246, 6.903988824917174, 5.595132055727252, 6.381745322017041, 7.541224450403815, 5.624623864176695, 5.987408417387028, 6.055560050919161, 5.837953070846764, 6.393940371431308, 7.554610498120866, 5.901289354645866, 6.503418935844263, 7.191357903008128, 8.237658729605117, 6.38620751308566, 7.985868150746077, 7.420738750721034, 8.030475343372427, 8.979528222395341, 7.654453511429524, 7.924854856826516, 8.344112893237467, 8.890747471903104, 9.756473925831678, 8.481621976094049, 9.743118344055478, 9.271732683863068, 9.766585769606202, 10.560757096503844, 9.714160977861422, 9.569386292891604, 9.709382186031158, 9.928624751038617, 10.18298939744508, 10.946993465091722, 10.206988078449386, 10.069301671535321, 10.079409415274736, 10.202440127941037, 10.411304989132676, 10.654152016856209, 11.161762310748147, 11.386586321394274, 10.97748831755017, 10.578855150276485, 11.614758715162367, 14.146928235190483], [2.3863035105460586, 1.201850425154663, 1.5365907428821481, 2.3863035105460586, 3.16227766016838, 4.935697631653617, 0.4907663035319051, 0.0, 4.333333333333334, 5.691724144541942, 2.429906262481013, 2.429906262481013, 2.6352313834736494, 1.5, 1.90029237516523, 2.6352313834736494, 3.354101966249685, 4.585605497399202, 5.060742150229659, 2.1, 4.8153689139854885, 2.7085826096108683, 3.8697943927262224, 5.416310529602824, 3.864510893301304, 3.864510893301304, 3.5840869147309586, 4.525988058008392, 5.903022870728664, 4.2, 6.034714390737791, 4.487637339278754, 5.2704627669473, 6.491447364716817, 5.4051872662023515, 6.070826819437772, 7.156538924837624, 5.725770205347439, 5.725770205347439, 6.1446679686085925, 5.75, 6.1446679686085925, 7.200019290097616, 5.849906866158902, 6.330652454038775, 6.907680463275357, 7.878906046769892, 6.300000000000001, 7.6464225476871075, 7.26100697026399, 7.769241347204444, 8.64420165325996, 7.710670816760657, 7.710670816760657, 8.194585686165055, 8.648128321017797, 9.441993145935937, 8.4, 9.451866364786257, 9.130399636974508, 9.53955378514913, 10.264706402565258, 9.74394398816231, 9.523363084774434, 9.571369343574153, 9.74394398816231, 9.962429422585638, 10.65885130354632, 10.232030318780552, 10.022197585581939, 10.0, 10.067825540359305, 10.232030318780552, 10.44030650891055, 10.89852181618121, 11.106804721030757, 10.774148139698887, 10.5, 11.359039474259157, 13.854110555567054], [6.576473218982953, 5.0990195135927845, 3.3208098075285455, 2.386303510546059, 1.6666666666666663, 1.118033988749895, 4.819885401707307, 4.333333333333334, 0.0, 1.6444773362777916, 6.592419889539804, 2.429906262481013, 6.670832032063167, 4.585605497399202, 3.5039660069381062, 2.63523138347365, 2.0069324297987157, 1.5, 1.5811388300841898, 4.8153689139854885, 2.1, 4.000385783865487, 2.784436463587037, 2.495056841431736, 7.244998274671983, 3.8645108933013046, 4.638140325498179, 3.641750359238308, 3.425575557659555, 6.034714390737791, 4.2, 5.367080729368206, 4.533823502911815, 4.362084109434134, 6.154893666781151, 5.443594037892862, 5.301409083593242, 8.386894538504702, 5.725770205347439, 8.678277478854891, 7.200019290097616, 6.1446679686085925, 5.75, 7.536778083457394, 6.981677961671809, 6.3634760281228235, 6.242279181734509, 7.6464225476871075, 6.300000000000001, 7.835106182362106, 7.289642576209681, 7.184087354084103, 9.849365461794989, 7.710670816760657, 8.707347542998837, 8.219969661414078, 8.1265074574992, 9.451866364786257, 8.4, 9.593271819224704, 9.153188744778012, 9.069348731841393, 11.510864433221338, 10.735455276791944, 10.013879257199868, 9.74394398816231, 9.59311095410544, 9.513148795220223, 11.926860441876563, 11.180339887498949, 10.89852181618121, 10.489412651706376, 10.232030318780552, 10.088497300281038, 10.0, 10.012492197250394, 10.493504192026109, 11.359039474259157, 10.5, 12.43150761619842], [8.027452941014534, 6.588793681095087, 4.880847325328971, 3.9963489480267778, 3.3098884084702362, 2.1932337226348038, 6.181958029874367, 5.691724144541942, 1.6444773362777916, 0.0, 7.759381933252692, 3.4261950003290993, 7.771866836994263, 5.610068786086557, 4.447986513574348, 3.4543766914109186, 2.6300712325513063, 1.3347111135344192, 0.8787420405732465, 5.6889129896182355, 1.634721069606887, 4.63812150195701, 2.9402145721478594, 1.581067555750704, 8.049597210542505, 4.04064591942495, 5.002370310780338, 3.48660284367624, 2.451797763908787, 6.414962062969076, 3.385309474967107, 5.506287043255297, 4.177545650986452, 3.362558631704837, 6.115442412168532, 4.95291091782442, 4.287917845001374, 8.843303823676933, 5.452964946893652, 9.06778180879852, 7.300385235357709, 5.809945879796918, 4.858416054291607, 7.6933292435061, 6.801619322460068, 5.778816147881573, 5.220117714821544, 7.66549056063719, 5.39150512447011, 7.543829633286967, 6.636418928866174, 6.156051419943643, 10.021578208233693, 7.208525090331327, 8.32710371508239, 7.514875045208243, 7.094241314662935, 9.229721165945548, 7.449586214889578, 9.140891512577056, 8.407650581943683, 8.033897011639795, 11.466474482142706, 10.509625992463551, 9.532193186386746, 9.111028550269264, 8.831500303230056, 8.476456246069429, 11.8394433877604, 10.915338802979004, 10.547197608115388, 9.977729682896383, 9.57618002786995, 9.310627276843716, 9.03061234671296, 8.974558104658028, 9.724469785347349, 10.97432276119983, 9.525982471060832, 11.22215552320254], [2.1, 2.5806975801127883, 3.939684138495257, 4.815368913985488, 5.5771358639040205, 7.308214556237385, 2.04642706274287, 2.429906262481013, 6.592419889539804, 7.759381933252692, 0.0, 4.333333333333333, 0.3999999999999999, 2.203280382621432, 3.357247549870446, 4.351755712098023, 5.182127405269427, 6.512296062065975, 7.011419257183241, 2.3863035105460586, 6.576473218982953, 3.594251239870224, 5.338724127414899, 7.12794015576713, 2.1, 4.815368913985488, 4.043528589832168, 5.650969544257292, 7.364714002979275, 3.782121685568095, 7.201388754955532, 4.643872904759083, 6.094988834189025, 7.710670816760657, 5.344617691809671, 6.644416573705946, 8.151921685130066, 4.200000000000001, 6.034714390737791, 4.65, 5.1300043318153685, 6.356121284067648, 7.9920272772307275, 5.038890335085052, 6.1113232286419175, 7.275410980712471, 8.673935698045447, 5.633333333333334, 8.324061508662703, 6.922106294731075, 7.9686190076379555, 9.263068845930299, 6.300000000000001, 7.646422547687107, 7.763168819718968, 8.70919763564877, 9.90735479390668, 7.6147517651230405, 9.774456506629923, 8.62565796381018, 9.486058646349141, 10.596738375440381, 8.4, 8.532877591996735, 9.037207041509623, 9.451866364786257, 9.861766801361936, 10.934349546269317, 8.9, 9.025519375637062, 9.159936923606212, 9.503741953099901, 9.898877601919208, 10.290988506671479, 11.020889256316842, 11.322985472038724, 10.55956171938668, 9.646473160924902, 11.428473213863697, 14.106337533192077], [4.815368913985488, 3.5267233769857507, 2.325940669922601, 2.1, 2.259301760377406, 3.394276227874083, 2.8983667239080475, 2.429906262481013, 2.429906262481013, 3.4261950003290993, 4.333333333333333, 0.0, 4.351755712098023, 2.203280382621432, 1.0770329614269003, 0.3999999999999999, 0.9243616415908037, 2.203280382621432, 2.6964997888208915, 2.3863035105460586, 2.386303510546059, 1.6755688181025363, 1.5817633541848088, 2.986409545810595, 4.815368913985488, 2.1, 2.4978015024575138, 2.435868795753059, 3.514274243252812, 3.782121685568095, 3.782121685568095, 3.3844415262262175, 3.338995191504308, 4.191128196029747, 4.295791796688222, 4.260078826141398, 4.956302883360231, 6.034714390737791, 4.200000000000001, 6.356121284067648, 5.1300043318153685, 4.65, 5.1300043318153685, 5.403170510708173, 5.21892330790817, 5.1895669316689235, 5.774796239257128, 5.633333333333334, 5.633333333333335, 6.148531893423377, 6.123633634443598, 6.626881284250954, 7.646422547687107, 6.300000000000001, 7.082067425007028, 7.060461986073583, 7.501119258047881, 7.6147517651230405, 7.6147517651230405, 8.018158404367606, 7.999081737423071, 8.390588495966298, 9.451866364786257, 8.864974775924507, 8.459314393022641, 8.4, 8.441234770129572, 8.813121530485729, 9.898877601919208, 9.340116582665217, 9.159936923606212, 8.95600357302296, 8.9, 8.93892859600324, 9.159936923606212, 9.290915515228363, 9.31439359376934, 9.646473160924902, 9.646473160924902, 11.950605974104018], [2.5, 2.9154759474226504, 4.166666666666667, 5.002777006601211, 5.7397251192408545, 7.433034373659253, 2.298262262442708, 2.6352313834736494, 6.670832032063167, 7.771866836994263, 0.3999999999999999, 4.351755712098023, 0.0, 2.1666666666666665, 3.3333333333333335, 4.333333333333333, 5.166666666666667, 6.5, 7.0, 2.2482091638556327, 6.527633568147036, 3.4645470728153036, 5.2522775776882185, 7.0634251824905725, 1.7000000000000002, 4.6548660322052, 3.8313199221259264, 5.50112221996679, 7.2503724893668675, 3.461855635991259, 7.0384657419071095, 4.374801582802229, 5.892556509887896, 7.5516738394727945, 5.038126243890948, 6.4004725905761095, 7.95434503515353, 3.8000000000000007, 5.763486599080264, 4.25, 4.77042392712057, 6.069619244876714, 7.766112283504533, 4.665156038548285, 5.780181124079114, 6.999559069005263, 8.443896181032153, 5.266350201462532, 8.080222769206305, 6.574360974438674, 7.6684780468848945, 9.006170724070865, 5.9, 7.320367325331276, 7.40391121195871, 8.390544354682909, 9.628436535775514, 7.232181167838957, 9.479451460923254, 8.258179633805353, 9.153188744778012, 10.299826200139806, 8.0, 8.139410298049853, 8.666666666666666, 9.098229375970787, 9.523363084774434, 10.63014581273465, 8.5, 8.631338250816034, 8.771798244627178, 9.130230616534892, 9.54084785424114, 9.947082207584515, 10.700467279516348, 11.01135777277262, 10.209467415050657, 9.257129384665877, 11.10180165558726, 13.792503013593263], [3.3082388735465345, 2.5873624493766707, 2.758824226207808, 3.3082388735465345, 3.9051248379533274, 5.441609239104837, 1.641309828792041, 1.5, 4.585605497399202, 5.610068786086557, 2.203280382621432, 2.203280382621432, 2.1666666666666665, 0.0, 1.166666666666667, 2.1666666666666665, 3.0000000000000004, 4.333333333333334, 4.833333333333334, 0.6000000000000001, 4.374674591072779, 1.501028454011811, 3.1451510788262587, 4.924742269373403, 2.7539870087646463, 2.7539870087646463, 2.220137911409788, 3.54512358523196, 5.189317136741502, 2.7, 5.1056613457786035, 3.0641293851417064, 4.12647280104665, 5.602578771323872, 3.9538229663684636, 4.824065188020536, 6.134551006339643, 4.374293593763963, 4.374293593763963, 4.77042392712057, 4.25, 4.77042392712057, 6.069619244876715, 4.3555888578865565, 4.864205364410562, 5.5945851245690585, 6.757254903225163, 4.800000000000001, 6.466666666666668, 5.785518319236595, 6.411794687223783, 7.447967657168111, 6.285256116057996, 6.285256116057996, 6.713263083968027, 7.2599442231643065, 8.189499449573697, 6.9, 8.147869523855778, 7.6450984862327, 8.129355432817931, 8.969254755228972, 8.288211172770904, 8.027729719194863, 8.08462189042327, 8.288211172770904, 8.54400374531753, 9.346716595206635, 8.771798244627178, 8.526103708285776, 8.5, 8.579691784155834, 8.771798244627178, 9.013878188659973, 9.540847854241141, 9.77809342924842, 9.336250457844095, 9.0, 9.988882709181132, 12.548020051367004], [4.166666666666667, 3.100179206289712, 2.5, 2.692582403567252, 3.100179206289712, 4.437842318564782, 2.277979007274191, 1.90029237516523, 3.5039660069381062, 4.447986513574348, 3.357247549870446, 1.0770329614269003, 3.3333333333333335, 1.166666666666667, 0.0, 0.9999999999999996, 1.8333333333333335, 3.1666666666666665, 3.6666666666666665, 1.3119112436102955, 3.223007567130083, 0.9444444444444446, 2.062301243696732, 3.7863464914197196, 3.741805862295786, 1.972308292331602, 1.8888888888888893, 2.632301720107141, 4.124602487393464, 2.941277122460771, 4.161463417810828, 2.833333333333334, 3.374742788552765, 4.633812924819281, 3.7777777777777777, 4.199132773488201, 5.264603440214281, 5.054810689937964, 3.929376540877701, 5.401260141032934, 4.407222607392451, 4.366062299143245, 5.300026205385949, 4.621295817995052, 4.722222222222222, 5.065618800024385, 5.978614150494563, 4.939748081745781, 5.750458918884456, 5.666666666666668, 5.95585612840188, 6.7494855771055295, 6.776511721461944, 5.984145720150872, 6.611111111111111, 6.860605019571372, 7.559843554459393, 6.997936203703998, 7.591954806094264, 7.555555555555555, 7.774801017659393, 8.398265546976402, 8.666666666666666, 8.207381501496753, 8.0, 8.06225774829855, 8.207381501496753, 8.80025252162939, 9.130230616534892, 8.695464973830388, 8.579691784155834, 8.5, 8.558621384311845, 8.695464973830388, 9.070709882791851, 9.257129384665877, 9.047883022668335, 9.07530226004132, 9.54084785424114, 11.987107574665593], [5.002777006601211, 3.7785946829182113, 2.692582403567252, 2.5, 2.63523138347365, 3.655285366576885, 3.08134311138817, 2.6352313834736494, 2.63523138347365, 3.4543766914109186, 4.351755712098023, 0.3999999999999999, 4.333333333333333, 2.1666666666666665, 0.9999999999999996, 0.0, 0.8333333333333339, 2.166666666666667, 2.666666666666667, 2.2482091638556327, 2.248209163855633, 1.375490933682216, 1.2595315609727376, 2.8289726792164482, 4.6548660322052, 1.7000000000000002, 2.1372648957412608, 2.064544908451339, 3.2678758155228325, 3.461855635991259, 3.461855635991259, 3.0046260628866577, 2.9533408577782256, 3.8908725099762513, 3.9078900877931053, 3.868597857456374, 4.624144899263292, 5.763486599080264, 3.8000000000000007, 6.069619244876714, 4.77042392712057, 4.25, 4.770423927120571, 5.056433191764369, 4.826943413387957, 4.795187917120019, 5.4231442749719, 5.266350201462532, 5.266350201462532, 5.754225500544024, 5.727613425813195, 6.262764742685313, 7.320367325331276, 5.9, 6.686313642318672, 6.663425137862752, 7.128667563757473, 7.232181167838957, 7.232181167838957, 7.621444728730007, 7.601372520639339, 8.012336167697754, 9.098229375970787, 8.486918037649342, 8.06225774829855, 8.0, 8.043285674675769, 8.432740427115679, 9.54084785424114, 8.959786703810408, 8.771798244627178, 8.558621384311845, 8.5, 8.540751983545972, 8.771798244627178, 8.908485343261844, 8.915537516779112, 9.257129384665877, 9.257129384665877, 11.578487117405555], [5.7397251192408545, 4.437842318564782, 3.100179206289712, 2.63523138347365, 2.5, 3.100179206289712, 3.822349930558639, 3.354101966249685, 2.0069324297987157, 2.6300712325513063, 5.182127405269427, 0.9243616415908037, 5.166666666666667, 3.0000000000000004, 1.8333333333333335, 0.8333333333333339, 0.0, 1.333333333333333, 1.833333333333333, 3.0594117081556713, 1.4621141466307537, 2.062301243696732, 0.9444444444444446, 2.0623012436967314, 5.439158431636685, 1.8932629094883906, 2.632301720107141, 1.8888888888888893, 2.632301720107141, 4.036087214122114, 3.011275108285156, 3.374742788552765, 2.833333333333334, 3.3747427885527643, 4.199132773488201, 3.7777777777777777, 4.199132773488201, 6.413613992472922, 3.890301330802596, 6.6900631121421, 5.202163011671203, 4.330928820062095, 4.454242671630922, 5.532140549102043, 5.065618800024385, 4.722222222222222, 5.065618800024385, 5.660388679233963, 4.981744451271842, 5.95585612840188, 5.666666666666668, 5.95585612840188, 7.842476932987718, 5.958560601726263, 6.860605019571372, 6.611111111111111, 6.860605019571371, 7.5239617223906725, 7.027643828323813, 7.774801017659393, 7.555555555555555, 7.774801017659392, 9.523363084774434, 8.80025252162939, 8.207381501496753, 8.043285674675769, 8.0, 8.207381501496753, 9.947082207584515, 9.257129384665877, 9.013878188659973, 8.695464973830388, 8.540751983545972, 8.5, 8.603939666093538, 8.695464973830388, 8.890075290750463, 9.486832980505138, 9.098229375970787, 11.294452398123237], [6.96419413859206, 5.5901699437494745, 4.034572812303401, 3.308238873546535, 2.833333333333333, 2.5495097567963922, 5.067972146233461, 4.585605497399202, 1.5, 1.3347111135344192, 6.512296062065975, 2.203280382621432, 6.5, 4.333333333333334, 3.1666666666666665, 2.166666666666667, 1.333333333333333, 0.0, 0.5, 4.374674591072779, 0.6000000000000001, 3.3045049684362335, 1.6339379077614158, 1.0686324478706304, 6.71863081289633, 2.7539870087646467, 3.6872318902322485, 2.312072449631646, 1.953945043896553, 5.1056613457786035, 2.7, 4.249182927993988, 3.131382371342656, 2.877112750272012, 4.929440405974027, 4.006168083848877, 3.8107223643650037, 7.529276193632427, 4.374293593763963, 7.766112283504533, 6.069619244876715, 4.770423927120571, 4.25, 6.446143640619264, 5.685697889778101, 4.906848325944788, 4.748619032524022, 6.466666666666668, 4.800000000000001, 6.491447364716817, 5.821416398857661, 5.6886827219586715, 8.778382538941898, 6.285256116057996, 7.330386613353662, 6.744224781339555, 6.629991713679345, 8.147869523855778, 6.9, 8.19232552642192, 7.67230066739203, 7.572081599737711, 10.307764064044152, 9.433981132056603, 8.603939666093538, 8.288211172770904, 8.110350040397625, 8.0156097709407, 10.700467279516348, 9.86154146165801, 9.540847854241141, 9.070709882791851, 8.771798244627178, 8.603939666093538, 8.5, 8.514693182963201, 9.010934174850384, 9.988882709181132, 9.0, 10.957135097060421], [7.433034373659253, 6.041522986797286, 4.437842318564782, 3.655285366576885, 3.100179206289712, 2.5, 5.54560653562111, 5.060742150229659, 1.5811388300841898, 0.8787420405732465, 7.011419257183241, 2.6964997888208915, 7.0, 4.833333333333334, 3.6666666666666665, 2.666666666666667, 1.833333333333333, 0.5, 0.0, 4.870432333080003, 0.7810249675906655, 3.7863464914197196, 2.0623012436967314, 0.9444444444444446, 7.2034713853808015, 3.1624533373808243, 4.124602487393464, 2.632301720107141, 1.8888888888888893, 5.536344562173774, 2.7459060435491964, 4.633812924819281, 3.3747427885527643, 2.833333333333334, 5.264603440214281, 4.199132773488201, 3.7777777777777777, 7.964923100695951, 4.64231742894765, 8.1891696770796, 6.43611770488321, 5.0173310744967905, 4.2793106921559225, 6.824588287570303, 5.978614150494563, 5.065618800024385, 4.722222222222222, 6.811836104246132, 4.825971404805462, 6.7494855771055295, 5.95585612840188, 5.666666666666668, 9.154780172128657, 6.474651427768998, 7.559843554459393, 6.860605019571371, 6.611111111111111, 8.42443535859295, 6.918092222571191, 8.398265546976402, 7.774801017659392, 7.555555555555555, 10.63014581273465, 9.7082439194738, 8.80025252162939, 8.432740427115679, 8.207381501496753, 8.0, 11.01135777277262, 10.124228365658293, 9.77809342924842, 9.257129384665877, 8.908485343261844, 8.695464973830388, 8.514693182963201, 8.5, 9.106311678212876, 10.215728613814637, 9.013878188659973, 10.87017866286293], [3.782121685568095, 3.1708743974563935, 3.3122667632772447, 3.782121685568095, 4.313930922024599, 5.742047640964948, 2.221512212402209, 2.1, 4.8153689139854885, 5.6889129896182355, 2.3863035105460586, 2.3863035105460586, 2.2482091638556327, 0.6000000000000001, 1.3119112436102955, 2.2482091638556327, 3.0594117081556713, 4.374674591072779, 4.870432333080003, 0.0, 4.333333333333334, 1.2164510209703283, 3.0197089222818554, 4.845591097732015, 2.429906262481013, 2.429906262481013, 1.7384894819964678, 3.265154600918805, 5.002234068794897, 2.1, 4.8153689139854885, 2.5197001585285683, 3.7400237670070737, 5.324367463735847, 3.385171002482649, 4.370156931385677, 5.784408588269797, 3.8645108933013046, 3.8645108933013046, 4.244637139314083, 3.65, 4.244637139314083, 5.665710703678558, 3.7591291387009442, 4.28413668788635, 5.098305213439336, 6.352466226631498, 4.200000000000001, 6.034714390737791, 5.19925208296561, 5.888217991133747, 7.002301209047084, 5.725770205347439, 5.725770205347439, 6.123280811887902, 6.7181438500618205, 7.71327219156919, 6.300000000000001, 7.6464225476871075, 7.052720340232616, 7.5749424477298675, 8.469997886512775, 7.710670816760657, 7.429969343439073, 7.491402479583587, 7.710670816760657, 7.984985911070852, 8.838614773317769, 8.191730247294796, 7.928079492818197, 7.9, 7.985681630963704, 8.191730247294796, 8.4504437753292, 9.010426059725354, 9.261269411431195, 8.766920462839895, 8.4, 9.451866364786257, 12.038246482730033], [7.201388754955532, 5.883026432033091, 4.431453235427153, 3.782121685568095, 3.3745781629379663, 3.1400636936215167, 5.2844640438516555, 4.8153689139854885, 2.1, 1.634721069606887, 6.576473218982953, 2.386303510546059, 6.527633568147036, 4.374674591072779, 3.223007567130083, 2.248209163855633, 1.4621141466307537, 0.6000000000000001, 0.7810249675906655, 4.333333333333334, 0.0, 3.1853445265914986, 1.3771055707847597, 0.607158937436189, 6.592419889539804, 2.429906262481013, 3.41891976297763, 1.8544574262244502, 1.382474074947243, 4.8153689139854885, 2.1, 3.8749910394161633, 2.601068156653254, 2.28861918583625, 4.486206569331828, 3.4461644451064792, 3.2168729544292343, 7.244998274671983, 3.8645108933013046, 7.45469650623015, 5.665710703678558, 4.244637139314083, 3.65, 6.0590977395963135, 5.198124068080761, 4.332492795973294, 4.152434954262705, 6.034714390737791, 4.200000000000001, 5.974854716969183, 5.239168721170269, 5.091277944790593, 8.386894538504702, 5.725770205347439, 6.794205955658191, 6.157209966202324, 6.0318700906206075, 7.6464225476871075, 6.300000000000001, 7.642481983243241, 7.0821981661202855, 6.973503644970708, 9.849365461794989, 8.930845424706442, 8.049085524317515, 7.710670816760657, 7.519160709665527, 7.416872656315464, 10.230347012687302, 9.34933152690608, 9.010426059725354, 8.511038583967164, 8.191730247294796, 8.011727515197817, 7.9, 7.9158069708653205, 8.419635175805029, 9.451866364786257, 8.4, 10.369444570693593], [4.7932565800273315, 3.9019621528117505, 3.4444444444444446, 3.586669420348661, 3.9019621528117505, 5.0307695211874535, 3.0070485567275385, 2.7085826096108683, 4.000385783865487, 4.63812150195701, 3.594251239870224, 1.6755688181025363, 3.4645470728153036, 1.501028454011811, 0.9444444444444446, 1.375490933682216, 2.062301243696732, 3.3045049684362335, 3.7863464914197196, 1.2164510209703283, 3.1853445265914986, 0.0, 1.8333333333333335, 3.6666666666666665, 3.4178904763965123, 1.2533412135292061, 0.9444444444444446, 2.062301243696732, 3.7863464914197196, 2.107862998335776, 3.6207393010847593, 1.8888888888888893, 2.632301720107141, 4.124602487393464, 2.833333333333333, 3.3747427885527643, 4.633812924819281, 4.389226428651786, 3.0255904433455956, 4.694444444444445, 3.5053970733677673, 3.453505107982931, 4.577605848982848, 3.75006719248072, 3.7777777777777777, 4.199132773488201, 5.264603440214281, 4.028203042683725, 4.989297186954601, 4.722222222222223, 5.065618800024386, 5.978614150494564, 5.972322996565795, 5.055445664251326, 5.666666666666666, 5.955856128401879, 6.749485577105529, 6.068752185286507, 6.745103390837417, 6.611111111111111, 6.860605019571372, 7.559843554459393, 7.803331039283286, 7.2898542721128505, 7.055555555555555, 7.126069337126244, 7.2898542721128505, 7.9514343763861435, 8.258179633805353, 7.774801017659393, 7.6450984862327, 7.555555555555555, 7.621444728730007, 7.774801017659393, 8.19232552642192, 8.398265546976402, 8.121946864757403, 8.139599893099973, 8.655619740169952, 11.148430888118959], [6.20956052996576, 5.030769521187454, 3.9019621528117505, 3.543817429737125, 3.4444444444444446, 3.9019621528117505, 4.296918856177865, 3.8697943927262224, 2.784436463587037, 2.9402145721478594, 5.338724127414899, 1.5817633541848088, 5.2522775776882185, 3.1451510788262587, 2.062301243696732, 1.2595315609727376, 0.9444444444444446, 1.6339379077614158, 2.0623012436967314, 3.0197089222818554, 1.3771055707847597, 1.8333333333333335, 0.0, 1.833333333333333, 5.221619350543977, 1.1248593876459891, 2.062301243696732, 0.9444444444444446, 2.0623012436967314, 3.4759135933797287, 2.204484766656316, 2.632301720107141, 1.8888888888888893, 2.632301720107141, 3.3747427885527643, 2.833333333333333, 3.374742788552764, 5.903273835365309, 2.974666699868852, 6.133607582435369, 4.463932966663388, 3.4089796091071944, 3.564333781878736, 4.828168179104858, 4.199132773488201, 3.7777777777777777, 4.199132773488201, 4.885213264738328, 4.0795939037792825, 5.065618800024386, 4.722222222222223, 5.065618800024386, 7.159048491848758, 5.025134357272647, 5.955856128401879, 5.666666666666666, 5.955856128401878, 6.6684812345322415, 6.102984495563332, 6.860605019571372, 6.611111111111111, 6.860605019571371, 8.745016217364912, 7.9514343763861435, 7.2898542721128505, 7.1045977114805945, 7.055555555555555, 7.28985427211285, 9.153188744778012, 8.398265546976402, 8.129355432817931, 7.774801017659393, 7.601372520639339, 7.555555555555555, 7.67230066739203, 7.774801017659392, 7.945770721413036, 8.596044166280324, 8.165154810927945, 10.400068184104919], [7.801550969574204, 6.489545248387148, 5.0307695211874535, 4.3560657297583685, 3.9019621528117505, 3.4444444444444446, 5.882763339864934, 5.416310529602824, 2.495056841431736, 1.581067555750704, 7.12794015576713, 2.986409545810595, 7.0634251824905725, 4.924742269373403, 3.7863464914197196, 2.8289726792164482, 2.0623012436967314, 1.0686324478706304, 0.9444444444444446, 4.845591097732015, 0.607158937436189, 3.6666666666666665, 1.833333333333333, 0.0, 7.0406579378301615, 2.7716376582522426, 3.7863464914197196, 2.0623012436967314, 0.9444444444444446, 5.1422841636526755, 1.8253699100845218, 4.124602487393464, 2.632301720107141, 1.8888888888888893, 4.633812924819281, 3.374742788552764, 2.833333333333333, 7.56003951913376, 3.9070844170526073, 7.741233592320038, 5.8555792746726025, 4.247094140936284, 3.343156821159336, 6.267506219027104, 5.264603440214281, 4.199132773488201, 3.7777777777777777, 6.18275179455608, 3.887841128695373, 5.978614150494564, 5.065618800024386, 4.722222222222223, 8.576568711565105, 5.627489846753048, 6.749485577105529, 5.955856128401878, 5.666666666666666, 7.670055611690163, 5.976507506504835, 7.559843554459393, 6.860605019571371, 6.611111111111111, 9.938856282165009, 8.945997104712859, 7.9514343763861435, 7.5426769325380745, 7.28985427211285, 7.055555555555555, 10.299826200139806, 9.345395644545308, 8.969254755228972, 8.398265546976402, 8.012336167697754, 7.774801017659392, 7.572081599737711, 7.555555555555555, 8.186986384672256, 9.39431138613965, 8.071057880392258, 9.937683201990298], [4.2, 4.459820624195552, 5.362006258026105, 6.03471439073779, 6.658411555652327, 8.16333265278342, 3.6745242778210345, 3.864510893301304, 7.244998274671983, 8.049597210542505, 2.1, 4.815368913985488, 1.7000000000000002, 2.7539870087646463, 3.741805862295786, 4.6548660322052, 5.439158431636685, 6.71863081289633, 7.2034713853808015, 2.429906262481013, 6.592419889539804, 3.4178904763965123, 5.221619350543977, 7.0406579378301615, 0.0, 4.333333333333333, 3.338680895721661, 5.170118321353016, 7.0025480371323185, 2.3863035105460586, 6.576473218982953, 3.520732247069572, 5.289507433484605, 7.091152546973196, 3.9278838583820512, 5.5688064195365605, 7.301860070819432, 2.1000000000000005, 4.815368913985488, 2.55, 3.34618356406884, 5.027949659431544, 6.982299048307799, 3.149612253549789, 4.499437550583955, 5.985672193240979, 7.624554227001984, 3.782121685568095, 7.201388754955532, 5.181269685661571, 6.513746148637426, 8.045771836464445, 4.2, 6.03471439073779, 5.935496900579607, 7.128355826565019, 8.550965579727182, 5.633333333333334, 8.324061508662703, 6.737851436126255, 7.80909567803097, 9.126200242389903, 6.3, 6.476109943476871, 7.127489818380038, 7.646422547687106, 8.14766496883889, 9.417536832951598, 6.8, 6.963476143421473, 7.13683714571409, 7.573051637953561, 8.063360203896249, 8.540166534936215, 9.406912352095134, 9.759098319004682, 8.769319812341232, 7.61475176512304, 9.774456506629921, 12.513662840808484], [6.03471439073779, 5.066337708619292, 4.317406628984581, 4.2, 4.281873940746557, 4.97504885514817, 4.20889470186975, 3.864510893301304, 3.8645108933013046, 4.04064591942495, 4.815368913985488, 2.1, 4.6548660322052, 2.7539870087646463, 1.972308292331602, 1.7000000000000002, 1.8932629094883906, 2.7539870087646467, 3.1624533373808243, 2.429906262481013, 2.429906262481013, 1.2533412135292061, 1.1248593876459891, 2.7716376582522426, 4.333333333333333, 0.0, 1.0176831591147013, 0.8544726190991285, 2.6733481111626283, 2.3863035105460586, 2.386303510546059, 1.5114378731672846, 1.4067298564006137, 2.8975085082800978, 2.305896895749495, 2.238661416621907, 3.380572674109857, 4.815368913985488, 2.1000000000000005, 5.027949659431544, 3.34618356406884, 2.55, 3.34618356406884, 3.7045773181948647, 3.183367267610482, 3.1350074329956974, 4.030500995112758, 3.782121685568095, 3.7821216855680952, 4.090775530928634, 4.053256578220641, 4.779702454709453, 6.03471439073779, 4.2, 5.011887104243172, 4.981310750206561, 5.588391848894467, 5.633333333333334, 5.633333333333334, 5.940330871609555, 5.914556222460141, 6.434177645613202, 7.646422547687106, 6.9078055689037585, 6.378871373526825, 6.3, 6.354875643507467, 6.841133759188685, 8.063360203896249, 7.366666666666666, 7.13683714571409, 6.873136110975833, 6.8, 6.850871801781467, 7.13683714571409, 7.304184493227913, 7.221811011459327, 7.61475176512304, 7.61475176512304, 10.020977110111478], [5.511211916640791, 4.75641217622311, 4.388888888888889, 4.501371533101033, 4.75641217622311, 5.718985060607939, 3.831376293805712, 3.5840869147309586, 4.638140325498179, 5.002370310780338, 4.043528589832168, 2.4978015024575138, 3.8313199221259264, 2.220137911409788, 1.8888888888888893, 2.1372648957412608, 2.632301720107141, 3.6872318902322485, 4.124602487393464, 1.7384894819964678, 3.41891976297763, 0.9444444444444446, 2.062301243696732, 3.7863464914197196, 3.338680895721661, 1.0176831591147013, 0.0, 1.8333333333333335, 3.6666666666666665, 1.4209195422961192, 3.268895686978353, 0.9444444444444446, 2.062301243696732, 3.7863464914197196, 1.8888888888888884, 2.6323017201071406, 4.124602487393463, 3.8423243993868423, 2.1569296880084767, 4.0848447694035395, 2.633620471921392, 2.5641461890875767, 3.950015627410874, 2.92465100073596, 2.833333333333333, 3.3747427885527643, 4.633812924819281, 3.1361886123678344, 4.301435304524799, 3.7777777777777786, 4.199132773488202, 5.264603440214282, 5.215373760028146, 4.133885865100658, 4.722222222222221, 5.065618800024384, 5.978614150494563, 5.145128344270175, 5.927816827945936, 5.666666666666666, 5.955856128401879, 6.749485577105529, 6.9610911589675935, 6.380187311000892, 6.111111111111111, 6.192388796930121, 6.380187311000892, 7.1267189825887005, 7.40391121195871, 6.860605019571372, 6.713263083968027, 6.611111111111111, 6.686313642318672, 6.860605019571372, 7.330386613353662, 7.559843554459393, 7.200819757033171, 7.206178761707138, 7.7843226431299515, 10.328031039119145], [6.779143760347378, 5.71898506060794, 4.75641217622311, 4.46730233177214, 4.388888888888889, 4.75641217622311, 4.909237714635146, 4.525988058008392, 3.641750359238308, 3.48660284367624, 5.650969544257292, 2.435868795753059, 5.50112221996679, 3.54512358523196, 2.632301720107141, 2.064544908451339, 1.8888888888888893, 2.312072449631646, 2.632301720107141, 3.265154600918805, 1.8544574262244502, 2.062301243696732,