totalHoles = 30;
zeroHoleID = 18;
C = [[0.0, 1.0, 2.0, 4.333333333333334, 5.1863801209979705, 6.564265880182938, 1.118033988749895, 1.8027756377319946, 3.3208098075285464, 5.5901699437494745, 4.0, 4.123105625617661, 4.47213595499958, 5.897268670984712, 5.024937810560445, 5.220153254455275, 5.918426968188235, 8.038601990450683, 6.75, 6.823672031978091, 7.766112283504533, 7.893826701923472, 9.5, 9.5524865872714, 9.7082439194738, 13.224928309334107, 10.51189802081432, 10.606601717798213, 10.967122584241402, 11.8751772686715], [1.0, 0.0, 1.0, 3.333333333333334, 4.186494861849056, 5.564977615713088, 1.118033988749895, 1.118033988749895, 2.386303510546059, 4.6097722286464435, 4.123105625617661, 4.0, 4.123105625617661, 5.2068331172711035, 5.024937810560445, 5.024937810560445, 5.449260908090605, 7.393779491423039, 6.823672031978091, 6.75, 7.766112283504533, 7.766112283504533, 9.5524865872714, 9.5, 9.5524865872714, 12.614798620667239, 10.51189802081432, 10.51189802081432, 10.721214690716927, 11.53263279961993], [2.0, 1.0, 0.0, 2.333333333333334, 3.186681612131053, 4.566001005370189, 1.8027756377319946, 1.118033988749895, 1.5365907428821481, 3.640054944640259, 4.47213595499958, 4.123105625617661, 4.0, 4.630814663149935, 5.220153254455275, 5.024937810560445, 5.134307266916454, 6.834970985651524, 7.0400639201643616, 6.823672031978091, 7.893826701923472, 7.766112283504533, 9.7082439194738, 9.5524865872714, 9.5, 12.056847004625606, 10.606601717798213, 10.51189802081432, 10.564615994493654, 11.26869129133311], [4.333333333333334, 3.333333333333334, 2.333333333333334, 0.0, 0.855483431800442, 2.2386122263607104, 3.9616214413349047, 3.004626062886658, 1.5365907428821481, 1.5365907428821475, 5.897268670984712, 5.2068331172711035, 4.630814663149935, 4.0, 6.300352723811933, 5.74697988318889, 5.134307266916454, 5.9951589054780845, 8.021239167222094, 7.52818777071289, 8.646209831159803, 8.251683329950186, 10.44163673845139, 10.067825540359305, 9.782353727219459, 11.001165401642853, 11.17785509140481, 10.875558734050301, 10.564615994493654, 10.987205172243357], [5.1863801209979705, 4.186494861849056, 3.186681612131053, 0.855483431800442, 0.0, 1.3833898069041854, 4.777181913285221, 3.8012718268265258, 2.2228613828154504, 0.9810552362877215, 6.506446873249468, 5.741258693285245, 5.058680841091778, 4.02084121260961, 6.801233651886568, 6.155077550799821, 5.326952682551918, 5.82196412305908, 8.456247868939007, 7.882659988210904, 8.996168978741563, 8.518172149168954, 10.761384907503922, 10.316763329468152, 9.953080230012437, 10.64934798582064, 11.433736633340377, 11.061579176112032, 10.623087079337273, 10.936174996297156], [6.564265880182938, 5.564977615713088, 4.566001005370189, 2.2386122263607104, 1.3833898069041854, 0.0, 6.109279589134508, 5.118855967486227, 3.4803418974391302, 1.3115806061713238, 7.567407093605622, 6.719005837027271, 5.918144029648179, 4.380347962734293, 7.713582868734497, 6.955483447646767, 5.855667621859101, 5.760401075897804, 9.250632077209811, 8.57050658628514, 9.659601667790692, 9.065720804108109, 11.358157312498077, 10.81143500434181, 10.332788402496261, 10.165471444362572, 11.926501921684126, 11.450800732070618, 10.818083504613462, 10.951612766882054], [1.118033988749895, 1.118033988749895, 1.8027756377319946, 3.9616214413349047, 4.777181913285221, 6.109279589134508, 0.0, 1.0, 2.666666666666667, 5.0, 3.0413812651491097, 3.0413812651491097, 3.3541019662496847, 4.8676939555034116, 4.0, 4.123105625617661, 4.8074017006186525, 6.973010116830661, 5.771698190307598, 5.771698190307598, 6.75, 6.823672031978091, 8.514693182963201, 8.514693182963201, 8.631338250816034, 12.137067906183667, 9.5, 9.5524865872714, 9.867173410410457, 10.7605357266671], [1.8027756377319946, 1.118033988749895, 1.118033988749895, 3.004626062886658, 3.8012718268265258, 5.118855967486227, 1.0, 0.0, 1.666666666666667, 4.0, 3.3541019662496847, 3.0413812651491097, 3.0413812651491097, 4.126472801046649, 4.123105625617661, 4.0, 4.333333333333333, 6.298549300936923, 5.942432162002357, 5.771698190307598, 6.823672031978091, 6.75, 8.631338250816034, 8.514693182963201, 8.514693182963201, 11.512724821356365, 9.5524865872714, 9.5, 9.645090864153524, 10.429329472855686], [3.3208098075285464, 2.386303510546059, 1.5365907428821481, 1.5365907428821481, 2.2228613828154504, 3.4803418974391302, 2.666666666666667, 1.666666666666667, 0.0, 2.333333333333333, 4.362084109434134, 3.70060055186242, 3.218867985971328, 3.218867985971328, 4.8074017006186525, 4.333333333333333, 4.0, 5.403479411665646, 6.56431853110266, 6.1446679686085925, 7.257658789934335, 6.952717294538717, 9.070709882791853, 8.771798244627178, 8.579691784155834, 10.600847592448526, 9.867173410410457, 9.645090864153524, 9.5, 10.075630563161594], [5.5901699437494745, 4.6097722286464435, 3.640054944640259, 1.5365907428821475, 0.9810552362877215, 1.3115806061713238, 5.0, 4.0, 2.333333333333333, 0.0, 6.264982043070834, 5.408326913195984, 4.6097722286464435, 3.2188679859713276, 6.4031242374328485, 5.656854249492381, 4.630814663149935, 4.885400303350175, 7.956915231419774, 7.301540933255117, 8.40014880820572, 7.846177413237608, 10.124228365658293, 9.617692030835672, 9.192388155425117, 9.66853115132389, 10.735455276791944, 10.307764064044152, 9.782353727219459, 10.034841790848771], [4.0, 4.123105625617661, 4.47213595499958, 5.897268670984712, 6.506446873249468, 7.567407093605622, 3.0413812651491097, 3.3541019662496847, 4.362084109434134, 6.264982043070834, 0.0, 1.0, 2.0, 4.333333333333334, 1.118033988749895, 1.8027756377319946, 3.3208098075285464, 5.791062774762288, 2.75, 2.9261749776799064, 3.783186487605389, 4.038873605350878, 5.5, 5.5901699437494745, 5.852349955359813, 10.443593834032969, 6.519202405202649, 6.670832032063167, 7.230337321161287, 8.314652293115154], [4.123105625617661, 4.0, 4.123105625617661, 5.2068331172711035, 5.741258693285245, 6.719005837027271, 3.0413812651491097, 3.0413812651491097, 3.70060055186242, 5.408326913195984, 1.0, 0.0, 1.0, 3.333333333333334, 1.118033988749895, 1.118033988749895, 2.386303510546059, 4.856465923709106, 2.9261749776799064, 2.75, 3.783186487605389, 3.783186487605389, 5.5901699437494745, 5.5, 5.5901699437494745, 9.659351304472409, 6.519202405202649, 6.519202405202649, 6.851601597031489, 7.81762284098576], [4.47213595499958, 4.123105625617661, 4.0, 4.630814663149935, 5.058680841091778, 5.918144029648179, 3.3541019662496847, 3.0413812651491097, 3.218867985971328, 4.6097722286464435, 2.0, 1.0, 0.0, 2.333333333333334, 1.8027756377319946, 1.118033988749895, 1.5365907428821481, 3.9539998071646365, 3.400367627183861, 2.9261749776799064, 4.038873605350878, 3.783186487605389, 5.852349955359813, 5.5901699437494745, 5.5, 8.918378948899527, 6.670832032063167, 6.519202405202649, 6.60387091871965, 7.422736086673125], [5.897268670984712, 5.2068331172711035, 4.630814663149935, 4.0, 4.02084121260961, 4.380347962734293, 4.8676939555034116, 4.126472801046649, 3.218867985971328, 3.2188679859713276, 4.333333333333334, 3.333333333333334, 2.333333333333334, 0.0, 3.9616214413349047, 3.004626062886658, 1.5365907428821481, 2.2043630377714556, 5.132278030054274, 4.321297387488058, 5.36255018106539, 4.700029550734524, 7.001983845866669, 6.431260460524913, 5.974482776311641, 7.429371681207539, 7.546154281781181, 7.090682462060882, 6.60387091871965, 6.988010095156129], [5.024937810560445, 5.024937810560445, 5.220153254455275, 6.300352723811933, 6.801233651886568, 7.713582868734497, 4.0, 4.123105625617661, 4.8074017006186525, 6.4031242374328485, 1.118033988749895, 1.118033988749895, 1.8027756377319946, 3.9616214413349047, 0.0, 1.0, 2.666666666666667, 5.053726960351397, 1.8200274723201295, 1.8200274723201295, 2.75, 2.9261749776799064, 4.527692569068709, 4.527692569068709, 4.743416490252569, 9.4592991676201, 5.5, 5.5901699437494745, 6.112373606964083, 7.204355399195121], [5.220153254455275, 5.024937810560445, 5.024937810560445, 5.74697988318889, 6.155077550799821, 6.955483447646767, 4.123105625617661, 4.0, 4.333333333333333, 5.656854249492381, 1.8027756377319946, 1.118033988749895, 1.118033988749895, 3.004626062886658, 1.0, 0.0, 1.666666666666667, 4.072960765425174, 2.3048861143232218, 1.8200274723201295, 2.9261749776799064, 2.75, 4.743416490252569, 4.527692569068709, 4.527692569068709, 8.64365409971383, 5.5901699437494745, 5.5, 5.74697988318889, 6.699591095463146], [5.918426968188235, 5.449260908090605, 5.134307266916454, 5.134307266916454, 5.326952682551918, 5.855667621859101, 4.8074017006186525, 4.333333333333333, 4.0, 4.630814663149935, 3.3208098075285464, 2.386303510546059, 1.5365907428821481, 1.5365907428821481, 2.666666666666667, 1.666666666666667, 0.0, 2.4728275015969743, 3.618048891015402, 2.7851291611780673, 3.830614978187068, 3.2156302302624566, 5.50252467307306, 4.994441354590566, 4.648775226993784, 7.385654545234732, 6.112373606964083, 5.74697988318889, 5.5, 6.134487658993929], [8.038601990450683, 7.393779491423039, 6.834970985651524, 5.9951589054780845, 5.82196412305908, 5.760401075897804, 6.973010116830661, 6.298549300936923, 5.403479411665646, 4.885400303350175, 5.791062774762288, 4.856465923709106, 3.9539998071646365, 2.2043630377714556, 5.053726960351397, 4.072960765425174, 2.4728275015969743, 0.0, 5.543423333576001, 4.558332530887267, 5.313500765388102, 4.391143767936799, 6.561072812370873, 5.752958339510419, 5.014517211362699, 5.226587973568537, 6.786119994354456, 6.090999736060375, 5.160052736227517, 5.191218141744483], [6.75, 6.823672031978091, 7.0400639201643616, 8.021239167222094, 8.456247868939007, 9.250632077209811, 5.771698190307598, 5.942432162002357, 6.56431853110266, 7.956915231419774, 2.75, 2.9261749776799064, 3.400367627183861, 5.132278030054274, 1.8200274723201295, 2.3048861143232218, 3.618048891015402, 5.543423333576001, 0.0, 1.0, 1.118033988749895, 1.8027756377319946, 2.75, 2.9261749776799064, 3.400367627183861, 9.075955844770206, 3.783186487605389, 4.038873605350878, 4.908184774209074, 6.186602296544942], [6.823672031978091, 6.75, 6.823672031978091, 7.52818777071289, 7.882659988210904, 8.57050658628514, 5.771698190307598, 5.771698190307598, 6.1446679686085925, 7.301540933255117, 2.9261749776799064, 2.75, 2.9261749776799064, 4.321297387488058, 1.8200274723201295, 1.8200274723201295, 2.7851291611780673, 4.558332530887267, 1.0, 0.0, 1.118033988749895, 1.118033988749895, 2.9261749776799064, 2.75, 2.9261749776799064, 8.161335059239994, 3.783186487605389, 3.783186487605389, 4.330928820062095, 5.500530165730603], [7.766112283504533, 7.766112283504533, 7.893826701923472, 8.646209831159803, 8.996168978741563, 9.659601667790692, 6.75, 6.823672031978091, 7.257658789934335, 8.40014880820572, 3.783186487605389, 3.783186487605389, 4.038873605350878, 5.36255018106539, 2.75, 2.9261749776799064, 3.830614978187068, 5.313500765388102, 1.118033988749895, 1.118033988749895, 0.0, 1.0, 1.8200274723201295, 1.8200274723201295, 2.3048861143232218, 8.263332443300666, 2.75, 2.9261749776799064, 3.830614978187068, 5.152023091769092], [7.893826701923472, 7.766112283504533, 7.766112283504533, 8.251683329950186, 8.518172149168954, 9.065720804108109, 6.823672031978091, 6.75, 6.952717294538717, 7.846177413237608, 4.038873605350878, 3.783186487605389, 3.783186487605389, 4.700029550734524, 2.9261749776799064, 2.75, 3.2156302302624566, 4.391143767936799, 1.8027756377319946, 1.118033988749895, 1.0, 0.0, 2.3048861143232218, 1.8200274723201295, 1.8200274723201295, 7.315536789700858, 2.9261749776799064, 2.75, 3.2156302302624566, 4.418724484126513], [9.5, 9.5524865872714, 9.7082439194738, 10.44163673845139, 10.761384907503922, 11.358157312498077, 8.514693182963201, 8.631338250816034, 9.070709882791853, 10.124228365658293, 5.5, 5.5901699437494745, 5.852349955359813, 7.001983845866669, 4.527692569068709, 4.743416490252569, 5.50252467307306, 6.561072812370873, 2.75, 2.9261749776799064, 1.8200274723201295, 2.3048861143232218, 0.0, 1.0, 2.0, 8.41441006976636, 1.118033988749895, 1.8027756377319946, 3.3208098075285464, 4.747594464128672], [9.5524865872714, 9.5, 9.5524865872714, 10.067825540359305, 10.316763329468152, 10.81143500434181, 8.514693182963201, 8.514693182963201, 8.771798244627178, 9.617692030835672, 5.5901699437494745, 5.5, 5.5901699437494745, 6.431260460524913, 4.527692569068709, 4.527692569068709, 4.994441354590566, 5.752958339510419, 2.9261749776799064, 2.75, 1.8200274723201295, 1.8200274723201295, 1.0, 0.0, 1.0, 7.418673215282292, 1.118033988749895, 1.118033988749895, 2.386303510546059, 3.8107003718899746], [9.7082439194738, 9.5524865872714, 9.5, 9.782353727219459, 9.953080230012437, 10.332788402496261, 8.631338250816034, 8.514693182963201, 8.579691784155834, 9.192388155425117, 5.852349955359813, 5.5901699437494745, 5.5, 5.974482776311641, 4.743416490252569, 4.527692569068709, 4.648775226993784, 5.014517211362699, 3.400367627183861, 2.9261749776799064, 2.3048861143232218, 1.8200274723201295, 2.0, 1.0, 0.0, 6.424260870178628, 1.8027756377319946, 1.118033988749895, 1.5365907428821481, 2.9160283696870253], [13.224928309334107, 12.614798620667239, 12.056847004625606, 11.001165401642853, 10.64934798582064, 10.165471444362572, 12.137067906183667, 11.512724821356365, 10.600847592448526, 9.66853115132389, 10.443593834032969, 9.659351304472409, 8.918378948899527, 7.429371681207539, 9.4592991676201, 8.64365409971383, 7.385654545234732, 5.226587973568537, 9.075955844770206, 8.161335059239994, 8.263332443300666, 7.315536789700858, 8.41441006976636, 7.418673215282292, 6.424260870178628, 0.0, 7.887457473385982, 6.8881347872579965, 5.223173146036852, 3.9469658110402146], [10.51189802081432, 10.51189802081432, 10.606601717798213, 11.17785509140481, 11.433736633340377, 11.926501921684126, 9.5, 9.5524865872714, 9.867173410410457, 10.735455276791944, 6.519202405202649, 6.519202405202649, 6.670832032063167, 7.546154281781181, 5.5, 5.5901699437494745, 6.112373606964083, 6.786119994354456, 3.783186487605389, 3.783186487605389, 2.75, 2.9261749776799064, 1.118033988749895, 1.118033988749895, 1.8027756377319946, 7.887457473385982, 0.0, 1.0, 2.666666666666667, 4.03843375064294], [10.606601717798213, 10.51189802081432, 10.51189802081432, 10.875558734050301, 11.061579176112032, 11.450800732070618, 9.5524865872714, 9.5, 9.645090864153524, 10.307764064044152, 6.670832032063167, 6.519202405202649, 6.519202405202649, 7.090682462060882, 5.5901699437494745, 5.5, 5.74697988318889, 6.090999736060375, 4.038873605350878, 3.783186487605389, 2.9261749776799064, 2.75, 1.8027756377319946, 1.118033988749895, 1.118033988749895, 6.8881347872579965, 1.0, 0.0, 1.666666666666667, 3.0480700921778654], [10.967122584241402, 10.721214690716927, 10.564615994493654, 10.564615994493654, 10.623087079337273, 10.818083504613462, 9.867173410410457, 9.645090864153524, 9.5, 9.782353727219459, 7.230337321161287, 6.851601597031489, 6.60387091871965, 6.60387091871965, 6.112373606964083, 5.74697988318889, 5.5, 5.160052736227517, 4.908184774209074, 4.330928820062095, 3.830614978187068, 3.2156302302624566, 3.3208098075285464, 2.386303510546059, 1.5365907428821481, 5.223173146036852, 2.666666666666667, 1.666666666666667, 0.0, 1.4276376566793563], [11.8751772686715, 11.53263279961993, 11.26869129133311, 10.987205172243357, 10.936174996297156, 10.951612766882054, 10.7605357266671, 10.429329472855686, 10.075630563161594, 10.034841790848771, 8.314652293115154, 7.81762284098576, 7.422736086673125, 6.988010095156129, 7.204355399195121, 6.699591095463146, 6.134487658993929, 5.191218141744483, 6.186602296544942, 5.500530165730603, 5.152023091769092, 4.418724484126513, 4.747594464128672, 3.8107003718899746, 2.9160283696870253, 3.9469658110402146, 4.03843375064294, 3.0480700921778654, 1.4276376566793563, 0.0]];