totalHoles = 30;
zeroHoleID = 2;
C = [[0.0, 2.1666666666666665, 4.333333333333333, 6.5, 8.533099494663794, 3.760731107193497, 1.5, 4.585605497399201, 3.3082388735465345, 6.96419413859206, 4.255784034691514, 4.666666666666667, 6.368324391514267, 6.066758241067099, 8.623288880184353, 7.833333333333334, 8.95203266799719, 9.095175766428168, 10.967122584241402, 11.551178260216833, 12.325311719494394, 10.5, 10.721214690716927, 11.359039474259157, 12.349089035228468, 11.0, 11.8227652339788, 13.038404810405298, 12.194033149226899, 13.647344063956181], [2.1666666666666665, 0.0, 2.1666666666666665, 4.333333333333334, 6.366512487340032, 1.6162300710839892, 2.6352313834736494, 2.6352313834736494, 2.5, 5.002777006601212, 4.425299993850584, 5.145116346811045, 5.145116346811045, 5.666666666666667, 7.1336448530109, 8.127456893491074, 8.127456893491074, 8.833333333333334, 9.838981428763628, 10.407205827794412, 11.153431784137654, 10.721214690716927, 10.5, 10.721214690716927, 11.359039474259157, 11.211353372561426, 11.211353372561426, 12.015036875145707, 12.0, 12.758439472669759], [4.333333333333333, 2.1666666666666665, 0.0, 2.166666666666667, 4.200007667370439, 0.6857038089644653, 4.585605497399201, 1.5, 3.3082388735465345, 3.308238873546535, 5.517585632330654, 6.368324391514267, 4.666666666666667, 6.066758241067099, 6.066758241067099, 8.95203266799719, 7.833333333333334, 9.095175766428168, 9.095175766428168, 9.621800038128983, 10.308911728839622, 11.359039474259157, 10.721214690716927, 10.5, 10.721214690716927, 11.8227652339788, 11.0, 11.31861789756643, 12.194033149226899, 12.194033149226899], [6.5, 4.333333333333334, 2.166666666666667, 0.0, 2.033847695716987, 2.7779612440546186, 6.670832032063167, 2.63523138347365, 5.002777006601212, 2.5, 7.11990949896965, 8.00173592277187, 5.145116346811045, 7.1336448530109, 5.666666666666667, 10.178954323068314, 8.127456893491074, 9.838981428763628, 8.833333333333334, 9.286389378778424, 9.876090845647942, 12.349089035228468, 11.359039474259157, 10.721214690716927, 10.5, 12.776932339180638, 11.211353372561426, 11.01135777277262, 12.758439472669759, 12.0], [8.533099494663794, 6.366512487340032, 4.200007667370439, 2.033847695716987, 0.0, 4.797199531830022, 8.652986664336565, 4.438519531704847, 6.816631619090285, 3.1734085504860836, 8.814952330213861, 9.695445879600848, 6.231207605625739, 8.480995964790775, 5.960817708394894, 11.54056839808626, 8.832383391307594, 10.83714325986184, 9.00265123353591, 9.362418223620582, 9.830486245970327, 13.480969014774717, 12.225187926692213, 11.250013466545495, 10.632933510600816, 13.871673390514244, 11.715357445389362, 11.043695336741292, 13.52832624792498, 12.10866079581936], [3.760731107193497, 1.6162300710839892, 0.6857038089644653, 2.7779612440546186, 4.797199531830022, 0.0, 3.9166218414973906, 1.2911304745493226, 2.665879459105155, 3.4945360666721013, 4.87269575441557, 5.713522706202266, 4.35562084751467, 5.544786893001983, 5.987447763413048, 8.366857972670438, 7.505424943855906, 8.627743948604985, 8.91867897580596, 9.462289357793344, 10.173101483089248, 10.81761969110506, 10.270832340343564, 10.166021199781134, 10.516409367946864, 11.288039622137426, 10.665220567993893, 11.135506218406718, 11.755289241534163, 11.970450876342218], [1.5, 2.6352313834736494, 4.585605497399201, 6.670832032063167, 8.652986664336565, 3.9166218414973906, 0.0, 4.333333333333333, 2.3863035105460586, 6.576473218982953, 2.7912040114906995, 3.166666666666667, 5.367080729368206, 4.696334267868457, 7.720823214600313, 6.333333333333334, 7.673909622147559, 7.646713164636308, 9.799376397392733, 10.384792281870366, 11.16545931319615, 9.0, 9.257129384665877, 9.988882709181132, 11.10180165558726, 9.5, 10.44163673845139, 11.800423721205947, 10.721214690716927, 12.349089035228468], [4.585605497399201, 2.6352313834736494, 1.5, 2.63523138347365, 4.438519531704847, 1.2911304745493226, 4.333333333333333, 0.0, 2.3863035105460586, 2.386303510546059, 4.485852571577476, 5.367080729368206, 3.166666666666667, 4.696334267868457, 4.696334267868457, 7.673909622147559, 6.333333333333334, 7.646713164636308, 7.646713164636308, 8.184939065871369, 8.889760048783089, 9.988882709181132, 9.257129384665877, 9.0, 9.257129384665877, 10.44163673845139, 9.5, 9.867173410410457, 10.721214690716927, 10.721214690716927], [3.3082388735465345, 2.5, 3.3082388735465345, 5.002777006601212, 6.816631619090285, 2.665879459105155, 2.3863035105460586, 2.3863035105460586, 0.0, 4.333333333333334, 2.209483388023461, 3.064129385141706, 3.064129385141706, 3.166666666666667, 5.367080729368207, 5.7566386797235145, 5.7566386797235145, 6.333333333333334, 7.673909622147559, 8.25632600126868, 9.0271439771004, 8.288211172770904, 8.0, 8.288211172770904, 9.098229375970787, 8.771798244627178, 8.771798244627178, 9.77809342924842, 9.5, 10.44163673845139], [6.96419413859206, 5.002777006601212, 3.308238873546535, 2.5, 3.1734085504860836, 3.4945360666721013, 6.576473218982953, 2.386303510546059, 4.333333333333334, 0.0, 5.999303966286081, 6.851601597031489, 3.0641293851417064, 5.367080729368207, 3.166666666666667, 8.407998837086293, 5.7566386797235145, 7.673909622147559, 6.333333333333334, 6.789257219419221, 7.3910390481568315, 10.307764064044152, 9.098229375970787, 8.288211172770904, 8.0, 10.700467279516348, 8.771798244627178, 8.514693182963201, 10.44163673845139, 9.5], [4.255784034691514, 4.425299993850584, 5.517585632330654, 7.11990949896965, 8.814952330213861, 4.87269575441557, 2.7912040114906995, 4.485852571577476, 2.209483388023461, 5.999303966286081, 0.0, 0.8832199988024355, 3.6210676638874144, 2.050465290564014, 5.942578493024054, 3.7181838112663197, 5.11438601540101, 4.856187241985163, 7.395430059649251, 7.971647249735636, 8.75051436235339, 6.353389043394188, 6.468163156751699, 7.259311661368989, 8.540899593152021, 6.850201434848237, 7.697877185183154, 9.247320465968349, 7.9382779433695, 9.701860024971035], [4.666666666666667, 5.145116346811045, 6.368324391514267, 8.00173592277187, 9.695445879600848, 5.713522706202266, 3.166666666666667, 5.367080729368206, 3.064129385141706, 6.851601597031489, 0.8832199988024355, 0.0, 4.333333333333333, 2.3863035105460586, 6.576473218982953, 3.166666666666667, 5.367080729368206, 4.696334267868457, 7.720823214600313, 8.282946576254856, 9.05131430737775, 5.833333333333333, 6.2227182341981555, 7.26674311886388, 8.733715004382601, 6.333333333333333, 7.6739096221475585, 9.439868172337532, 7.646713164636307, 9.799376397392733], [6.368324391514267, 5.145116346811045, 4.666666666666667, 5.145116346811045, 6.231207605625739, 4.35562084751467, 5.367080729368206, 3.166666666666667, 3.064129385141706, 3.0641293851417064, 3.6210676638874144, 4.333333333333333, 0.0, 2.3863035105460586, 2.386303510546059, 5.367080729368206, 3.166666666666667, 4.696334267868457, 4.696334267868457, 5.268445763175795, 6.023839534818505, 7.26674311886388, 6.2227182341981555, 5.833333333333333, 6.2227182341981555, 7.6739096221475585, 6.333333333333333, 6.871842709362768, 7.646713164636307, 7.646713164636307], [6.066758241067099, 5.666666666666667, 6.066758241067099, 7.1336448530109, 8.480995964790775, 5.544786893001983, 4.696334267868457, 4.696334267868457, 3.166666666666667, 5.367080729368207, 2.050465290564014, 2.3863035105460586, 2.3863035105460586, 0.0, 4.333333333333334, 3.064129385141706, 3.064129385141706, 3.166666666666667, 5.367080729368207, 5.9383116809457155, 6.714273656393212, 5.2967495273569005, 4.833333333333333, 5.2967495273569005, 6.491447364716815, 5.7566386797235145, 5.7566386797235145, 7.197607627229728, 6.333333333333333, 7.6739096221475585], [8.623288880184353, 7.1336448530109, 6.066758241067099, 5.666666666666667, 5.960817708394894, 5.987447763413048, 7.720823214600313, 4.696334267868457, 5.367080729368207, 3.166666666666667, 5.942578493024054, 6.576473218982953, 2.386303510546059, 4.333333333333334, 0.0, 6.851601597031489, 3.0641293851417064, 5.367080729368207, 3.166666666666667, 3.6318920925967846, 4.268442404556362, 8.100068586815244, 6.491447364716815, 5.2967495273569005, 4.833333333333333, 8.407998837086293, 5.7566386797235145, 5.3567195599960655, 7.6739096221475585, 6.333333333333333], [7.833333333333334, 8.127456893491074, 8.95203266799719, 10.178954323068314, 11.54056839808626, 8.366857972670438, 6.333333333333334, 7.673909622147559, 5.7566386797235145, 8.407998837086293, 3.7181838112663197, 3.166666666666667, 5.367080729368206, 3.064129385141706, 6.851601597031489, 0.0, 4.333333333333333, 2.3863035105460586, 6.576473218982953, 7.03036647609108, 7.696795129324883, 2.666666666666666, 3.4359213546813834, 5.088112507491249, 7.025746302785997, 3.166666666666666, 5.3670807293682055, 7.682953714410739, 4.6963342678684565, 7.720823214600313], [8.95203266799719, 8.127456893491074, 7.833333333333334, 8.127456893491074, 8.832383391307594, 7.505424943855906, 7.673909622147559, 6.333333333333334, 5.7566386797235145, 5.7566386797235145, 5.11438601540101, 5.367080729368206, 3.166666666666667, 3.064129385141706, 3.0641293851417064, 4.333333333333333, 0.0, 2.3863035105460586, 2.386303510546059, 2.9283731938703195, 3.687954353445891, 5.088112507491249, 3.4359213546813834, 2.666666666666666, 3.4359213546813834, 5.3670807293682055, 3.166666666666666, 4.13991411612474, 4.6963342678684565, 4.6963342678684565], [9.095175766428168, 8.833333333333334, 9.095175766428168, 9.838981428763628, 10.83714325986184, 8.627743948604985, 7.646713164636308, 7.646713164636308, 6.333333333333334, 7.673909622147559, 4.856187241985163, 4.696334267868457, 4.696334267868457, 3.166666666666667, 5.367080729368207, 2.3863035105460586, 2.3863035105460586, 0.0, 4.333333333333334, 4.7345250824600065, 5.359959760868292, 2.7335365778094536, 1.666666666666666, 2.7335365778094536, 4.642796092394707, 3.0641293851417055, 3.0641293851417055, 5.296749527356901, 3.166666666666666, 5.367080729368206], [10.967122584241402, 9.838981428763628, 9.095175766428168, 8.833333333333334, 9.00265123353591, 8.91867897580596, 9.799376397392733, 7.646713164636308, 7.673909622147559, 6.333333333333334, 7.395430059649251, 7.720823214600313, 4.696334267868457, 5.367080729368207, 3.166666666666667, 6.576473218982953, 2.386303510546059, 4.333333333333334, 0.0, 0.5855102976495391, 1.3664912975230799, 6.710274046399132, 4.642796092394707, 2.733536577809454, 1.666666666666666, 6.851601597031489, 3.0641293851417055, 2.2236106773543884, 5.367080729368206, 3.166666666666666], [11.551178260216833, 10.407205827794412, 9.621800038128983, 9.286389378778424, 9.362418223620582, 9.462289357793344, 10.384792281870366, 8.184939065871369, 8.25632600126868, 6.789257219419221, 7.971647249735636, 8.282946576254856, 5.268445763175795, 5.9383116809457155, 3.6318920925967846, 7.03036647609108, 2.9283731938703195, 4.7345250824600065, 0.5855102976495391, 0.0, 0.7819983936446054, 6.987779330182421, 4.869216970940677, 2.8246020501581484, 1.2792061844391691, 7.092281519141364, 3.0740484578462777, 1.7255603735857517, 5.442744293863628, 2.7478282334592543], [12.325311719494394, 11.153431784137654, 10.308911728839622, 9.876090845647942, 9.830486245970327, 10.173101483089248, 11.16545931319615, 8.889760048783089, 9.0271439771004, 7.3910390481568315, 8.75051436235339, 9.05131430737775, 6.023839534818505, 6.714273656393212, 4.268442404556362, 7.696795129324883, 3.687954353445891, 5.359959760868292, 1.3664912975230799, 0.7819983936446054, 0.0, 7.462741977734141, 5.308318887081057, 3.1706261016613966, 1.1473357115598308, 7.523999959477198, 3.3122390373453023, 1.2456552120736253, 5.6949470672583296, 2.360201670822491], [10.5, 10.721214690716927, 11.359039474259157, 12.349089035228468, 13.480969014774717, 10.81761969110506, 9.0, 9.988882709181132, 8.288211172770904, 10.307764064044152, 6.353389043394188, 5.833333333333333, 7.26674311886388, 5.2967495273569005, 8.100068586815244, 2.666666666666666, 5.088112507491249, 2.7335365778094536, 6.710274046399132, 6.987779330182421, 7.462741977734141, 0.0, 2.1666666666666665, 4.333333333333333, 6.5, 0.5, 4.362084109434133, 7.0178344238090995, 2.6352313834736494, 6.670832032063167], [10.721214690716927, 10.5, 10.721214690716927, 11.359039474259157, 12.225187926692213, 10.270832340343564, 9.257129384665877, 9.257129384665877, 8.0, 9.098229375970787, 6.468163156751699, 6.2227182341981555, 6.2227182341981555, 4.833333333333333, 6.491447364716815, 3.4359213546813834, 3.4359213546813834, 1.666666666666666, 4.642796092394707, 4.869216970940677, 5.308318887081057, 2.1666666666666665, 0.0, 2.1666666666666665, 4.333333333333334, 2.223610677354389, 2.223610677354389, 4.859126579037751, 1.5, 4.585605497399202], [11.359039474259157, 10.721214690716927, 10.5, 10.721214690716927, 11.250013466545495, 10.166021199781134, 9.988882709181132, 9.0, 8.288211172770904, 8.288211172770904, 7.259311661368989, 7.26674311886388, 5.833333333333333, 5.2967495273569005, 5.2967495273569005, 5.088112507491249, 2.666666666666666, 2.7335365778094536, 2.733536577809454, 2.8246020501581484, 3.1706261016613966, 4.333333333333333, 2.1666666666666665, 0.0, 2.166666666666667, 4.362084109434133, 0.5, 2.713136766016618, 2.6352313834736494, 2.63523138347365], [12.349089035228468, 11.359039474259157, 10.721214690716927, 10.5, 10.632933510600816, 10.516409367946864, 11.10180165558726, 9.257129384665877, 9.098229375970787, 8.0, 8.540899593152021, 8.733715004382601, 6.2227182341981555, 6.491447364716815, 4.833333333333333, 7.025746302785997, 3.4359213546813834, 4.642796092394707, 1.666666666666666, 1.2792061844391691, 1.1473357115598308, 6.5, 4.333333333333334, 2.166666666666667, 0.0, 6.519202405202649, 2.2236106773543893, 0.7071067811865476, 4.585605497399202, 1.5], [11.0, 11.211353372561426, 11.8227652339788, 12.776932339180638, 13.871673390514244, 11.288039622137426, 9.5, 10.44163673845139, 8.771798244627178, 10.700467279516348, 6.850201434848237, 6.333333333333333, 7.6739096221475585, 5.7566386797235145, 8.407998837086293, 3.166666666666666, 5.3670807293682055, 3.0641293851417055, 6.851601597031489, 7.092281519141364, 7.523999959477198, 0.5, 2.223610677354389, 4.362084109434133, 6.519202405202649, 0.0, 4.333333333333333, 7.0, 2.3863035105460586, 6.576473218982953], [11.8227652339788, 11.211353372561426, 11.0, 11.211353372561426, 11.715357445389362, 10.665220567993893, 10.44163673845139, 9.5, 8.771798244627178, 8.771798244627178, 7.697877185183154, 7.6739096221475585, 6.333333333333333, 5.7566386797235145, 5.7566386797235145, 5.3670807293682055, 3.166666666666666, 3.0641293851417055, 3.0641293851417055, 3.0740484578462777, 3.3122390373453023, 4.362084109434133, 2.223610677354389, 0.5, 2.2236106773543893, 4.333333333333333, 0.0, 2.666666666666667, 2.3863035105460586, 2.386303510546059], [13.038404810405298, 12.015036875145707, 11.31861789756643, 11.01135777277262, 11.043695336741292, 11.135506218406718, 11.800423721205947, 9.867173410410457, 9.77809342924842, 8.514693182963201, 9.247320465968349, 9.439868172337532, 6.871842709362768, 7.197607627229728, 5.3567195599960655, 7.682953714410739, 4.13991411612474, 5.296749527356901, 2.2236106773543884, 1.7255603735857517, 1.2456552120736253, 7.0178344238090995, 4.859126579037751, 2.713136766016618, 0.7071067811865476, 7.0, 2.666666666666667, 0.0, 4.935697631653617, 1.118033988749895], [12.194033149226899, 12.0, 12.194033149226899, 12.758439472669759, 13.52832624792498, 11.755289241534163, 10.721214690716927, 10.721214690716927, 9.5, 10.44163673845139, 7.9382779433695, 7.646713164636307, 7.646713164636307, 6.333333333333333, 7.6739096221475585, 4.6963342678684565, 4.6963342678684565, 3.166666666666666, 5.367080729368206, 5.442744293863628, 5.6949470672583296, 2.6352313834736494, 1.5, 2.6352313834736494, 4.585605497399202, 2.3863035105460586, 2.3863035105460586, 4.935697631653617, 0.0, 4.333333333333334], [13.647344063956181, 12.758439472669759, 12.194033149226899, 12.0, 12.10866079581936, 11.970450876342218, 12.349089035228468, 10.721214690716927, 10.44163673845139, 9.5, 9.701860024971035, 9.799376397392733, 7.646713164636307, 7.6739096221475585, 6.333333333333333, 7.720823214600313, 4.6963342678684565, 5.367080729368206, 3.166666666666666, 2.7478282334592543, 2.360201670822491, 6.670832032063167, 4.585605497399202, 2.63523138347365, 1.5, 6.576473218982953, 2.386303510546059, 1.118033988749895, 4.333333333333334, 0.0]];