totalHoles = 30;
zeroHoleID = 6;
C = [[0.0, 1.1666666666666667, 2.3333333333333335, 3.5, 4.0, 3.3121659426455206, 1.833333333333333, 2.1730674684008826, 2.9674156357941426, 3.9510898637098992, 3.666666666666666, 3.8477987935383977, 4.346134936801765, 5.068968775248516, 9.493417307191537, 5.5, 5.622375931144333, 5.97448277631164, 6.519202405202649, 6.0, 6.112373606964083, 6.437735971942655, 6.946221994724902, 7.5, 7.5901983578238, 7.8545811119654525, 8.276472678623424, 9.336057691296041, 13.195147005035016, 16.018678559664842], [1.1666666666666667, 0.0, 1.1666666666666667, 2.333333333333333, 2.833333333333333, 2.3010657706966877, 2.1730674684008826, 1.833333333333333, 2.1730674684008826, 2.967415635794142, 3.8477987935383977, 3.666666666666666, 3.8477987935383977, 4.346134936801765, 8.430761310100433, 5.622375931144333, 5.5, 5.622375931144333, 5.97448277631164, 6.112373606964083, 6.0, 6.112373606964083, 6.437735971942655, 7.5901983578238, 7.5, 7.5901983578238, 7.8545811119654525, 9.01562636883916, 13.235701645140445, 15.473215034425008], [2.3333333333333335, 1.1666666666666667, 0.0, 1.1666666666666665, 1.6666666666666665, 1.5302242818440754, 2.9674156357941426, 2.1730674684008826, 1.833333333333333, 2.1730674684008826, 4.346134936801765, 3.8477987935383977, 3.666666666666666, 3.8477987935383977, 7.39950826673713, 5.97448277631164, 5.622375931144333, 5.5, 5.622375931144333, 6.437735971942655, 6.112373606964083, 6.0, 6.112373606964083, 7.8545811119654525, 7.5901983578238, 7.5, 7.5901983578238, 8.838737842703004, 13.378262735351127, 14.998830835350748], [3.5, 2.333333333333333, 1.1666666666666665, 0.0, 0.5, 1.4527529888596733, 3.9510898637098992, 2.967415635794142, 2.1730674684008826, 1.833333333333333, 5.068968775248516, 4.346134936801765, 3.8477987935383977, 3.666666666666666, 6.414821208214467, 6.519202405202649, 5.97448277631164, 5.622375931144333, 5.5, 6.946221994724902, 6.437735971942655, 6.112373606964083, 6.0, 8.276472678623424, 7.8545811119654525, 7.5901983578238, 7.5, 8.814038614833418, 13.619627447739456, 14.60245498454294], [4.0, 2.833333333333333, 1.6666666666666665, 0.5, 0.0, 1.6866486949613941, 4.400126260814695, 3.374742788552764, 2.477678124553084, 1.9002923751652296, 5.426273532033235, 4.6338129248192805, 4.0276819911981905, 3.700600551862419, 6.012777785663522, 6.800735254367722, 6.1869037310901955, 5.74697988318889, 5.522680508593631, 7.211102550927978, 6.635343079131461, 6.227180564089801, 6.020797289396148, 8.5, 8.017342313870461, 7.68295371441074, 7.516648189186454, 8.85063549304301, 13.752101709698563, 14.45809446942121], [3.3121659426455206, 2.3010657706966877, 1.5302242818440754, 1.4527529888596733, 1.6866486949613941, 0.0, 3.0511456618676798, 1.9062922911728444, 0.8250048309302727, 0.6704758496424644, 3.7908783534253976, 2.9487656976979886, 2.396226577682832, 2.347510746618442, 6.18310155397658, 5.114122579018494, 4.525340893532533, 4.186334061485192, 4.158641336812613, 5.525811777526039, 4.985885703673575, 4.680356708817162, 4.655603485657397, 6.83195681652787, 6.4031316082330125, 6.168206956971042, 6.1494456626529725, 7.435981732069007, 12.173363373724857, 13.473884119979115], [1.833333333333333, 2.1730674684008826, 2.9674156357941426, 3.9510898637098992, 4.400126260814695, 3.0511456618676798, 0.0, 1.1666666666666667, 2.3333333333333335, 3.5, 1.833333333333333, 2.1730674684008826, 2.9674156357941426, 3.9510898637098992, 8.941573308526833, 3.666666666666667, 3.8477987935383986, 4.346134936801766, 5.068968775248517, 4.166666666666667, 4.32691832858239, 4.775516260631468, 5.441609239104836, 5.666666666666667, 5.785518319236594, 6.128258770283412, 6.660413734229362, 7.631359973762182, 11.361907612244039, 14.455378669152037], [2.1730674684008826, 1.833333333333333, 2.1730674684008826, 2.967415635794142, 3.374742788552764, 1.9062922911728444, 1.1666666666666667, 0.0, 1.1666666666666667, 2.333333333333333, 2.1730674684008826, 1.833333333333333, 2.1730674684008826, 2.967415635794142, 7.804133349140186, 3.8477987935383986, 3.666666666666667, 3.8477987935383986, 4.346134936801766, 4.32691832858239, 4.166666666666667, 4.32691832858239, 4.775516260631468, 5.785518319236594, 5.666666666666667, 5.785518319236594, 6.128258770283412, 7.235827572326437, 11.408980591790746, 13.848476203982363], [2.9674156357941426, 2.1730674684008826, 1.833333333333333, 2.1730674684008826, 2.477678124553084, 0.8250048309302727, 2.3333333333333335, 1.1666666666666667, 0.0, 1.1666666666666665, 2.9674156357941426, 2.1730674684008826, 1.833333333333333, 2.1730674684008826, 6.676786925818944, 4.346134936801766, 3.8477987935383986, 3.666666666666667, 3.8477987935383986, 4.775516260631468, 4.32691832858239, 4.166666666666667, 4.32691832858239, 6.128258770283412, 5.785518319236594, 5.666666666666667, 5.785518319236594, 7.0141976366482375, 11.574063846409741, 13.316337187762183], [3.9510898637098992, 2.967415635794142, 2.1730674684008826, 1.833333333333333, 1.9002923751652296, 0.6704758496424644, 3.5, 2.333333333333333, 1.1666666666666665, 0.0, 3.9510898637098992, 2.967415635794142, 2.1730674684008826, 1.833333333333333, 5.565670866718025, 5.068968775248517, 4.346134936801766, 3.8477987935383986, 3.666666666666667, 5.441609239104836, 4.775516260631468, 4.32691832858239, 4.166666666666667, 6.660413734229362, 6.128258770283412, 5.785518319236594, 5.666666666666667, 6.983047940384352, 11.852227297850073, 12.86824002132042], [3.666666666666666, 3.8477987935383977, 4.346134936801765, 5.068968775248516, 5.426273532033235, 3.7908783534253976, 1.833333333333333, 2.1730674684008826, 2.9674156357941426, 3.9510898637098992, 0.0, 1.1666666666666667, 2.3333333333333335, 3.5, 8.74646880273733, 1.833333333333334, 2.1730674684008835, 2.967415635794143, 3.9510898637098997, 2.333333333333334, 2.6087459737497554, 3.2998316455372225, 4.2064764880413215, 3.833333333333334, 4.00693842672377, 4.487637339278754, 5.190803834132479, 6.002962527393727, 9.528704367125455, 12.963028363831791], [3.8477987935383977, 3.666666666666666, 3.8477987935383977, 4.346134936801765, 4.6338129248192805, 2.9487656976979886, 2.1730674684008826, 1.833333333333333, 2.1730674684008826, 2.967415635794142, 1.1666666666666667, 0.0, 1.1666666666666667, 2.333333333333333, 7.57980742609335, 2.1730674684008835, 1.833333333333334, 2.1730674684008835, 2.967415635794143, 2.6087459737497554, 2.333333333333334, 2.6087459737497554, 3.2998316455372216, 4.00693842672377, 3.833333333333334, 4.00693842672377, 4.487637339278754, 5.491366379380752, 9.584784842173798, 12.282606607117136], [4.346134936801765, 3.8477987935383977, 3.666666666666666, 3.8477987935383977, 4.0276819911981905, 2.396226577682832, 2.9674156357941426, 2.1730674684008826, 1.833333333333333, 2.1730674684008826, 2.3333333333333335, 1.1666666666666667, 0.0, 1.1666666666666665, 6.413147974145354, 2.967415635794143, 2.1730674684008835, 1.833333333333334, 2.1730674684008835, 3.2998316455372225, 2.6087459737497554, 2.333333333333334, 2.608745973749755, 4.487637339278754, 4.00693842672377, 3.833333333333334, 4.006938426723769, 5.195851474216278, 9.780706326624665, 11.679339364497885], [5.068968775248516, 4.346134936801765, 3.8477987935383977, 3.666666666666666, 3.700600551862419, 2.347510746618442, 3.9510898637098992, 2.967415635794142, 2.1730674684008826, 1.833333333333333, 3.5, 2.333333333333333, 1.1666666666666665, 0.0, 5.246491730874228, 3.9510898637098997, 2.967415635794143, 2.1730674684008835, 1.833333333333334, 4.2064764880413215, 3.2998316455372216, 2.608745973749755, 2.333333333333334, 5.190803834132479, 4.487637339278754, 4.006938426723769, 3.833333333333334, 5.153723177845304, 10.1083408256157, 11.165739256280544], [9.493417307191537, 8.430761310100433, 7.39950826673713, 6.414821208214467, 6.012777785663522, 6.18310155397658, 8.941573308526833, 7.804133349140186, 6.676786925818944, 5.565670866718025, 8.74646880273733, 7.57980742609335, 6.413147974145354, 5.246491730874228, 0.0, 8.931512863170353, 7.792604578982562, 6.663307920695603, 5.549493759781314, 9.046034249785652, 7.923603962067867, 6.81604621971729, 5.731988713628923, 9.539768158516637, 8.482920524067783, 7.458882418920087, 6.483219530690147, 7.61542378249276, 12.832047111324208, 10.249597672942464], [5.5, 5.622375931144333, 5.97448277631164, 6.519202405202649, 6.800735254367722, 5.114122579018494, 3.666666666666667, 3.8477987935383986, 4.346134936801766, 5.068968775248517, 1.833333333333334, 2.1730674684008835, 2.967415635794143, 3.9510898637098997, 8.931512863170353, 0.0, 1.1666666666666667, 2.3333333333333335, 3.5, 0.5, 1.2692955176439848, 2.386303510546059, 3.5355339059327378, 2.0, 2.3154073315749675, 3.0731814857642963, 4.031128874149275, 4.5338378206183405, 7.695563102541919, 11.569116581513972], [5.622375931144333, 5.5, 5.622375931144333, 5.97448277631164, 6.1869037310901955, 4.525340893532533, 3.8477987935383986, 3.666666666666667, 3.8477987935383986, 4.346134936801766, 2.1730674684008835, 1.833333333333334, 2.1730674684008835, 2.967415635794143, 7.792604578982562, 1.1666666666666667, 0.0, 1.1666666666666667, 2.333333333333333, 1.2692955176439848, 0.5, 1.2692955176439848, 2.3863035105460586, 2.3154073315749675, 2.0, 2.3154073315749675, 3.0731814857642954, 3.8308264109679055, 7.7648943985023715, 10.801239705716728], [5.97448277631164, 5.622375931144333, 5.5, 5.622375931144333, 5.74697988318889, 4.186334061485192, 4.346134936801766, 3.8477987935383986, 3.666666666666667, 3.8477987935383986, 2.967415635794143, 2.1730674684008835, 1.833333333333334, 2.1730674684008835, 6.663307920695603, 2.3333333333333335, 1.1666666666666667, 0.0, 1.1666666666666665, 2.386303510546059, 1.2692955176439848, 0.5, 1.2692955176439846, 3.0731814857642963, 2.3154073315749675, 2.0, 2.3154073315749675, 3.3936704054005373, 8.005479423295311, 10.1099615284265], [6.519202405202649, 5.97448277631164, 5.622375931144333, 5.5, 5.522680508593631, 4.158641336812613, 5.068968775248517, 4.346134936801766, 3.8477987935383986, 3.666666666666667, 3.9510898637098997, 2.967415635794143, 2.1730674684008835, 1.833333333333334, 5.549493759781314, 3.5, 2.333333333333333, 1.1666666666666665, 0.0, 3.5355339059327378, 2.3863035105460586, 1.2692955176439846, 0.5, 4.031128874149275, 3.0731814857642954, 2.3154073315749675, 2.0, 3.3288119310402435, 8.40262094801009, 9.511997017156725], [6.0, 6.112373606964083, 6.437735971942655, 6.946221994724902, 7.211102550927978, 5.525811777526039, 4.166666666666667, 4.32691832858239, 4.775516260631468, 5.441609239104836, 2.333333333333334, 2.6087459737497554, 3.2998316455372225, 4.2064764880413215, 9.046034249785652, 0.5, 1.2692955176439848, 2.386303510546059, 3.5355339059327378, 0.0, 1.1666666666666667, 2.3333333333333335, 3.5, 1.5, 1.90029237516523, 2.773886162848873, 3.8078865529319543, 4.183368057925914, 7.195632470135621, 11.21093394423527], [6.112373606964083, 6.0, 6.112373606964083, 6.437735971942655, 6.635343079131461, 4.985885703673575, 4.32691832858239, 4.166666666666667, 4.32691832858239, 4.775516260631468, 2.6087459737497554, 2.333333333333334, 2.6087459737497554, 3.2998316455372216, 7.923603962067867, 1.2692955176439848, 0.5, 1.2692955176439848, 2.3863035105460586, 1.1666666666666667, 0.0, 1.1666666666666667, 2.333333333333333, 1.90029237516523, 1.5, 1.90029237516523, 2.7738861628488727, 3.4088288187256945, 7.2697331587864324, 10.416686642387619], [6.437735971942655, 6.112373606964083, 6.0, 6.112373606964083, 6.227180564089801, 4.680356708817162, 4.775516260631468, 4.32691832858239, 4.166666666666667, 4.32691832858239, 3.2998316455372225, 2.6087459737497554, 2.333333333333334, 2.608745973749755, 6.81604621971729, 2.386303510546059, 1.2692955176439848, 0.5, 1.2692955176439846, 2.3333333333333335, 1.1666666666666667, 0.0, 1.1666666666666665, 2.773886162848873, 1.90029237516523, 1.5, 1.9002923751652299, 2.9089313750752215, 7.526163430119631, 9.698036065699537], [6.946221994724902, 6.437735971942655, 6.112373606964083, 6.0, 6.020797289396148, 4.655603485657397, 5.441609239104836, 4.775516260631468, 4.32691832858239, 4.166666666666667, 4.2064764880413215, 3.2998316455372216, 2.608745973749755, 2.333333333333334, 5.731988713628923, 3.5355339059327378, 2.3863035105460586, 1.2692955176439846, 0.5, 3.5, 2.333333333333333, 1.1666666666666665, 0.0, 3.8078865529319543, 2.7738861628488727, 1.9002923751652299, 1.5, 2.832996963754364, 7.947293500054181, 9.072963610625994], [7.5, 7.5901983578238, 7.8545811119654525, 8.276472678623424, 8.5, 6.83195681652787, 5.666666666666667, 5.785518319236594, 6.128258770283412, 6.660413734229362, 3.833333333333334, 4.00693842672377, 4.487637339278754, 5.190803834132479, 9.539768158516637, 2.0, 2.3154073315749675, 3.0731814857642963, 4.031128874149275, 1.5, 1.90029237516523, 2.773886162848873, 3.8078865529319543, 0.0, 1.1666666666666667, 2.3333333333333335, 3.5, 3.3667814127578204, 5.69591363922123, 10.208172421057636], [7.5901983578238, 7.5, 7.5901983578238, 7.8545811119654525, 8.017342313870461, 6.4031316082330125, 5.785518319236594, 5.666666666666667, 5.785518319236594, 6.128258770283412, 4.00693842672377, 3.833333333333334, 4.00693842672377, 4.487637339278754, 8.482920524067783, 2.3154073315749675, 2.0, 2.3154073315749675, 3.0731814857642954, 1.90029237516523, 1.5, 1.90029237516523, 2.7738861628488727, 1.1666666666666667, 0.0, 1.1666666666666667, 2.333333333333333, 2.3355433390522915, 5.789242242310762, 9.328939108051449], [7.8545811119654525, 7.5901983578238, 7.5, 7.5901983578238, 7.68295371441074, 6.168206956971042, 6.128258770283412, 5.785518319236594, 5.666666666666667, 5.785518319236594, 4.487637339278754, 4.00693842672377, 3.833333333333334, 4.006938426723769, 7.458882418920087, 3.0731814857642963, 2.3154073315749675, 2.0, 2.3154073315749675, 2.773886162848873, 1.90029237516523, 1.5, 1.9002923751652299, 2.3333333333333335, 1.1666666666666667, 0.0, 1.1666666666666665, 1.5154308028127612, 6.108145505557842, 8.519016833393632], [8.276472678623424, 7.8545811119654525, 7.5901983578238, 7.5, 7.516648189186454, 6.1494456626529725, 6.660413734229362, 6.128258770283412, 5.785518319236594, 5.666666666666667, 5.190803834132479, 4.487637339278754, 4.006938426723769, 3.833333333333334, 6.483219530690147, 4.031128874149275, 3.0731814857642954, 2.3154073315749675, 2.0, 3.8078865529319543, 2.7738861628488727, 1.9002923751652299, 1.5, 3.5, 2.333333333333333, 1.1666666666666665, 0.0, 1.3640090065165096, 6.62010419224651, 7.80002647147935], [9.336057691296041, 9.01562636883916, 8.838737842703004, 8.814038614833418, 8.85063549304301, 7.435981732069007, 7.631359973762182, 7.235827572326437, 7.0141976366482375, 6.983047940384352, 6.002962527393727, 5.491366379380752, 5.195851474216278, 5.153723177845304, 7.61542378249276, 4.5338378206183405, 3.8308264109679055, 3.3936704054005373, 3.3288119310402435, 4.183368057925914, 3.4088288187256945, 2.9089313750752215, 2.832996963754364, 3.3667814127578204, 2.3355433390522915, 1.5154308028127612, 1.3640090065165096, 0.0, 5.305198839006499, 7.035313854561349], [13.195147005035016, 13.235701645140445, 13.378262735351127, 13.619627447739456, 13.752101709698563, 12.173363373724857, 11.361907612244039, 11.408980591790746, 11.574063846409741, 11.852227297850073, 9.528704367125455, 9.584784842173798, 9.780706326624665, 10.1083408256157, 12.832047111324208, 7.695563102541919, 7.7648943985023715, 8.005479423295311, 8.40262094801009, 7.195632470135621, 7.2697331587864324, 7.526163430119631, 7.947293500054181, 5.69591363922123, 5.789242242310762, 6.108145505557842, 6.62010419224651, 5.305198839006499, 0.0, 7.853846012008148], [16.018678559664842, 15.473215034425008, 14.998830835350748, 14.60245498454294, 14.45809446942121, 13.473884119979115, 14.455378669152037, 13.848476203982363, 13.316337187762183, 12.86824002132042, 12.963028363831791, 12.282606607117136, 11.679339364497885, 11.165739256280544, 10.249597672942464, 11.569116581513972, 10.801239705716728, 10.1099615284265, 9.511997017156725, 11.21093394423527, 10.416686642387619, 9.698036065699537, 9.072963610625994, 10.208172421057636, 9.328939108051449, 8.519016833393632, 7.80002647147935, 7.035313854561349, 7.853846012008148, 0.0]];