totalHoles = 30;
zeroHoleID = 16;
C = [[0.0, 0.8333333333333335, 1.666666666666667, 2.5, 3.0, 3.833333333333333, 4.666666666666667, 3.0805843601498726, 3.896722269349516, 4.71887463043656, 3.3105890714493698, 4.0809857197060175, 4.872143037491591, 3.0516389039334255, 3.6619666847201104, 4.370863123508267, 5.117399513207639, 5.779148386362217, 4.1036569057366385, 4.7470458650032485, 5.4422217685222805, 4.6097722286464435, 5.1908038341324785, 5.833333333333334, 4.0, 8.5, 10.08814319198625, 14.541807469707818, 12.869600449356495, 15.740878753951064], [0.8333333333333335, 0.0, 0.8333333333333335, 1.6666666666666665, 2.1666666666666665, 2.9999999999999996, 3.8333333333333335, 2.276937514391742, 3.080584360149872, 3.8967222693495165, 2.5796209885261137, 3.3105890714493693, 4.080985719706018, 2.4166666666666665, 3.017357195368895, 3.6619666847201104, 4.3708631235082676, 5.02540293642657, 3.5404017348945644, 4.103656905736638, 4.747045865003249, 4.1163630117428225, 4.6097722286464435, 5.190803834132479, 4.0858835573770875, 8.540751983545972, 10.071641597837868, 14.061215227803737, 12.69548156864831, 15.313348026482979], [1.666666666666667, 0.8333333333333335, 0.0, 0.833333333333333, 1.333333333333333, 2.166666666666666, 3.0, 1.505914266410202, 2.2769375143917414, 3.0805843601498726, 1.9333333333333331, 2.579620988526113, 3.3105890714493698, 1.9382838916021676, 2.487524427574084, 3.0173571953688945, 3.6619666847201104, 4.301125685699667, 3.1012542265634684, 3.5404017348945644, 4.1036569057366385, 3.745367509040705, 4.1163630117428225, 4.6097722286464435, 4.333333333333333, 8.661857640124188, 10.123941168214413, 13.614707920777377, 12.574290345088658, 14.92015015013861], [2.5, 1.6666666666666665, 0.833333333333333, 0.0, 0.5, 1.333333333333333, 2.166666666666667, 0.8602325267042626, 1.505914266410202, 2.2769375143917423, 1.4866068747318506, 1.9333333333333331, 2.579620988526114, 1.75, 2.15870331449229, 2.487524427574084, 3.017357195368895, 3.6240279446790926, 2.8442925306655784, 3.1012542265634684, 3.540401734894565, 3.5355339059327378, 3.745367509040705, 4.116363011742823, 4.716990566028302, 8.860022573334675, 10.243988186664607, 13.2057433998403, 12.507565390361933, 14.564066125710262], [3.0, 2.1666666666666665, 1.333333333333333, 0.5, 0.0, 0.833333333333333, 1.666666666666667, 0.7, 1.0883218478209669, 1.8076995817275, 1.4, 1.6292465879799913, 2.1766436956419346, 1.8200274723201295, 2.0999999999999996, 2.2593017603774053, 2.6810031290130523, 3.25278081620317, 2.8, 2.9213771486140647, 3.258493175959983, 3.5, 3.5978388574871505, 3.8765677832043357, 5.0, 9.013878188659973, 10.347609682908663, 12.9798750993105, 12.494066881836362, 14.369390166167658], [3.833333333333333, 2.9999999999999996, 2.166666666666666, 1.333333333333333, 0.833333333333333, 0.0, 0.8333333333333339, 1.0883218478209669, 0.7, 1.0883218478209675, 1.6292465879799913, 1.4, 1.6292465879799918, 2.2000631304073472, 2.2593017603774053, 2.0999999999999996, 2.2593017603774057, 2.7270316536687145, 2.9213771486140647, 2.8, 2.921377148614065, 3.5978388574871505, 3.5, 3.5978388574871505, 5.540256712864887, 9.324400487132909, 10.57073117447912, 12.638463782844433, 12.516003506775327, 14.078449402585427], [4.666666666666667, 3.8333333333333335, 3.0, 2.166666666666667, 1.666666666666667, 0.8333333333333339, 0.0, 1.8076995817275, 1.0883218478209675, 0.7, 2.1766436956419346, 1.6292465879799918, 1.4, 2.7851291611780673, 2.6810031290130523, 2.2593017603774057, 2.0999999999999996, 2.3836335982805266, 3.258493175959983, 2.921377148614065, 2.8, 3.8765677832043357, 3.5978388574871505, 3.5, 6.146362971528593, 9.696792138525904, 10.853413189650214, 12.343956613490217, 12.59316756040009, 13.831666215740208], [3.0805843601498726, 2.276937514391742, 1.505914266410202, 0.8602325267042626, 0.7, 1.0883218478209669, 1.8076995817275, 0.0, 0.833333333333333, 1.666666666666667, 0.7, 1.0883218478209669, 1.8076995817275, 1.1629703349613008, 1.3999999999999997, 1.6292465879799911, 2.176643695641934, 2.802606740482173, 2.0999999999999996, 2.2593017603774053, 2.6810031290130523, 2.8, 2.9213771486140647, 3.258493175959983, 4.459820624195552, 8.357032966310472, 9.66778170279775, 12.353827927648238, 11.794085060849131, 13.722862535251664], [3.896722269349516, 3.080584360149872, 2.2769375143917414, 1.505914266410202, 1.0883218478209669, 0.7, 1.0883218478209675, 0.833333333333333, 0.0, 0.8333333333333339, 1.0883218478209669, 0.7, 1.0883218478209675, 1.697138113937041, 1.6292465879799911, 1.3999999999999997, 1.6292465879799916, 2.1704200385289183, 2.2593017603774053, 2.0999999999999996, 2.2593017603774057, 2.9213771486140647, 2.8, 2.921377148614065, 5.058106804373, 8.691055427532632, 9.906227055051312, 11.99461019218679, 11.81732114128903, 13.417910418355607], [4.71887463043656, 3.8967222693495165, 3.0805843601498726, 2.2769375143917423, 1.8076995817275, 1.0883218478209675, 0.7, 1.666666666666667, 0.8333333333333339, 0.0, 1.8076995817275, 1.0883218478209675, 0.7, 2.4076844569927442, 2.176643695641934, 1.6292465879799916, 1.3999999999999997, 1.7192238465041483, 2.6810031290130523, 2.2593017603774057, 2.0999999999999996, 3.258493175959983, 2.921377148614065, 2.8, 5.715573267641469, 9.089432203266481, 10.20732848341813, 11.683885130724699, 11.899016950112205, 13.158745104207581], [3.3105890714493698, 2.5796209885261137, 1.9333333333333331, 1.4866068747318506, 1.4, 1.6292465879799913, 2.1766436956419346, 0.7, 1.0883218478209669, 1.8076995817275, 0.0, 0.833333333333333, 1.666666666666667, 0.6103277807866851, 0.6999999999999997, 1.0883218478209669, 1.8076995817275, 2.471563481954865, 1.4, 1.6292465879799913, 2.1766436956419346, 2.1, 2.2593017603774057, 2.6810031290130527, 3.9698866482558417, 7.707788269017254, 8.991049991857281, 11.736139541526521, 11.094105533899025, 13.081840030181981], [4.0809857197060175, 3.3105890714493693, 2.579620988526113, 1.9333333333333331, 1.6292465879799913, 1.4, 1.6292465879799918, 1.0883218478209669, 0.7, 1.0883218478209675, 0.833333333333333, 0.0, 0.8333333333333339, 1.378505632116814, 1.0883218478209669, 0.6999999999999997, 1.0883218478209675, 1.721843386369567, 1.6292465879799913, 1.4, 1.6292465879799918, 2.2593017603774057, 2.1, 2.259301760377406, 4.631894260930882, 8.06873251783974, 9.246962277924379, 11.357402015194847, 11.11880452796527, 12.761579150280495], [4.872143037491591, 4.080985719706018, 3.3105890714493698, 2.579620988526114, 2.1766436956419346, 1.6292465879799918, 1.4, 1.8076995817275, 1.0883218478209675, 0.7, 1.666666666666667, 0.8333333333333339, 0.0, 2.194753845980101, 1.8076995817275, 1.0883218478209675, 0.6999999999999997, 1.0998873296502996, 2.1766436956419346, 1.6292465879799918, 1.4, 2.6810031290130527, 2.259301760377406, 2.1, 5.342076167350835, 8.496339080908776, 9.56883125943419, 11.028738759269372, 11.205594118733819, 12.488801188719632], [3.0516389039334255, 2.4166666666666665, 1.9382838916021676, 1.75, 1.8200274723201295, 2.2000631304073472, 2.7851291611780673, 1.1629703349613008, 1.697138113937041, 2.4076844569927442, 0.6103277807866851, 1.378505632116814, 2.194753845980101, 0.0, 0.6103277807866849, 1.3785056321168139, 2.194753845980101, 2.8558943087335775, 1.1629703349613005, 1.697138113937041, 2.4076844569927442, 1.8200274723201295, 2.2000631304073472, 2.7851291611780673, 3.3634060117684275, 7.198090024443984, 8.529902474608878, 11.686698675118977, 10.759810868739313, 12.982429593443054], [3.6619666847201104, 3.017357195368895, 2.487524427574084, 2.15870331449229, 2.0999999999999996, 2.2593017603774053, 2.6810031290130523, 1.3999999999999997, 1.6292465879799911, 2.176643695641934, 0.6999999999999997, 1.0883218478209669, 1.8076995817275, 0.6103277807866849, 0.0, 0.833333333333333, 1.666666666666667, 2.3114167838945887, 0.7000000000000002, 1.088321847820967, 1.8076995817275001, 1.4000000000000004, 1.6292465879799918, 2.1766436956419346, 3.551056180912941, 7.068238818828918, 8.318170283133346, 11.12820193069946, 10.3941287644532, 12.447173212787296], [4.370863123508267, 3.6619666847201104, 3.0173571953688945, 2.487524427574084, 2.2593017603774053, 2.0999999999999996, 2.2593017603774057, 1.6292465879799911, 1.3999999999999997, 1.6292465879799916, 1.0883218478209669, 0.6999999999999997, 1.0883218478209675, 1.3785056321168139, 0.833333333333333, 0.0, 0.8333333333333339, 1.4828237085781188, 1.088321847820967, 0.7000000000000002, 1.0883218478209677, 1.6292465879799918, 1.4000000000000004, 1.6292465879799922, 4.278369367462847, 7.460190643974486, 8.594142672336917, 10.728023462268938, 10.420486999456667, 12.110139752403017], [5.117399513207639, 4.3708631235082676, 3.6619666847201104, 3.017357195368895, 2.6810031290130523, 2.2593017603774057, 2.0999999999999996, 2.176643695641934, 1.6292465879799916, 1.3999999999999997, 1.8076995817275, 1.0883218478209675, 0.6999999999999997, 2.194753845980101, 1.666666666666667, 0.8333333333333339, 0.0, 0.6661633744525546, 1.8076995817275001, 1.0883218478209677, 0.7000000000000002, 2.1766436956419346, 1.6292465879799922, 1.4000000000000004, 5.038628561203712, 7.920718261482212, 8.939547447978047, 10.379450153666683, 10.513043076509597, 11.822340611961021], [5.779148386362217, 5.02540293642657, 4.301125685699667, 3.6240279446790926, 3.25278081620317, 2.7270316536687145, 2.3836335982805266, 2.802606740482173, 2.1704200385289183, 1.7192238465041483, 2.471563481954865, 1.721843386369567, 1.0998873296502996, 2.8558943087335775, 2.3114167838945887, 1.4828237085781188, 0.6661633744525546, 0.0, 2.3572588004727764, 1.5533150531228728, 0.8110457107948736, 2.5982091055076957, 1.899160119051277, 1.3608147002937283, 5.569698025189786, 8.160722309608337, 9.075908560838062, 9.965563633326846, 10.434549072038692, 11.448037100875379], [4.1036569057366385, 3.5404017348945644, 3.1012542265634684, 2.8442925306655784, 2.8, 2.9213771486140647, 3.258493175959983, 2.0999999999999996, 2.2593017603774053, 2.6810031290130523, 1.4, 1.6292465879799913, 2.1766436956419346, 1.1629703349613005, 0.7000000000000002, 1.088321847820967, 1.8076995817275001, 2.3572588004727764, 0.0, 0.833333333333333, 1.666666666666667, 0.7000000000000002, 1.088321847820967, 1.8076995817275001, 3.2310988842807027, 6.441273166075167, 7.650159067779477, 10.531703807203465, 9.694155349837228, 11.819885930202018], [4.7470458650032485, 4.103656905736638, 3.5404017348945644, 3.1012542265634684, 2.9213771486140647, 2.8, 2.921377148614065, 2.2593017603774053, 2.0999999999999996, 2.2593017603774057, 1.6292465879799913, 1.4, 1.6292465879799918, 1.697138113937041, 1.088321847820967, 0.7000000000000002, 1.0883218478209677, 1.5533150531228728, 0.833333333333333, 0.0, 0.8333333333333339, 1.088321847820967, 0.7000000000000002, 1.0883218478209677, 4.016770399767013, 6.869093422311597, 7.949356274290904, 10.107937192089867, 9.722411453985568, 11.46442616255126], [5.4422217685222805, 4.747045865003249, 4.1036569057366385, 3.540401734894565, 3.258493175959983, 2.921377148614065, 2.8, 2.6810031290130523, 2.2593017603774057, 2.0999999999999996, 2.1766436956419346, 1.6292465879799918, 1.4, 2.4076844569927442, 1.8076995817275001, 1.0883218478209677, 0.7000000000000002, 0.8110457107948736, 1.666666666666667, 0.8333333333333339, 0.0, 1.8076995817275001, 1.0883218478209677, 0.7000000000000002, 4.818482933224708, 7.366666666666667, 8.321567489228014, 9.737191194830885, 9.821548243698176, 11.159987453356784], [4.6097722286464435, 4.1163630117428225, 3.745367509040705, 3.5355339059327378, 3.5, 3.5978388574871505, 3.8765677832043357, 2.8, 2.9213771486140647, 3.258493175959983, 2.1, 2.2593017603774057, 2.6810031290130527, 1.8200274723201295, 1.4000000000000004, 1.6292465879799918, 2.1766436956419346, 2.5982091055076957, 0.7000000000000002, 1.088321847820967, 1.8076995817275001, 0.0, 0.833333333333333, 1.666666666666667, 3.0413812651491097, 5.830951894845301, 6.988412599829406, 9.948703028782434, 8.99418607332104, 11.201218050589208], [5.1908038341324785, 4.6097722286464435, 4.1163630117428225, 3.745367509040705, 3.5978388574871505, 3.5, 3.5978388574871505, 2.9213771486140647, 2.8, 2.921377148614065, 2.2593017603774057, 2.1, 2.259301760377406, 2.2000631304073472, 1.6292465879799918, 1.4000000000000004, 1.6292465879799922, 1.899160119051277, 1.088321847820967, 0.7000000000000002, 1.0883218478209677, 0.833333333333333, 0.0, 0.8333333333333339, 3.865804501581067, 6.300352723811933, 7.3147277515116045, 9.498963161917958, 9.024634045507563, 10.82546302245071], [5.833333333333334, 5.190803834132479, 4.6097722286464435, 4.116363011742823, 3.8765677832043357, 3.5978388574871505, 3.5, 3.258493175959983, 2.921377148614065, 2.8, 2.6810031290130527, 2.259301760377406, 2.1, 2.7851291611780673, 2.1766436956419346, 1.6292465879799922, 1.4000000000000004, 1.3608147002937283, 1.8076995817275001, 1.0883218478209677, 0.7000000000000002, 1.666666666666667, 0.8333333333333339, 0.0, 4.693375946776242, 6.839428176227731, 7.717607296364756, 9.103449853595775, 9.131349575940849, 10.502518858490031], [4.0, 4.0858835573770875, 4.333333333333333, 4.716990566028302, 5.0, 5.540256712864887, 6.146362971528593, 4.459820624195552, 5.058106804373, 5.715573267641469, 3.9698866482558417, 4.631894260930882, 5.342076167350835, 3.3634060117684275, 3.551056180912941, 4.278369367462847, 5.038628561203712, 5.569698025189786, 3.2310988842807027, 4.016770399767013, 4.818482933224708, 3.0413812651491097, 3.865804501581067, 4.693375946776242, 0.0, 4.5, 6.100509434923844, 11.577351203917702, 9.037506902366966, 12.53754444048773], [8.5, 8.540751983545972, 8.661857640124188, 8.860022573334675, 9.013878188659973, 9.324400487132909, 9.696792138525904, 8.357032966310472, 8.691055427532632, 9.089432203266481, 7.707788269017254, 8.06873251783974, 8.496339080908776, 7.198090024443984, 7.068238818828918, 7.460190643974486, 7.920718261482212, 8.160722309608337, 6.441273166075167, 6.869093422311597, 7.366666666666667, 5.830951894845301, 6.300352723811933, 6.839428176227731, 4.5, 0.0, 1.6859701827488556, 9.229155939914541, 5.048037807417441, 9.671174790538569], [10.08814319198625, 10.071641597837868, 10.123941168214413, 10.243988186664607, 10.347609682908663, 10.57073117447912, 10.853413189650214, 9.66778170279775, 9.906227055051312, 10.20732848341813, 8.991049991857281, 9.246962277924379, 9.56883125943419, 8.529902474608878, 8.318170283133346, 8.594142672336917, 8.939547447978047, 9.075908560838062, 7.650159067779477, 7.949356274290904, 8.321567489228014, 6.988412599829406, 7.3147277515116045, 7.717607296364756, 6.100509434923844, 1.6859701827488556, 0.0, 8.207558787290107, 3.461923096701352, 8.420464803297824], [14.541807469707818, 14.061215227803737, 13.614707920777377, 13.2057433998403, 12.9798750993105, 12.638463782844433, 12.343956613490217, 12.353827927648238, 11.99461019218679, 11.683885130724699, 11.736139541526521, 11.357402015194847, 11.028738759269372, 11.686698675118977, 11.12820193069946, 10.728023462268938, 10.379450153666683, 9.965563633326846, 10.531703807203465, 10.107937192089867, 9.737191194830885, 9.948703028782434, 9.498963161917958, 9.103449853595775, 11.577351203917702, 9.229155939914541, 8.207558787290107, 0.0, 5.636269765723888, 1.6684959397252177], [12.869600449356495, 12.69548156864831, 12.574290345088658, 12.507565390361933, 12.494066881836362, 12.516003506775327, 12.59316756040009, 11.794085060849131, 11.81732114128903, 11.899016950112205, 11.094105533899025, 11.11880452796527, 11.205594118733819, 10.759810868739313, 10.3941287644532, 10.420486999456667, 10.513043076509597, 10.434549072038692, 9.694155349837228, 9.722411453985568, 9.821548243698176, 8.99418607332104, 9.024634045507563, 9.131349575940849, 9.037506902366966, 5.048037807417441, 3.461923096701352, 5.636269765723888, 0.0, 5.3597251372263806], [15.740878753951064, 15.313348026482979, 14.92015015013861, 14.564066125710262, 14.369390166167658, 14.078449402585427, 13.831666215740208, 13.722862535251664, 13.417910418355607, 13.158745104207581, 13.081840030181981, 12.761579150280495, 12.488801188719632, 12.982429593443054, 12.447173212787296, 12.110139752403017, 11.822340611961021, 11.448037100875379, 11.819885930202018, 11.46442616255126, 11.159987453356784, 11.201218050589208, 10.82546302245071, 10.502518858490031, 12.53754444048773, 9.671174790538569, 8.420464803297824, 1.6684959397252177, 5.3597251372263806, 0.0]];