totalHoles = 30;
zeroHoleID = 2;
C = [[0.0, 2.5, 3.0, 3.333333333333333, 4.166666666666667, 5.0, 1.8027756377319946, 4.6097722286464435, 5.3397112694471, 7.254036571276193, 5.600099205470481, 6.132789830991366, 6.726812023536855, 9.234289088196533, 6.324692570482071, 6.800862894597355, 7.341023430013012, 7.083333333333333, 7.511565157216644, 8.00390529679106, 7.550869155269478, 7.866176714968404, 8.253892179518164, 8.704345179276842, 11.101850138221698, 8.381527307120106, 8.666666666666666, 9.020039418489873, 9.433981132056603, 11.094993778696637], [2.5, 0.0, 0.5, 0.833333333333333, 1.666666666666667, 2.5, 1.4142135623730951, 2.23606797749979, 2.98407605385455, 4.836162336197916, 4.576510072581994, 4.7987266829626565, 5.1478150704935, 7.238638746245249, 5.439215885074286, 5.62746859411741, 5.927952850689688, 6.305310812675648, 6.468406123441676, 6.73145600891813, 7.125, 7.173567414086554, 7.317335770468496, 7.550869155269478, 9.45113774150594, 8.0, 8.043285674675769, 8.171767114754175, 8.381527307120106, 10.55743675536159], [3.0, 0.5, 0.0, 0.33333333333333304, 1.166666666666667, 2.0, 1.8027756377319946, 1.8027756377319946, 2.546202777866229, 4.363708291692817, 4.512328790226961, 4.648775226993784, 4.924428900898052, 6.879175102110316, 5.385325998592018, 5.500157826018369, 5.735034873477231, 6.258882576875134, 6.357956520070825, 6.562202374203344, 7.142522313580827, 7.1327930091312135, 7.219884771318107, 7.400380057807842, 9.167256417947247, 8.0156097709407, 8.006941432976209, 8.08462189042327, 8.246211251235321, 10.518155143478745], [3.333333333333333, 0.833333333333333, 0.33333333333333304, 0.0, 0.8333333333333339, 1.666666666666667, 2.0883273476902775, 1.5365907428821481, 2.2686013659687294, 4.052412915953408, 4.5, 4.576510072581994, 4.7987266829626565, 6.649631617954981, 5.375, 5.439215885074286, 5.62746859411741, 6.25, 6.305310812675648, 6.468406123441676, 7.173567414086554, 7.125, 7.173567414086554, 7.317335770468496, 8.988479205395322, 8.043285674675769, 8.0, 8.043285674675769, 8.171767114754175, 10.505115099446487], [4.166666666666667, 1.666666666666667, 1.166666666666667, 0.8333333333333339, 0.0, 0.833333333333333, 2.8480012484391772, 1.0540925533894596, 1.6665183194465978, 3.2931024322971805, 4.576510072581994, 4.5, 4.576510072581994, 6.117695587331807, 5.439215885074286, 5.375, 5.439215885074286, 6.305310812675648, 6.25, 6.305310812675648, 7.317335770468496, 7.173567414086554, 7.125, 7.173567414086554, 8.581981189190468, 8.171767114754175, 8.043285674675769, 8.0, 8.043285674675769, 10.518759648868594], [5.0, 2.5, 2.0, 1.666666666666667, 0.833333333333333, 0.0, 3.640054944640259, 1.118033988749895, 1.3404862361531102, 2.579900328831737, 4.7987266829626565, 4.576510072581994, 4.5, 5.65894750222163, 5.62746859411741, 5.439215885074286, 5.375, 6.468406123441676, 6.305310812675648, 6.25, 7.550869155269478, 7.317335770468496, 7.173567414086554, 7.125, 8.239959509991715, 8.381527307120106, 8.171767114754175, 8.043285674675769, 8.0, 10.5981156220152], [1.8027756377319946, 1.4142135623730951, 1.8027756377319946, 2.0883273476902775, 2.8480012484391772, 3.640054944640259, 0.0, 3.0, 3.6863135879718087, 5.619119367920175, 3.9510898637098992, 4.400126260814695, 4.949747468305833, 7.432405002030977, 4.743599488901978, 5.123644807274516, 5.6027337077537425, 5.560900206900957, 5.888430275643171, 6.309714732061981, 6.206095793653205, 6.393491699463691, 6.680324551330655, 7.054475529761231, 9.331336572729958, 7.0710678118654755, 7.236097782030803, 7.490735018081411, 7.826237921249264, 9.72680321409893], [4.6097722286464435, 2.23606797749979, 1.8027756377319946, 1.5365907428821481, 1.0540925533894596, 1.118033988749895, 3.0, 0.0, 0.7480240730210064, 2.6448829744455256, 3.689323936863109, 3.515837184954831, 3.5355339059327378, 5.127533445558792, 4.527884286409174, 4.387680037458419, 4.403478738452134, 5.378067600087517, 5.26057136736221, 5.273755777432247, 6.443261984429936, 6.235121178542652, 6.134063588773034, 6.145374276640927, 7.540646920154101, 7.280109889280518, 7.096556285347924, 7.007932013876213, 7.0178344238090995, 9.546905333079227], [5.3397112694471, 2.98407605385455, 2.546202777866229, 2.2686013659687294, 1.6665183194465978, 1.3404862361531102, 3.6863135879718087, 0.7480240730210064, 0.0, 1.932806065573065, 3.6648862542586107, 3.3259769103271957, 3.175175971232848, 4.4512224822050355, 4.443586073495842, 4.168475541962809, 4.049173790319076, 5.252691988730987, 5.022101580001605, 4.9235276296695485, 6.381653140206239, 6.080077225199626, 5.882012429072819, 5.798076427232736, 6.948642766823575, 7.185632382596304, 6.919187452317193, 6.745805078097025, 6.672743528110789, 9.310219042439702], [7.254036571276193, 4.836162336197916, 4.363708291692817, 4.052412915953408, 3.2931024322971805, 2.579900328831737, 5.619119367920175, 2.6448829744455256, 1.932806065573065, 0.0, 4.810464544895204, 4.190828357963307, 3.657103280331843, 3.4771004630751214, 5.399080734077516, 4.855156636124381, 4.402715984299591, 6.057295304711518, 5.577929687320897, 5.18889792478136, 7.261490600733892, 6.764822986883942, 6.339187900045951, 5.99972210266388, 6.228173886154963, 7.9581718616740025, 7.507734923348491, 7.126609072166241, 6.826413329456888, 9.662227736378867], [5.600099205470481, 4.576510072581994, 4.512328790226961, 4.5, 4.576510072581994, 4.7987266829626565, 3.9510898637098992, 3.689323936863109, 3.6648862542586107, 4.810464544895204, 0.0, 0.8333333333333339, 1.666666666666667, 4.509592310425019, 0.875, 1.2083333333333337, 1.882392833012753, 1.75, 1.938283891602168, 2.416666666666667, 2.75410047827679, 2.625, 2.7541004782767904, 3.109405534467606, 5.665536015951212, 3.5978388574871505, 3.5, 3.5978388574871505, 3.8765677832043357, 6.007248031555706], [6.132789830991366, 4.7987266829626565, 4.648775226993784, 4.576510072581994, 4.5, 4.576510072581994, 4.400126260814695, 3.515837184954831, 3.3259769103271957, 4.190828357963307, 0.8333333333333339, 0.0, 0.833333333333333, 3.680356158172322, 1.2083333333333337, 0.875, 1.208333333333333, 1.938283891602168, 1.75, 1.9382838916021676, 3.109405534467606, 2.7541004782767904, 2.625, 2.75410047827679, 4.995592162480368, 3.8765677832043357, 3.5978388574871505, 3.5, 3.5978388574871505, 6.031077035710744], [6.726812023536855, 5.1478150704935, 4.924428900898052, 4.7987266829626565, 4.576510072581994, 4.5, 4.949747468305833, 3.5355339059327378, 3.175175971232848, 3.657103280331843, 1.666666666666667, 0.833333333333333, 0.0, 2.8535081889909315, 1.882392833012753, 1.208333333333333, 0.875, 2.416666666666667, 1.9382838916021676, 1.75, 3.625, 3.109405534467606, 2.75410047827679, 2.625, 4.38206260207669, 4.301162633521313, 3.8765677832043357, 3.5978388574871505, 3.5, 6.168439056812832], [9.234289088196533, 7.238638746245249, 6.879175102110316, 6.649631617954981, 6.117695587331807, 5.65894750222163, 7.432405002030977, 5.127533445558792, 4.4512224822050355, 3.4771004630751214, 4.509592310425019, 3.680356158172322, 2.8535081889909315, 0.0, 4.516191475885424, 3.688439248735518, 2.863925911271799, 4.6890082200264755, 3.898127336584624, 3.129358443174848, 5.769675118429803, 5.010874247882454, 4.279890112239336, 3.593737178270749, 2.765061145652277, 6.159745417859708, 5.455471874064356, 4.79278332636264, 4.191450768779362, 7.027322081010896], [6.324692570482071, 5.439215885074286, 5.385325998592018, 5.375, 5.439215885074286, 5.62746859411741, 4.743599488901978, 4.527884286409174, 4.443586073495842, 5.399080734077516, 0.875, 1.2083333333333337, 1.882392833012753, 4.516191475885424, 0.0, 0.8333333333333339, 1.666666666666667, 0.875, 1.2083333333333337, 1.882392833012753, 1.9382838916021676, 1.75, 1.938283891602168, 2.416666666666667, 5.228102534447224, 2.75410047827679, 2.625, 2.7541004782767904, 3.109405534467606, 5.133096965539626], [6.800862894597355, 5.62746859411741, 5.500157826018369, 5.439215885074286, 5.375, 5.439215885074286, 5.123644807274516, 4.387680037458419, 4.168475541962809, 4.855156636124381, 1.2083333333333337, 0.875, 1.208333333333333, 3.688439248735518, 0.8333333333333339, 0.0, 0.833333333333333, 1.2083333333333337, 0.875, 1.208333333333333, 2.416666666666667, 1.938283891602168, 1.75, 1.9382838916021676, 4.493406148623607, 3.109405534467606, 2.7541004782767904, 2.625, 2.75410047827679, 5.16096364603353], [7.341023430013012, 5.927952850689688, 5.735034873477231, 5.62746859411741, 5.439215885074286, 5.375, 5.6027337077537425, 4.403478738452134, 4.049173790319076, 4.402715984299591, 1.882392833012753, 1.208333333333333, 0.875, 2.863925911271799, 1.666666666666667, 0.833333333333333, 0.0, 1.882392833012753, 1.208333333333333, 0.875, 3.0516389039334255, 2.416666666666667, 1.9382838916021676, 1.75, 3.7996355629418317, 3.625, 3.109405534467606, 2.75410047827679, 2.625, 5.320836019143626], [7.083333333333333, 6.305310812675648, 6.258882576875134, 6.25, 6.305310812675648, 6.468406123441676, 5.560900206900957, 5.378067600087517, 5.252691988730987, 6.057295304711518, 1.75, 1.938283891602168, 2.416666666666667, 4.6890082200264755, 0.875, 1.2083333333333337, 1.882392833012753, 0.0, 0.8333333333333339, 1.666666666666667, 1.208333333333333, 0.875, 1.2083333333333337, 1.882392833012753, 4.909079737929161, 1.9382838916021676, 1.75, 1.938283891602168, 2.416666666666667, 4.259294542836211], [7.511565157216644, 6.468406123441676, 6.357956520070825, 6.305310812675648, 6.25, 6.305310812675648, 5.888430275643171, 5.26057136736221, 5.022101580001605, 5.577929687320897, 1.938283891602168, 1.75, 1.9382838916021676, 3.898127336584624, 1.2083333333333337, 0.875, 1.208333333333333, 0.8333333333333339, 0.0, 0.833333333333333, 1.882392833012753, 1.2083333333333337, 0.875, 1.208333333333333, 4.117852180341299, 2.416666666666667, 1.938283891602168, 1.75, 1.9382838916021676, 4.292837208732928], [8.00390529679106, 6.73145600891813, 6.562202374203344, 6.468406123441676, 6.305310812675648, 6.25, 6.309714732061981, 5.273755777432247, 4.9235276296695485, 5.18889792478136, 2.416666666666667, 1.9382838916021676, 1.75, 3.129358443174848, 1.882392833012753, 1.208333333333333, 0.875, 1.666666666666667, 0.833333333333333, 0.0, 2.6487025125521364, 1.882392833012753, 1.208333333333333, 0.875, 3.347123865922121, 3.0516389039334255, 2.416666666666667, 1.9382838916021676, 1.75, 4.483770900438425], [7.550869155269478, 7.125, 7.142522313580827, 7.173567414086554, 7.317335770468496, 7.550869155269478, 6.206095793653205, 6.443261984429936, 6.381653140206239, 7.261490600733892, 2.75410047827679, 3.109405534467606, 3.625, 5.769675118429803, 1.9382838916021676, 2.416666666666667, 3.0516389039334255, 1.208333333333333, 1.882392833012753, 2.6487025125521364, 0.0, 0.833333333333333, 1.666666666666667, 2.5, 5.561255956984332, 0.875, 1.208333333333333, 1.882392833012753, 2.6487025125521364, 3.54510551866624], [7.866176714968404, 7.173567414086554, 7.1327930091312135, 7.125, 7.173567414086554, 7.317335770468496, 6.393491699463691, 6.235121178542652, 6.080077225199626, 6.764822986883942, 2.625, 2.7541004782767904, 3.109405534467606, 5.010874247882454, 1.75, 1.938283891602168, 2.416666666666667, 0.875, 1.2083333333333337, 1.882392833012753, 0.833333333333333, 0.0, 0.8333333333333339, 1.666666666666667, 4.732475212402046, 1.208333333333333, 0.875, 1.2083333333333337, 1.882392833012753, 3.386110681539594], [8.253892179518164, 7.317335770468496, 7.219884771318107, 7.173567414086554, 7.125, 7.173567414086554, 6.680324551330655, 6.134063588773034, 5.882012429072819, 6.339187900045951, 2.7541004782767904, 2.625, 2.75410047827679, 4.279890112239336, 1.938283891602168, 1.75, 1.9382838916021676, 1.2083333333333337, 0.875, 1.208333333333333, 1.666666666666667, 0.8333333333333339, 0.0, 0.833333333333333, 3.905632386924651, 1.882392833012753, 1.2083333333333337, 0.875, 1.208333333333333, 3.4282075266360597], [8.704345179276842, 7.550869155269478, 7.400380057807842, 7.317335770468496, 7.173567414086554, 7.125, 7.054475529761231, 6.145374276640927, 5.798076427232736, 5.99972210266388, 3.109405534467606, 2.75410047827679, 2.625, 3.593737178270749, 2.416666666666667, 1.9382838916021676, 1.75, 1.882392833012753, 1.208333333333333, 0.875, 2.5, 1.666666666666667, 0.833333333333333, 0.0, 3.0822874519548953, 2.6487025125521364, 1.882392833012753, 1.208333333333333, 0.875, 3.6644722720496343], [11.101850138221698, 9.45113774150594, 9.167256417947247, 8.988479205395322, 8.581981189190468, 8.239959509991715, 9.331336572729958, 7.540646920154101, 6.948642766823575, 6.228173886154963, 5.665536015951212, 4.995592162480368, 4.38206260207669, 2.765061145652277, 5.228102534447224, 4.493406148623607, 3.7996355629418317, 4.909079737929161, 4.117852180341299, 3.347123865922121, 5.561255956984332, 4.732475212402046, 3.905632386924651, 3.0822874519548953, 0.0, 5.545816042905397, 4.714321732619969, 3.8836158543872368, 3.0543417783757856, 5.28632727472746], [8.381527307120106, 8.0, 8.0156097709407, 8.043285674675769, 8.171767114754175, 8.381527307120106, 7.0710678118654755, 7.280109889280518, 7.185632382596304, 7.9581718616740025, 3.5978388574871505, 3.8765677832043357, 4.301162633521313, 6.159745417859708, 2.75410047827679, 3.109405534467606, 3.625, 1.9382838916021676, 2.416666666666667, 3.0516389039334255, 0.875, 1.208333333333333, 1.882392833012753, 2.6487025125521364, 5.545816042905397, 0.0, 0.833333333333333, 1.666666666666667, 2.5, 2.7245510976085656], [8.666666666666666, 8.043285674675769, 8.006941432976209, 8.0, 8.043285674675769, 8.171767114754175, 7.236097782030803, 7.096556285347924, 6.919187452317193, 7.507734923348491, 3.5, 3.5978388574871505, 3.8765677832043357, 5.455471874064356, 2.625, 2.7541004782767904, 3.109405534467606, 1.75, 1.938283891602168, 2.416666666666667, 1.208333333333333, 0.875, 1.2083333333333337, 1.882392833012753, 4.714321732619969, 0.833333333333333, 0.0, 0.8333333333333339, 1.666666666666667, 2.5141899476051415], [9.020039418489873, 8.171767114754175, 8.08462189042327, 8.043285674675769, 8.0, 8.043285674675769, 7.490735018081411, 7.007932013876213, 6.745805078097025, 7.126609072166241, 3.5978388574871505, 3.5, 3.5978388574871505, 4.79278332636264, 2.7541004782767904, 2.625, 2.75410047827679, 1.938283891602168, 1.75, 1.9382838916021676, 1.882392833012753, 1.2083333333333337, 0.875, 1.208333333333333, 3.8836158543872368, 1.666666666666667, 0.8333333333333339, 0.0, 0.833333333333333, 2.57060545216226], [9.433981132056603, 8.381527307120106, 8.246211251235321, 8.171767114754175, 8.043285674675769, 8.0, 7.826237921249264, 7.0178344238090995, 6.672743528110789, 6.826413329456888, 3.8765677832043357, 3.5978388574871505, 3.5, 4.191450768779362, 3.109405534467606, 2.75410047827679, 2.625, 2.416666666666667, 1.9382838916021676, 1.75, 2.6487025125521364, 1.882392833012753, 1.208333333333333, 0.875, 3.0543417783757856, 2.5, 1.666666666666667, 0.833333333333333, 0.0, 2.8781526327877085], [11.094993778696637, 10.55743675536159, 10.518155143478745, 10.505115099446487, 10.518759648868594, 10.5981156220152, 9.72680321409893, 9.546905333079227, 9.310219042439702, 9.662227736378867, 6.007248031555706, 6.031077035710744, 6.168439056812832, 7.027322081010896, 5.133096965539626, 5.16096364603353, 5.320836019143626, 4.259294542836211, 4.292837208732928, 4.483770900438425, 3.54510551866624, 3.386110681539594, 3.4282075266360597, 3.6644722720496343, 5.28632727472746, 2.7245510976085656, 2.5141899476051415, 2.57060545216226, 2.8781526327877085, 0.0]];