totalHoles = 30;
zeroHoleID = 14;
C = [[0.0, 0.5, 1.0, 1.5, 5.28843957277391, 4.5, 4.527692569068709, 4.6097722286464435, 4.743416490252569, 5.830951894845301, 5.449260908090605, 5.174724898753341, 5.024937810560445, 5.0, 6.559556218051475, 6.2227182341981555, 5.983774357005413, 5.854722690083431, 6.423974461507975, 7.31057073315377, 7.009913614937697, 6.79869268479038, 6.685390373377193, 7.186179375133279, 7.4945823763976955, 8.077747210701755, 7.806692285753579, 7.617596588017626, 7.516648189186454, 12.01860845899974], [0.5, 0.0, 0.5, 1.0, 4.859882446644456, 4.527692569068709, 4.5, 4.527692569068709, 4.6097722286464435, 6.103277807866851, 5.666666666666667, 5.325515102890153, 5.0990195135927845, 5.024937810560445, 6.80277721065285, 6.413960468297952, 6.114645442614713, 5.918426968188234, 6.5508505182557295, 7.529571332051012, 7.180219742846005, 6.91415617089718, 6.741249472052228, 7.150407481798036, 7.411966862939273, 8.276472678623424, 7.959969290839703, 7.720823214600313, 7.566372975210778, 12.023302175981902], [1.0, 0.5, 0.0, 0.5, 4.446270535575262, 4.6097722286464435, 4.527692569068709, 4.5, 4.527692569068709, 6.4031242374328485, 5.918426968188235, 5.517648452415616, 5.220153254455275, 5.0990195135927845, 7.073031724640981, 6.637435917246625, 6.2826922749902545, 6.023103666530884, 6.712662448161388, 7.774602526460401, 7.3805299418281765, 7.06320670013903, 6.833333333333334, 7.1495090950299325, 7.36245479157657, 8.5, 8.14111649454654, 7.8545811119654525, 7.648529270389178, 12.04876097942034], [1.5, 1.0, 0.5, 0.0, 4.052182863080902, 4.743416490252569, 4.6097722286464435, 4.527692569068709, 4.5, 6.726812023536855, 6.200358412579424, 5.74697988318889, 5.385164807134504, 5.220153254455275, 7.367345368433448, 6.890008869531462, 6.485025486114573, 6.166666666666666, 6.906955318617655, 8.04328567467577, 7.608474807008885, 7.243771270700244, 6.960204339273701, 7.18349729895391, 7.346715479634945, 8.74642784226795, 8.348319857578796, 8.017342313870461, 7.762087348130012, 12.094853742953376], [5.28843957277391, 4.859882446644456, 4.446270535575262, 4.052182863080902, 0.0, 4.972087727555107, 4.513592876060702, 4.064896669184559, 3.629634859248178, 7.9659155814199485, 7.175306912968247, 6.3955559906203305, 5.63117505072593, 5.182759567280735, 8.25424069378765, 7.494111533461511, 6.751282456676696, 6.032148110962554, 7.02408613783914, 8.613829386546954, 7.888426645759004, 7.186472158116968, 6.515548948641928, 5.9399130827504765, 5.670060042272488, 9.036178000625517, 8.347558391767581, 7.687641916598292, 7.064476927600347, 10.41172686153288], [4.5, 4.527692569068709, 4.6097722286464435, 4.743416490252569, 4.972087727555107, 0.0, 0.5, 1.0, 1.5, 3.0413812651491097, 2.223610677354389, 1.4240006242195882, 0.7071067811865476, 0.5, 3.2829526005987013, 2.5440562537456244, 1.8856180831641263, 1.4240006242195882, 2.254711566256298, 3.70060055186242, 3.064129385141706, 2.544056253745625, 2.2236106773543893, 2.7533617904862515, 3.209133066403984, 4.242640687119285, 3.7006005518624194, 3.2829526005987013, 3.0413812651491097, 7.519076850397699], [4.527692569068709, 4.5, 4.527692569068709, 4.6097722286464435, 4.513592876060702, 0.5, 0.0, 0.5, 1.0, 3.5355339059327378, 2.7131367660166177, 1.9002923751652296, 1.118033988749895, 0.7071067811865476, 3.745367509040705, 2.981423969999719, 2.2669117514559067, 1.6666666666666663, 2.5942087189419842, 4.116363011742823, 3.435921354681384, 2.8382310609877335, 2.386303510546059, 2.658600062715724, 3.011149750275858, 4.6097722286464435, 4.013864859597431, 3.515837184954831, 3.1622776601683795, 7.526577084333731], [4.6097722286464435, 4.527692569068709, 4.5, 4.527692569068709, 4.064896669184559, 1.0, 0.5, 0.0, 0.5, 4.031128874149275, 3.2058973436118907, 2.3863035105460586, 1.5811388300841898, 1.118033988749895, 4.216370213557839, 3.4359213546813834, 2.6874192494328493, 2.0069324297987157, 2.979280703099205, 4.549114687985393, 3.8369548110737792, 3.1841621957571333, 2.63523138347365, 2.656182869765267, 2.887128434844091, 5.0, 4.362084109434134, 3.8005847503304597, 3.3541019662496847, 7.567179694618643], [4.743416490252569, 4.6097722286464435, 4.527692569068709, 4.5, 3.629634859248178, 1.5, 1.0, 0.5, 0.0, 4.527692569068709, 3.7006005518624194, 2.877112750272011, 2.0615528128088303, 1.5811388300841898, 4.693375946776241, 3.901566636906541, 3.1313823713426556, 2.403700850309326, 3.3944525535473273, 4.994441354590566, 4.258977446393546, 3.5668224265054493, 2.948634335492356, 2.7463540525206955, 2.846752251247765, 5.408326913195984, 4.737556801183965, 4.126472801046649, 3.605551275463989, 7.640356958603424], [5.830951894845301, 6.103277807866851, 6.4031242374328485, 6.726812023536855, 7.9659155814199485, 3.0413812651491097, 3.5355339059327378, 4.031128874149275, 4.527692569068709, 0.0, 0.8333333333333335, 1.666666666666667, 2.5, 3.0, 0.833333333333333, 1.178511301977579, 1.8633899812498247, 2.6352313834736494, 2.046006531570433, 1.666666666666667, 1.863389981249825, 2.357022603955159, 3.0046260628866577, 4.33157102237278, 5.058746498497223, 2.5, 2.6352313834736494, 3.0046260628866577, 3.5355339059327378, 7.687107082082659], [5.449260908090605, 5.666666666666667, 5.918426968188235, 6.200358412579424, 7.175306912968247, 2.223610677354389, 2.7131367660166177, 3.2058973436118907, 3.7006005518624194, 0.8333333333333335, 0.0, 0.8333333333333335, 1.6666666666666665, 2.1666666666666665, 1.178511301977579, 0.833333333333333, 1.178511301977579, 1.8633899812498245, 1.4857921195043131, 1.863389981249825, 1.666666666666667, 1.863389981249825, 2.3570226039551585, 3.6311899619694943, 4.337761352164722, 2.6352313834736494, 2.5, 2.6352313834736494, 3.0046260628866577, 7.386302837656215], [5.174724898753341, 5.325515102890153, 5.517648452415616, 5.74697988318889, 6.3955559906203305, 1.4240006242195882, 1.9002923751652296, 2.3863035105460586, 2.877112750272011, 1.666666666666667, 0.8333333333333335, 0.0, 0.833333333333333, 1.333333333333333, 1.8633899812498247, 1.178511301977579, 0.833333333333333, 1.1785113019775788, 1.2719680052667415, 2.357022603955159, 1.863389981249825, 1.666666666666667, 1.8633899812498247, 2.9995770446590204, 3.664740079391551, 3.0046260628866577, 2.6352313834736494, 2.5, 2.6352313834736494, 7.170231015568468], [5.024937810560445, 5.0990195135927845, 5.220153254455275, 5.385164807134504, 5.63117505072593, 0.7071067811865476, 1.118033988749895, 1.5811388300841898, 2.0615528128088303, 2.5, 1.6666666666666665, 0.833333333333333, 0.0, 0.5, 2.6352313834736494, 1.8633899812498245, 1.1785113019775788, 0.833333333333333, 1.5547076507666244, 3.0046260628866577, 2.3570226039551585, 1.8633899812498247, 1.666666666666667, 2.489633154236094, 3.071376733576095, 3.5355339059327378, 3.0046260628866577, 2.6352313834736494, 2.5, 7.046690351687143], [5.0, 5.024937810560445, 5.0990195135927845, 5.220153254455275, 5.182759567280735, 0.5, 0.7071067811865476, 1.118033988749895, 1.5811388300841898, 3.0, 2.1666666666666665, 1.333333333333333, 0.5, 0.0, 3.1135902820449006, 2.321398046197353, 1.5723301886761003, 0.9718253158075498, 1.887673305891927, 3.4318767136623336, 2.733536577809454, 2.1343747458109497, 1.7400510848184252, 2.2771531320563314, 2.7752194183976684, 3.905124837953327, 3.3082388735465345, 2.833333333333333, 2.5495097567963922, 7.019165964471259], [6.559556218051475, 6.80277721065285, 7.073031724640981, 7.367345368433448, 8.25424069378765, 3.2829526005987013, 3.745367509040705, 4.216370213557839, 4.693375946776241, 0.833333333333333, 1.178511301977579, 1.8633899812498247, 2.6352313834736494, 3.1135902820449006, 0.0, 0.8333333333333335, 1.666666666666667, 2.5, 1.6622968877284523, 0.8333333333333339, 1.1785113019775797, 1.8633899812498254, 2.63523138347365, 3.9850964892765806, 4.730138146443766, 1.666666666666667, 1.863389981249825, 2.357022603955159, 3.0046260628866577, 6.934672546476757], [6.2227182341981555, 6.413960468297952, 6.637435917246625, 6.890008869531462, 7.494111533461511, 2.5440562537456244, 2.981423969999719, 3.4359213546813834, 3.901566636906541, 1.178511301977579, 0.833333333333333, 1.178511301977579, 1.8633899812498245, 2.321398046197353, 0.8333333333333335, 0.0, 0.8333333333333335, 1.6666666666666665, 0.8858139974644473, 1.1785113019775797, 0.8333333333333339, 1.1785113019775797, 1.863389981249825, 3.2099886365675765, 3.949615715068803, 1.863389981249825, 1.666666666666667, 1.863389981249825, 2.3570226039551585, 6.5996619341464235], [5.983774357005413, 6.114645442614713, 6.2826922749902545, 6.485025486114573, 6.751282456676696, 1.8856180831641263, 2.2669117514559067, 2.6874192494328493, 3.1313823713426556, 1.8633899812498247, 1.178511301977579, 0.833333333333333, 1.1785113019775788, 1.5723301886761003, 1.666666666666667, 0.8333333333333335, 0.0, 0.833333333333333, 0.441577651319763, 1.8633899812498254, 1.1785113019775797, 0.8333333333333339, 1.1785113019775795, 2.4730444706535897, 3.195873995933402, 2.357022603955159, 1.863389981249825, 1.666666666666667, 1.8633899812498247, 6.356908120468085], [5.854722690083431, 5.918426968188234, 6.023103666530884, 6.166666666666666, 6.032148110962554, 1.4240006242195882, 1.6666666666666663, 2.0069324297987157, 2.403700850309326, 2.6352313834736494, 1.8633899812498245, 1.1785113019775788, 0.833333333333333, 0.9718253158075498, 2.5, 1.6666666666666665, 0.833333333333333, 0.0, 0.9970978362603646, 2.63523138347365, 1.863389981249825, 1.1785113019775795, 0.8333333333333339, 1.8211973395699086, 2.4933202337319416, 3.0046260628866577, 2.3570226039551585, 1.8633899812498247, 1.666666666666667, 6.217227110860093], [6.423974461507975, 6.5508505182557295, 6.712662448161388, 6.906955318617655, 7.02408613783914, 2.254711566256298, 2.5942087189419842, 2.979280703099205, 3.3944525535473273, 2.046006531570433, 1.4857921195043131, 1.2719680052667415, 1.5547076507666244, 1.887673305891927, 1.6622968877284523, 0.8858139974644473, 0.441577651319763, 0.9970978362603646, 0.0, 1.6520314910931366, 0.8663968736760638, 0.40120808411196235, 0.9798883608283212, 2.3296709981251746, 3.0723886603646102, 2.020909211484775, 1.4510374000060298, 1.2311920728535388, 1.5215279140349072, 5.94843712212134], [7.31057073315377, 7.529571332051012, 7.774602526460401, 8.04328567467577, 8.613829386546954, 3.70060055186242, 4.116363011742823, 4.549114687985393, 4.994441354590566, 1.666666666666667, 1.863389981249825, 2.357022603955159, 3.0046260628866577, 3.4318767136623336, 0.8333333333333339, 1.1785113019775797, 1.8633899812498254, 2.63523138347365, 1.6520314910931366, 0.0, 0.8333333333333335, 1.666666666666667, 2.5, 3.793200419793076, 4.532812208962102, 0.833333333333333, 1.178511301977579, 1.8633899812498247, 2.6352313834736494, 6.202954155174805], [7.009913614937697, 7.180219742846005, 7.3805299418281765, 7.608474807008885, 7.888426645759004, 3.064129385141706, 3.435921354681384, 3.8369548110737792, 4.258977446393546, 1.863389981249825, 1.666666666666667, 1.863389981249825, 2.3570226039551585, 2.733536577809454, 1.1785113019775797, 0.8333333333333339, 1.1785113019775797, 1.863389981249825, 0.8663968736760638, 0.8333333333333335, 0.0, 0.8333333333333335, 1.6666666666666665, 2.9684006540167056, 3.7110165634219254, 1.178511301977579, 0.833333333333333, 1.178511301977579, 1.8633899812498245, 5.826018758068262], [6.79869268479038, 6.91415617089718, 7.06320670013903, 7.243771270700244, 7.186472158116968, 2.544056253745625, 2.8382310609877335, 3.1841621957571333, 3.5668224265054493, 2.357022603955159, 1.863389981249825, 1.666666666666667, 1.8633899812498247, 2.1343747458109497, 1.8633899812498254, 1.1785113019775797, 0.8333333333333339, 1.1785113019775795, 0.40120808411196235, 1.666666666666667, 0.8333333333333335, 0.0, 0.833333333333333, 2.150191700687204, 2.8958228943008164, 1.8633899812498247, 1.178511301977579, 0.833333333333333, 1.1785113019775788, 5.549525905554007], [6.685390373377193, 6.741249472052228, 6.833333333333334, 6.960204339273701, 6.515548948641928, 2.2236106773543893, 2.386303510546059, 2.63523138347365, 2.948634335492356, 3.0046260628866577, 2.3570226039551585, 1.8633899812498247, 1.666666666666667, 1.7400510848184252, 2.63523138347365, 1.863389981249825, 1.1785113019775795, 0.8333333333333339, 0.9798883608283212, 2.5, 1.6666666666666665, 0.833333333333333, 0.0, 1.3506054736785094, 2.094952368243853, 2.6352313834736494, 1.8633899812498245, 1.1785113019775788, 0.833333333333333, 5.388958143496355], [7.186179375133279, 7.150407481798036, 7.1495090950299325, 7.18349729895391, 5.9399130827504765, 2.7533617904862515, 2.658600062715724, 2.656182869765267, 2.7463540525206955, 4.33157102237278, 3.6311899619694943, 2.9995770446590204, 2.489633154236094, 2.2771531320563314, 3.9850964892765806, 3.2099886365675765, 2.4730444706535897, 1.8211973395699086, 2.3296709981251746, 3.793200419793076, 2.9684006540167056, 2.150191700687204, 1.3506054736785094, 0.0, 0.7462761790464799, 3.7795017805897504, 2.9508755865894334, 2.125932415310247, 1.3116399773920735, 4.912262418686196], [7.4945823763976955, 7.411966862939273, 7.36245479157657, 7.346715479634945, 5.670060042272488, 3.209133066403984, 3.011149750275858, 2.887128434844091, 2.846752251247765, 5.058746498497223, 4.337761352164722, 3.664740079391551, 3.071376733576095, 2.7752194183976684, 4.730138146443766, 3.949615715068803, 3.195873995933402, 2.4933202337319416, 3.0723886603646102, 4.532812208962102, 3.7110165634219254, 2.8958228943008164, 2.094952368243853, 0.7462761790464799, 0.0, 4.484133700936916, 3.6513986991499836, 2.819017339662719, 1.9874340118285296, 4.860739469099438], [8.077747210701755, 8.276472678623424, 8.5, 8.74642784226795, 9.036178000625517, 4.242640687119285, 4.6097722286464435, 5.0, 5.408326913195984, 2.5, 2.6352313834736494, 3.0046260628866577, 3.5355339059327378, 3.905124837953327, 1.666666666666667, 1.863389981249825, 2.357022603955159, 3.0046260628866577, 2.020909211484775, 0.833333333333333, 1.178511301977579, 1.8633899812498247, 2.6352313834736494, 3.7795017805897504, 4.484133700936916, 0.0, 0.8333333333333335, 1.666666666666667, 2.5, 5.50022600121406], [7.806692285753579, 7.959969290839703, 8.14111649454654, 8.348319857578796, 8.347558391767581, 3.7006005518624194, 4.013864859597431, 4.362084109434134, 4.737556801183965, 2.6352313834736494, 2.5, 2.6352313834736494, 3.0046260628866577, 3.3082388735465345, 1.863389981249825, 1.666666666666667, 1.863389981249825, 2.3570226039551585, 1.4510374000060298, 1.178511301977579, 0.833333333333333, 1.178511301977579, 1.8633899812498245, 2.9508755865894334, 3.6513986991499836, 0.8333333333333335, 0.0, 0.8333333333333335, 1.6666666666666665, 5.071325308299014], [7.617596588017626, 7.720823214600313, 7.8545811119654525, 8.017342313870461, 7.687641916598292, 3.2829526005987013, 3.515837184954831, 3.8005847503304597, 4.126472801046649, 3.0046260628866577, 2.6352313834736494, 2.5, 2.6352313834736494, 2.833333333333333, 2.357022603955159, 1.863389981249825, 1.666666666666667, 1.8633899812498247, 1.2311920728535388, 1.8633899812498247, 1.178511301977579, 0.833333333333333, 1.1785113019775788, 2.125932415310247, 2.819017339662719, 1.666666666666667, 0.8333333333333335, 0.0, 0.833333333333333, 4.7511139314529025], [7.516648189186454, 7.566372975210778, 7.648529270389178, 7.762087348130012, 7.064476927600347, 3.0413812651491097, 3.1622776601683795, 3.3541019662496847, 3.605551275463989, 3.5355339059327378, 3.0046260628866577, 2.6352313834736494, 2.5, 2.5495097567963922, 3.0046260628866577, 2.3570226039551585, 1.8633899812498247, 1.666666666666667, 1.5215279140349072, 2.6352313834736494, 1.8633899812498245, 1.1785113019775788, 0.833333333333333, 1.3116399773920735, 1.9874340118285296, 2.5, 1.6666666666666665, 0.833333333333333, 0.0, 4.562533910623187], [12.01860845899974, 12.023302175981902, 12.04876097942034, 12.094853742953376, 10.41172686153288, 7.519076850397699, 7.526577084333731, 7.567179694618643, 7.640356958603424, 7.687107082082659, 7.386302837656215, 7.170231015568468, 7.046690351687143, 7.019165964471259, 6.934672546476757, 6.5996619341464235, 6.356908120468085, 6.217227110860093, 5.94843712212134, 6.202954155174805, 5.826018758068262, 5.549525905554007, 5.388958143496355, 4.912262418686196, 4.860739469099438, 5.50022600121406, 5.071325308299014, 4.7511139314529025, 4.562533910623187, 0.0]];