totalHoles = 30;
zeroHoleID = 5;
C = [[0.0, 3.0, 1.8095460711504057, 1.8027756377319946, 4.6097722286464435, 1.5, 3.3541019662496847, 2.9154759474226504, 5.1478150704935, 3.0, 4.242640687119285, 4.272001872658765, 6.020797289396148, 4.5, 5.408326913195984, 5.70087712549569, 7.106335201775948, 6.0, 6.708203932499369, 7.158910531638177, 8.32165848854662, 7.5, 8.077747210701755, 9.030872749205146, 8.0, 8.631338250816034, 9.617692030835672, 10.878295562512287, 12.01385116807505, 15.239482058132952], [3.0, 0.0, 1.4263466797357152, 1.8027756377319946, 1.8027756377319946, 3.3541019662496847, 1.5, 2.9154759474226504, 2.9154759474226504, 4.242640687119285, 3.0, 4.272001872658765, 4.272001872658765, 5.408326913195984, 4.5, 5.70087712549569, 5.70087712549569, 6.708203932499369, 6.0, 7.158910531638177, 7.158910531638177, 8.077747210701755, 7.5, 8.056462945012512, 8.54400374531753, 8.631338250816034, 8.631338250816034, 10.979884385029619, 11.624774925650426, 14.105150225807135], [1.8095460711504057, 1.4263466797357152, 0.0, 0.4489400938052583, 2.8216227733350725, 1.9287525552926572, 1.5748315105830162, 1.9097582684093712, 3.3774523698988252, 2.9437587970959918, 2.725018114188834, 3.4048210055287846, 4.399183327262832, 4.255742625137489, 4.107475277903612, 4.902900724634564, 5.639010851452528, 5.66188791193752, 5.551304584917085, 6.401879798274426, 6.981695554715304, 7.106518427702576, 7.018732936253774, 7.789094671941988, 7.592835261520363, 7.901246381899902, 8.377929473006056, 10.234263391127065, 11.10276266931793, 13.971625311251717], [1.8027756377319946, 1.8027756377319946, 0.4489400938052583, 0.0, 3.0, 1.5811388300841898, 1.5811388300841898, 1.5, 3.3541019662496847, 2.5, 2.5, 3.0, 4.242640687119285, 3.8078865529319543, 3.8078865529319543, 4.5, 5.408326913195984, 5.220153254455275, 5.220153254455275, 6.0, 6.708203932499369, 6.670832032063167, 6.670832032063167, 7.4881082456879, 7.158910531638177, 7.5, 8.077747210701755, 9.826427451147646, 10.734735631547018, 13.686664208041265], [4.6097722286464435, 1.8027756377319946, 2.8216227733350725, 3.0, 0.0, 4.527692569068709, 1.5811388300841898, 3.3541019662496847, 1.5, 4.924428900898052, 2.5, 4.242640687119285, 3.0, 5.70087712549569, 3.8078865529319543, 5.408326913195984, 4.5, 6.726812023536855, 5.220153254455275, 6.708203932499369, 6.0, 7.905694150420948, 6.670832032063167, 6.958570088111687, 8.32165848854662, 8.077747210701755, 7.5, 10.381677283363743, 10.725545266445792, 12.768642317651032], [1.5, 3.3541019662496847, 1.9287525552926572, 1.5811388300841898, 4.527692569068709, 0.0, 3.0, 1.8027756377319946, 4.6097722286464435, 1.5, 3.3541019662496847, 2.9154759474226504, 5.1478150704935, 3.0, 4.242640687119285, 4.272001872658765, 6.020797289396148, 4.5, 5.408326913195984, 5.70087712549569, 7.106335201775948, 6.0, 6.708203932499369, 7.74221330844888, 6.5, 7.158910531638177, 8.32165848854662, 9.387701925065725, 10.569221094146396, 13.926814851074722], [3.3541019662496847, 1.5, 1.5748315105830162, 1.5811388300841898, 1.5811388300841898, 3.0, 0.0, 1.8027756377319946, 1.8027756377319946, 3.3541019662496847, 1.5, 2.9154759474226504, 2.9154759474226504, 4.242640687119285, 3.0, 4.272001872658765, 4.272001872658765, 5.408326913195984, 4.5, 5.70087712549569, 5.70087712549569, 6.708203932499369, 6.0, 6.579650407547997, 7.158910531638177, 7.158910531638177, 7.158910531638177, 9.505235094258609, 10.124781810998286, 12.675552113756085], [2.9154759474226504, 2.9154759474226504, 1.9097582684093712, 1.5, 3.3541019662496847, 1.8027756377319946, 1.8027756377319946, 0.0, 3.0, 1.5811388300841898, 1.5811388300841898, 1.5, 3.3541019662496847, 2.5, 2.5, 3.0, 4.242640687119285, 3.8078865529319543, 3.8078865529319543, 4.5, 5.408326913195984, 5.220153254455275, 5.220153254455275, 6.12020991472727, 5.70087712549569, 6.0, 6.708203932499369, 8.327683323780763, 9.252586866790065, 12.330415063558775], [5.1478150704935, 2.9154759474226504, 3.3774523698988252, 3.3541019662496847, 1.5, 4.6097722286464435, 1.8027756377319946, 3.0, 0.0, 4.527692569068709, 1.5811388300841898, 3.3541019662496847, 1.5, 4.924428900898052, 2.5, 4.242640687119285, 3.0, 5.70087712549569, 3.8078865529319543, 5.408326913195984, 4.5, 6.726812023536855, 5.220153254455275, 5.459569760736604, 7.106335201775948, 6.708203932499369, 6.0, 8.976127021406224, 9.241922738849778, 11.302768914388546], [3.0, 4.242640687119285, 2.9437587970959918, 2.5, 4.924428900898052, 1.5, 3.3541019662496847, 1.5811388300841898, 4.527692569068709, 0.0, 3.0, 1.8027756377319946, 4.6097722286464435, 1.5, 3.3541019662496847, 2.9154759474226504, 5.1478150704935, 3.0, 4.242640687119285, 4.272001872658765, 6.020797289396148, 4.5, 5.408326913195984, 6.544239544416893, 5.0, 5.70087712549569, 7.106335201775948, 7.900669624936288, 9.142442189329937, 12.655849651132662], [4.242640687119285, 3.0, 2.725018114188834, 2.5, 2.5, 3.3541019662496847, 1.5, 1.5811388300841898, 1.5811388300841898, 3.0, 0.0, 1.8027756377319946, 1.8027756377319946, 3.3541019662496847, 1.5, 2.9154759474226504, 2.9154759474226504, 4.242640687119285, 3.0, 4.272001872658765, 4.272001872658765, 5.408326913195984, 4.5, 5.116346722685375, 5.830951894845301, 5.70087712549569, 5.70087712549569, 8.039970602286656, 8.624791091302592, 11.264278933181016], [4.272001872658765, 4.272001872658765, 3.4048210055287846, 3.0, 4.242640687119285, 2.9154759474226504, 2.9154759474226504, 1.5, 3.3541019662496847, 1.8027756377319946, 1.8027756377319946, 0.0, 3.0, 1.5811388300841898, 1.5811388300841898, 1.5, 3.3541019662496847, 2.5, 2.5, 3.0, 4.242640687119285, 3.8078865529319543, 3.8078865529319543, 4.83137389378144, 4.272001872658765, 4.5, 5.408326913195984, 6.829490656680366, 7.777286054645724, 11.011516432153947], [6.020797289396148, 4.272001872658765, 4.399183327262832, 4.242640687119285, 3.0, 5.1478150704935, 2.9154759474226504, 3.3541019662496847, 1.5, 4.6097722286464435, 1.8027756377319946, 3.0, 0.0, 4.527692569068709, 1.5811388300841898, 3.3541019662496847, 1.5, 4.924428900898052, 2.5, 4.242640687119285, 3.0, 5.70087712549569, 3.8078865529319543, 3.961326327574691, 6.020797289396148, 5.408326913195984, 4.5, 7.606739734796188, 7.76459596882925, 9.84717947577007], [4.5, 5.408326913195984, 4.255742625137489, 3.8078865529319543, 5.70087712549569, 3.0, 4.242640687119285, 2.5, 4.924428900898052, 1.5, 3.3541019662496847, 1.5811388300841898, 4.527692569068709, 0.0, 3.0, 1.8027756377319946, 4.6097722286464435, 1.5, 3.3541019662496847, 2.9154759474226504, 5.1478150704935, 3.0, 4.242640687119285, 5.4965694315542555, 3.5, 4.272001872658765, 6.020797289396148, 6.419673948955594, 7.743388394852142, 11.440493384816673], [5.408326913195984, 4.5, 4.107475277903612, 3.8078865529319543, 3.8078865529319543, 4.242640687119285, 3.0, 2.5, 2.5, 3.3541019662496847, 1.5, 1.5811388300841898, 1.5811388300841898, 3.0, 0.0, 1.8027756377319946, 1.8027756377319946, 3.3541019662496847, 1.5, 2.9154759474226504, 2.9154759474226504, 4.242640687119285, 3.0, 3.682690332884402, 4.6097722286464435, 4.272001872658765, 4.272001872658765, 6.590353584910438, 7.1248042791997745, 9.879187131564263], [5.70087712549569, 5.70087712549569, 4.902900724634564, 4.5, 5.408326913195984, 4.272001872658765, 4.272001872658765, 3.0, 4.242640687119285, 2.9154759474226504, 2.9154759474226504, 1.5, 3.3541019662496847, 1.8027756377319946, 1.8027756377319946, 0.0, 3.0, 1.5811388300841898, 1.5811388300841898, 1.5, 3.3541019662496847, 2.5, 2.5, 3.7050476383846513, 2.9154759474226504, 3.0, 4.242640687119285, 5.3323142928931535, 6.313635483940904, 9.745145080067084], [7.106335201775948, 5.70087712549569, 5.639010851452528, 5.408326913195984, 4.5, 6.020797289396148, 4.272001872658765, 4.242640687119285, 3.0, 5.1478150704935, 2.9154759474226504, 3.3541019662496847, 1.5, 4.6097722286464435, 1.8027756377319946, 3.0, 0.0, 4.527692569068709, 1.5811388300841898, 3.3541019662496847, 1.5, 4.924428900898052, 2.5, 2.4652201878784052, 5.1478150704935, 4.242640687119285, 3.0, 6.2971519341235025, 6.297996920247761, 8.407217263993276], [6.0, 6.708203932499369, 5.66188791193752, 5.220153254455275, 6.726812023536855, 4.5, 5.408326913195984, 3.8078865529319543, 5.70087712549569, 3.0, 4.242640687119285, 2.5, 4.924428900898052, 1.5, 3.3541019662496847, 1.5811388300841898, 4.527692569068709, 0.0, 3.0, 1.8027756377319946, 4.6097722286464435, 1.5, 3.3541019662496847, 4.700795657873624, 2.0, 2.9154759474226504, 5.1478150704935, 4.950136028374099, 6.390295649015128, 10.300448892353835], [6.708203932499369, 6.0, 5.551304584917085, 5.220153254455275, 5.220153254455275, 5.408326913195984, 4.5, 3.8078865529319543, 3.8078865529319543, 4.242640687119285, 3.0, 2.5, 2.5, 3.3541019662496847, 1.5, 1.5811388300841898, 1.5811388300841898, 3.0, 0.0, 1.8027756377319946, 1.8027756377319946, 3.3541019662496847, 1.5, 2.333969234824461, 3.605551275463989, 2.9154759474226504, 2.9154759474226504, 5.169564146294159, 5.62482450083505, 8.533035619076264], [7.158910531638177, 7.158910531638177, 6.401879798274426, 6.0, 6.708203932499369, 5.70087712549569, 5.70087712549569, 4.5, 5.408326913195984, 4.272001872658765, 4.272001872658765, 3.0, 4.242640687119285, 2.9154759474226504, 2.9154759474226504, 1.5, 3.3541019662496847, 1.8027756377319946, 1.8027756377319946, 0.0, 3.0, 1.5811388300841898, 1.5811388300841898, 2.934720140641444, 1.8027756377319946, 1.5, 3.3541019662496847, 3.837343978157393, 4.872146105400426, 8.554660199418501], [8.32165848854662, 7.158910531638177, 6.981695554715304, 6.708203932499369, 6.0, 7.106335201775948, 5.70087712549569, 5.408326913195984, 4.5, 6.020797289396148, 4.272001872658765, 4.242640687119285, 3.0, 5.1478150704935, 2.9154759474226504, 3.3541019662496847, 1.5, 4.6097722286464435, 1.8027756377319946, 3.0, 0.0, 4.527692569068709, 1.5811388300841898, 0.9810784249539348, 4.6097722286464435, 3.3541019662496847, 1.5, 5.093697632363307, 4.851863544633251, 6.99254321545072], [7.5, 8.077747210701755, 7.106518427702576, 6.670832032063167, 7.905694150420948, 6.0, 6.708203932499369, 5.220153254455275, 6.726812023536855, 4.5, 5.408326913195984, 3.8078865529319543, 5.70087712549569, 3.0, 4.242640687119285, 2.5, 4.924428900898052, 1.5, 3.3541019662496847, 1.5811388300841898, 4.527692569068709, 0.0, 3.0, 4.299149231914423, 0.5, 1.8027756377319946, 4.6097722286464435, 3.5064910933746134, 5.119735650413264, 9.26356334678792], [8.077747210701755, 7.5, 7.018732936253774, 6.670832032063167, 6.670832032063167, 6.708203932499369, 6.0, 5.220153254455275, 5.220153254455275, 5.408326913195984, 4.5, 3.8078865529319543, 3.8078865529319543, 4.242640687119285, 3.0, 2.5, 2.5, 3.3541019662496847, 1.5, 1.5811388300841898, 1.5811388300841898, 3.0, 0.0, 1.3537417369254492, 3.0413812651491097, 1.8027756377319946, 1.8027756377319946, 3.809990361032197, 4.124859429542433, 7.24755513068949], [9.030872749205146, 8.056462945012512, 7.789094671941988, 7.4881082456879, 6.958570088111687, 7.74221330844888, 6.579650407547997, 6.12020991472727, 5.459569760736604, 6.544239544416893, 5.116346722685375, 4.83137389378144, 3.961326327574691, 5.4965694315542555, 3.682690332884402, 3.7050476383846513, 2.4652201878784052, 4.700795657873624, 2.333969234824461, 2.934720140641444, 0.9810784249539348, 4.299149231914423, 1.3537417369254492, 0.0, 4.275248790265426, 2.8280358210378784, 0.5896771804105587, 4.254076295818978, 3.8743152097057654, 6.21029827675206], [8.0, 8.54400374531753, 7.592835261520363, 7.158910531638177, 8.32165848854662, 6.5, 7.158910531638177, 5.70087712549569, 7.106335201775948, 5.0, 5.830951894845301, 4.272001872658765, 6.020797289396148, 3.5, 4.6097722286464435, 2.9154759474226504, 5.1478150704935, 2.0, 3.605551275463989, 1.8027756377319946, 4.6097722286464435, 0.5, 3.0413812651491097, 4.275248790265426, 0.0, 1.5811388300841898, 4.527692569068709, 3.037437102353159, 4.726199813755531, 8.947162979325107], [8.631338250816034, 8.631338250816034, 7.901246381899902, 7.5, 8.077747210701755, 7.158910531638177, 7.158910531638177, 6.0, 6.708203932499369, 5.70087712549569, 5.70087712549569, 4.5, 5.408326913195984, 4.272001872658765, 4.272001872658765, 3.0, 4.242640687119285, 2.9154759474226504, 2.9154759474226504, 1.5, 3.3541019662496847, 1.8027756377319946, 1.8027756377319946, 2.8280358210378784, 1.5811388300841898, 0.0, 3.0, 2.3487958394055877, 3.480462946313234, 7.476400846896473], [9.617692030835672, 8.631338250816034, 8.377929473006056, 8.077747210701755, 7.5, 8.32165848854662, 7.158910531638177, 6.708203932499369, 6.0, 7.106335201775948, 5.70087712549569, 5.408326913195984, 4.5, 6.020797289396148, 4.272001872658765, 4.242640687119285, 3.0, 5.1478150704935, 2.9154759474226504, 3.3541019662496847, 1.5, 4.6097722286464435, 1.8027756377319946, 0.5896771804105587, 4.527692569068709, 3.0, 0.0, 4.091135375229198, 3.4520131089021078, 5.622278818762476], [10.878295562512287, 10.979884385029619, 10.234263391127065, 9.826427451147646, 10.381677283363743, 9.387701925065725, 9.505235094258609, 8.327683323780763, 8.976127021406224, 7.900669624936288, 8.039970602286656, 6.829490656680366, 7.606739734796188, 6.419673948955594, 6.590353584910438, 5.3323142928931535, 6.2971519341235025, 4.950136028374099, 5.169564146294159, 3.837343978157393, 5.093697632363307, 3.5064910933746134, 3.809990361032197, 4.254076295818978, 3.037437102353159, 2.3487958394055877, 4.091135375229198, 0.0, 2.066332575825975, 6.5015455768708454], [12.01385116807505, 11.624774925650426, 11.10276266931793, 10.734735631547018, 10.725545266445792, 10.569221094146396, 10.124781810998286, 9.252586866790065, 9.241922738849778, 9.142442189329937, 8.624791091302592, 7.777286054645724, 7.76459596882925, 7.743388394852142, 7.1248042791997745, 6.313635483940904, 6.297996920247761, 6.390295649015128, 5.62482450083505, 4.872146105400426, 4.851863544633251, 5.119735650413264, 4.124859429542433, 3.8743152097057654, 4.726199813755531, 3.480462946313234, 3.4520131089021078, 2.066332575825975, 0.0, 4.4362891486247635], [15.239482058132952, 14.105150225807135, 13.971625311251717, 13.686664208041265, 12.768642317651032, 13.926814851074722, 12.675552113756085, 12.330415063558775, 11.302768914388546, 12.655849651132662, 11.264278933181016, 11.011516432153947, 9.84717947577007, 11.440493384816673, 9.879187131564263, 9.745145080067084, 8.407217263993276, 10.300448892353835, 8.533035619076264, 8.554660199418501, 6.99254321545072, 9.26356334678792, 7.24755513068949, 6.21029827675206, 8.947162979325107, 7.476400846896473, 5.622278818762476, 6.5015455768708454, 4.4362891486247635, 0.0]];