totalHoles = 60;
zeroHoleID = 8;
C = [[0.0, 2.0, 3.5, 5.0, 6.5, 7.127644473542889, 2.0615528128088303, 3.5355339059327378, 5.024937810560445, 6.519202405202649, 5.4731405216174585, 1.6770509831248424, 2.23606797749979, 3.640054944640259, 5.0990195135927845, 6.576473218982953, 2.5, 3.8078865529319543, 5.220153254455275, 6.670832032063167, 2.8284271247461903, 4.031128874149275, 5.385164807134504, 6.800735254367722, 2.5, 3.2015621187164243, 4.301162633521313, 5.5901699437494745, 6.96419413859206, 3.0, 3.0413812651491097, 3.1622776601683795, 3.3541019662496847, 3.605551275463989, 4.6097722286464435, 5.830951894845301, 4.53613608837355, 5.369034420847467, 6.447986554905717, 5.518059404522275, 6.220850391372287, 7.17279440607611, 7.304887628639809, 7.7215264492374445, 6.5281963005699755, 7.132134809352352, 7.976048328513031, 7.555238755529915, 8.0827985656616, 8.836381196681208, 8.593127296548905, 9.060454554529473, 9.73867736064266, 9.638358739104572, 10.057234171663374, 10.672298683211292, 10.688779163215974, 11.067971810589327, 11.629703349613008, 15.590776073926548], [2.0, 0.0, 1.5, 3.0, 4.5, 5.127700204323818, 0.5, 1.5811388300841898, 3.0413812651491097, 4.527692569068709, 3.486821815821755, 0.9013878188659973, 1.0, 1.8027756377319946, 3.1622776601683795, 4.6097722286464435, 1.5, 2.1213203435596424, 3.3541019662496847, 4.743416490252569, 2.0, 2.5, 3.605551275463989, 4.924428900898052, 3.2015621187164243, 2.5, 2.9154759474226504, 3.905124837953327, 5.1478150704935, 3.605551275463989, 3.3541019662496847, 3.1622776601683795, 3.0413812651491097, 3.0, 3.3541019662496847, 4.242640687119285, 4.071428571428571, 4.338955013853554, 5.057324451945405, 5.142857142857142, 5.357142857142857, 5.953904566907059, 6.28642131649218, 6.597268884631144, 6.214285714285714, 6.392757381504127, 6.900532366330551, 7.285714285714286, 7.438523553304192, 7.879189847507243, 8.357142857142858, 8.490691181210979, 8.879292580757427, 9.428571428571429, 9.54714403283377, 9.894339754813025, 10.5, 10.606601717798213, 10.920164833920778, 14.741283267413401], [3.5, 1.5, 0.0, 1.5, 3.0, 3.627782327892558, 1.5811388300841898, 0.5, 1.5811388300841898, 3.0413812651491097, 2.0149245096852004, 2.1360009363293826, 1.8027756377319946, 1.0, 1.8027756377319946, 3.1622776601683795, 2.1213203435596424, 1.5, 2.1213203435596424, 3.3541019662496847, 2.5, 2.0, 2.5, 3.605551275463989, 4.301162633521313, 2.9154759474226504, 2.5, 2.9154759474226504, 3.905124837953327, 4.6097722286464435, 4.242640687119285, 3.905124837953327, 3.605551275463989, 3.3541019662496847, 3.0, 3.3541019662496847, 4.338955013853554, 4.071428571428571, 4.338955013853554, 5.357142857142857, 5.142857142857142, 5.357142857142857, 5.864074969207977, 6.058089324078088, 6.392757381504127, 6.214285714285714, 6.392757381504127, 7.438523553304192, 7.285714285714286, 7.438523553304192, 8.490691181210979, 8.357142857142858, 8.490691181210979, 9.54714403283377, 9.428571428571429, 9.54714403283377, 10.606601717798213, 10.5, 10.606601717798213, 14.25588589696283], [5.0, 3.0, 1.5, 0.0, 1.5, 2.12798022822501, 3.0413812651491097, 1.5811388300841898, 0.5, 1.5811388300841898, 0.6796434242820056, 3.5794552658190883, 3.1622776601683795, 1.8027756377319946, 1.0, 1.8027756377319946, 3.3541019662496847, 2.1213203435596424, 1.5, 2.1213203435596424, 3.605551275463989, 2.5, 2.0, 2.5, 5.5901699437494745, 3.905124837953327, 2.9154759474226504, 2.5, 2.9154759474226504, 5.830951894845301, 5.408326913195984, 5.0, 4.6097722286464435, 4.242640687119285, 3.3541019662496847, 3.0, 5.057324451945405, 4.338955013853554, 4.071428571428571, 5.953904566907059, 5.357142857142857, 5.142857142857142, 5.809961920747485, 5.863184781404688, 6.900532366330551, 6.392757381504127, 6.214285714285714, 7.879189847507243, 7.438523553304192, 7.285714285714286, 8.879292580757427, 8.490691181210979, 8.357142857142858, 9.894339754813025, 9.54714403283377, 9.428571428571429, 10.920164833920778, 10.606601717798213, 10.5, 13.916002768191916], [6.5, 4.5, 3.0, 1.5, 0.0, 0.629122472070093, 4.527692569068709, 3.0413812651491097, 1.5811388300841898, 0.5, 1.1678653983269622, 5.055937104039171, 4.6097722286464435, 3.1622776601683795, 1.8027756377319946, 1.0, 4.743416490252569, 3.3541019662496847, 2.1213203435596424, 1.5, 4.924428900898052, 3.605551275463989, 2.5, 2.0, 6.96419413859206, 5.1478150704935, 3.905124837953327, 2.9154759474226504, 2.5, 7.158910531638177, 6.708203932499369, 6.264982043070834, 5.830951894845301, 5.408326913195984, 4.242640687119285, 3.3541019662496847, 6.068486682216983, 5.057324451945405, 4.338955013853554, 6.833665165329418, 5.953904566907059, 5.357142857142857, 6.1338356512528165, 6.0459428795914185, 7.672505909986353, 6.900532366330551, 6.392757381504127, 8.563389086866321, 7.879189847507243, 7.438523553304192, 9.4916719672929, 8.879292580757427, 8.490691181210979, 10.447390065641919, 9.894339754813025, 9.54714403283377, 11.423659658795863, 10.920164833920778, 10.606601717798213, 13.73244273177305], [7.127644473542889, 5.127700204323818, 3.627782327892558, 2.12798022822501, 0.629122472070093, 0.0, 5.147638100483058, 3.6559093597478376, 2.1755846294361576, 0.7750249757174814, 1.7413402978240287, 5.6714736988332195, 5.215653999420122, 3.751072096723034, 2.331959928463858, 1.1425989414961755, 5.329907623007121, 3.908376965306243, 2.57738350582203, 1.5844244914890953, 5.487511630776897, 4.120713425010132, 2.889251523181351, 2.0531121735922704, 7.5384122255179165, 5.684861698056867, 4.380085359805335, 3.2484831833223415, 2.533799168338934, 7.715732467495246, 7.2563782923032125, 6.802758582520645, 6.356101221905399, 5.917982861934995, 4.678676777391588, 3.6410865988672048, 6.5193820016782364, 5.4193945157142, 4.553826100116272, 7.230358260888798, 6.2566425352540245, 5.523863778832433, 6.32906508867157, 6.1864166259791356, 8.021828834196514, 7.156621624642008, 6.525697534474045, 8.872277806563387, 8.09844483280489, 7.546675025673974, 9.766309818753182, 9.069084998445094, 8.579964914973072, 10.692998636596721, 10.060204524531615, 9.621601234126956, 11.644550252199128, 11.066302264493673, 10.669139658017643, 13.658598435444295], [2.0615528128088303, 0.5, 1.5811388300841898, 3.0413812651491097, 4.527692569068709, 5.147638100483058, 0.0, 1.5, 3.0, 4.5, 3.449349447973723, 0.5590169943749475, 0.5, 1.5811388300841898, 3.0413812651491097, 4.527692569068709, 1.0, 1.8027756377319946, 3.1622776601683795, 4.6097722286464435, 1.5, 2.1213203435596424, 3.3541019662496847, 4.743416490252569, 2.8284271247461903, 2.0, 2.5, 3.605551275463989, 4.924428900898052, 3.2015621187164243, 2.9154759474226504, 2.692582403567252, 2.5495097567963922, 2.5, 2.9154759474226504, 3.905124837953327, 3.571428571428571, 3.873641960844642, 4.664236490661287, 4.642857142857142, 4.879151816553732, 5.527759261127386, 5.829599204713962, 6.157176557285562, 5.714285714285714, 5.907881280500633, 6.453918284615153, 6.785714285714286, 6.949526485117309, 7.419293656902046, 7.857142857142858, 7.999043310143472, 8.410392016877157, 8.928571428571429, 9.053694701893921, 9.419096971318538, 10.0, 10.111874208078342, 10.44030650891055, 14.277791050656173], [3.5355339059327378, 1.5811388300841898, 0.5, 1.5811388300841898, 3.0413812651491097, 3.6559093597478376, 1.5, 0.0, 1.5, 3.0, 1.9493604127190673, 2.0155644370746373, 1.5811388300841898, 0.5, 1.5811388300841898, 3.0413812651491097, 1.8027756377319946, 1.0, 1.8027756377319946, 3.1622776601683795, 2.1213203435596424, 1.5, 2.1213203435596424, 3.3541019662496847, 4.031128874149275, 2.5, 2.0, 2.5, 3.605551275463989, 4.301162633521313, 3.905124837953327, 3.5355339059327378, 3.2015621187164243, 2.9154759474226504, 2.5, 2.9154759474226504, 3.873641960844642, 3.571428571428571, 3.873641960844642, 4.879151816553732, 4.642857142857142, 4.879151816553732, 5.371453170571807, 5.575599759664742, 5.907881280500633, 5.714285714285714, 5.907881280500633, 6.949526485117309, 6.785714285714286, 6.949526485117309, 7.999043310143472, 7.857142857142858, 7.999043310143472, 9.053694701893921, 8.928571428571429, 9.053694701893921, 10.111874208078342, 10.0, 10.111874208078342, 13.77607228578955], [5.024937810560445, 3.0413812651491097, 1.5811388300841898, 0.5, 1.5811388300841898, 2.1755846294361576, 3.0, 1.5, 0.0, 1.5, 0.4494445717948724, 3.5089172119045497, 3.0413812651491097, 1.5811388300841898, 0.5, 1.5811388300841898, 3.1622776601683795, 1.8027756377319946, 1.0, 1.8027756377319946, 3.3541019662496847, 2.1213203435596424, 1.5, 2.1213203435596424, 5.385164807134504, 3.605551275463989, 2.5, 2.0, 2.5, 5.5901699437494745, 5.1478150704935, 4.716990566028302, 4.301162633521313, 3.905124837953327, 2.9154759474226504, 2.5, 4.664236490661287, 3.873641960844642, 3.571428571428571, 5.527759261127386, 4.879151816553732, 4.642857142857142, 5.312324485542105, 5.3631895549532995, 6.453918284615153, 5.907881280500633, 5.714285714285714, 7.419293656902046, 6.949526485117309, 6.785714285714286, 8.410392016877157, 7.999043310143472, 7.857142857142858, 9.419096971318538, 9.053694701893921, 8.928571428571429, 10.44030650891055, 10.111874208078342, 10.0, 13.424046258874418], [6.519202405202649, 4.527692569068709, 3.0413812651491097, 1.5811388300841898, 0.5, 0.7750249757174814, 4.5, 3.0, 1.5, 0.0, 1.0507115815272525, 5.006246098625197, 4.527692569068709, 3.0413812651491097, 1.5811388300841898, 0.5, 4.6097722286464435, 3.1622776601683795, 1.8027756377319946, 1.0, 4.743416490252569, 3.3541019662496847, 2.1213203435596424, 1.5, 6.800735254367722, 4.924428900898052, 3.605551275463989, 2.5, 2.0, 6.96419413859206, 6.5, 6.041522986797286, 5.5901699437494745, 5.1478150704935, 3.905124837953327, 2.9154759474226504, 5.745006705027969, 4.664236490661287, 3.873641960844642, 6.465765418647631, 5.527759261127386, 4.879151816553732, 5.664721856872978, 5.562399817052601, 7.273449059730177, 6.453918284615153, 5.907881280500633, 8.142230552333121, 7.419293656902046, 6.949526485117309, 9.054539959465142, 8.410392016877157, 7.999043310143472, 9.998469270598477, 9.419096971318538, 9.053694701893921, 10.965856099730654, 10.44030650891055, 10.111874208078342, 13.233664205257048], [5.4731405216174585, 3.486821815821755, 2.0149245096852004, 0.6796434242820056, 1.1678653983269622, 1.7413402978240287, 3.449349447973723, 1.9493604127190673, 0.4494445717948724, 1.0507115815272525, 0.0, 3.9566260162201083, 3.483977160255608, 2.0099978252780173, 0.6648952263793011, 1.1593446711403845, 3.5886184099356173, 2.1863614743606474, 1.0872768281390384, 1.4436638478010426, 3.7574282868838553, 2.4536221664132745, 1.5563599005224318, 1.8232527373882697, 5.801352718470198, 3.982254709335033, 2.7857399330268926, 2.0401817024226787, 2.2504079148767504, 5.991308588534533, 5.540437113128127, 5.098735941976934, 4.6688085211847445, 4.254225876580504, 3.1623459983700046, 2.530301685144759, 4.9580534419507245, 4.060084769765164, 3.589746891093949, 5.7759906877399505, 5.026336919596442, 4.654681217198218, 5.366820562729035, 5.370049691226855, 6.666165410775882, 6.028246485360764, 5.722040727983683, 7.603247497624805, 7.0506288311453105, 6.790681948009133, 8.571866897228276, 8.085721767921372, 7.86008211869807, 9.56244477447085, 9.129202838651603, 8.929968581897928, 10.568808655338536, 10.178492560177974, 10.000185258385866, 13.33982638658847], [1.6770509831248424, 0.9013878188659973, 2.1360009363293826, 3.5794552658190883, 5.055937104039171, 5.6714736988332195, 0.5590169943749475, 2.0155644370746373, 3.5089172119045497, 5.006246098625197, 3.9566260162201083, 0.0, 0.5590169943749475, 2.0155644370746373, 3.5089172119045497, 5.006246098625197, 0.9013878188659973, 2.1360009363293826, 3.5794552658190883, 5.055937104039171, 1.346291201783626, 2.358495283014151, 3.7165171868296265, 5.153882032022076, 2.3048861143232218, 1.8200274723201295, 2.6575364531836625, 3.913118960624632, 5.297405025104273, 2.704163456597992, 2.462214450449026, 2.3048861143232218, 2.25, 2.3048861143232218, 3.010398644698074, 4.16082924427331, 3.35885214844328, 3.877097852144312, 4.825130853676617, 4.421220858264267, 4.82671667674321, 5.616688871350363, 5.840793304152336, 6.210173899405474, 5.487113846763792, 5.818798704831345, 6.489099965892569, 6.5548120662983, 6.834878288930228, 7.413876261746604, 7.623557073242097, 7.865660967075787, 8.373686311833016, 8.692962788417786, 8.90604300690359, 9.357756250342083, 9.762812094883317, 9.95301461869719, 10.35917467755033, 14.248139397778738], [2.23606797749979, 1.0, 1.8027756377319946, 3.1622776601683795, 4.6097722286464435, 5.215653999420122, 0.5, 1.5811388300841898, 3.0413812651491097, 4.527692569068709, 3.483977160255608, 0.5590169943749475, 0.0, 1.5, 3.0, 4.5, 0.5, 1.5811388300841898, 3.0413812651491097, 4.527692569068709, 1.0, 1.8027756377319946, 3.1622776601683795, 4.6097722286464435, 2.5, 1.5, 2.1213203435596424, 3.3541019662496847, 4.743416490252569, 2.8284271247461903, 2.5, 2.23606797749979, 2.0615528128088303, 2.0, 2.5, 3.605551275463989, 3.071428571428571, 3.418138889715828, 4.293445407756777, 4.142857142857142, 4.4060487180831815, 5.115003939990901, 5.38046102176719, 5.726926713260046, 5.214285714285714, 5.425751147095126, 6.015710723613967, 6.285714285714286, 6.462213558962025, 6.964926710427946, 7.357142857142858, 7.508498586295943, 7.945284829407198, 8.428571428571429, 8.561005567486253, 8.946553321057815, 9.5, 9.617692030835672, 9.962429422585638, 13.816844871470211], [3.640054944640259, 1.8027756377319946, 1.0, 1.8027756377319946, 3.1622776601683795, 3.751072096723034, 1.5811388300841898, 0.5, 1.5811388300841898, 3.0413812651491097, 2.0099978252780173, 2.0155644370746373, 1.5, 0.0, 1.5, 3.0, 1.5811388300841898, 0.5, 1.5811388300841898, 3.0413812651491097, 1.8027756377319946, 1.0, 1.8027756377319946, 3.1622776601683795, 3.8078865529319543, 2.1213203435596424, 1.5, 2.1213203435596424, 3.3541019662496847, 4.031128874149275, 3.605551275463989, 3.2015621187164243, 2.8284271247461903, 2.5, 2.0, 2.5, 3.418138889715828, 3.071428571428571, 3.418138889715828, 4.4060487180831815, 4.142857142857142, 4.4060487180831815, 4.880332271761863, 5.0964869372380575, 5.425751147095126, 5.214285714285714, 5.425751147095126, 6.462213558962025, 6.285714285714286, 6.462213558962025, 7.508498586295943, 7.357142857142858, 7.508498586295943, 8.561005567486253, 8.428571428571429, 8.561005567486253, 9.617692030835672, 9.5, 9.617692030835672, 13.297746145094441], [5.0990195135927845, 3.1622776601683795, 1.8027756377319946, 1.0, 1.8027756377319946, 2.331959928463858, 3.0413812651491097, 1.5811388300841898, 0.5, 1.5811388300841898, 0.6648952263793011, 3.5089172119045497, 3.0, 1.5, 0.0, 1.5, 3.0413812651491097, 1.5811388300841898, 0.5, 1.5811388300841898, 3.1622776601683795, 1.8027756377319946, 1.0, 1.8027756377319946, 5.220153254455275, 3.3541019662496847, 2.1213203435596424, 1.5, 2.1213203435596424, 5.385164807134504, 4.924428900898052, 4.47213595499958, 4.031128874149275, 3.605551275463989, 2.5, 2.0, 4.293445407756777, 3.418138889715828, 3.071428571428571, 5.115003939990901, 4.4060487180831815, 4.142857142857142, 4.815176565697728, 4.86319531006362, 6.015710723613967, 5.425751147095126, 5.214285714285714, 6.964926710427946, 6.462213558962025, 6.285714285714286, 7.945284829407198, 7.508498586295943, 7.357142857142858, 8.946553321057815, 8.561005567486253, 8.428571428571429, 9.962429422585638, 9.617692030835672, 9.5, 12.932706711144247], [6.576473218982953, 4.6097722286464435, 3.1622776601683795, 1.8027756377319946, 1.0, 1.1425989414961755, 4.527692569068709, 3.0413812651491097, 1.5811388300841898, 0.5, 1.1593446711403845, 5.006246098625197, 4.5, 3.0, 1.5, 0.0, 4.527692569068709, 3.0413812651491097, 1.5811388300841898, 0.5, 4.6097722286464435, 3.1622776601683795, 1.8027756377319946, 1.0, 6.670832032063167, 4.743416490252569, 3.3541019662496847, 2.1213203435596424, 1.5, 6.800735254367722, 6.324555320336759, 5.852349955359813, 5.385164807134504, 4.924428900898052, 3.605551275463989, 2.5, 5.448272521578538, 4.293445407756777, 3.418138889715828, 6.116638399163583, 5.115003939990901, 4.4060487180831815, 5.2013659393364, 5.082042713930239, 6.887581252530098, 6.015710723613967, 5.425751147095126, 7.730472435862678, 6.964926710427946, 6.462213558962025, 8.624242054836365, 7.945284829407198, 7.508498586295943, 9.554622772591841, 8.946553321057815, 8.561005567486253, 10.51189802081432, 9.962429422585638, 9.617692030835672, 12.734981476766144], [2.5, 1.5, 2.1213203435596424, 3.3541019662496847, 4.743416490252569, 5.329907623007121, 1.0, 1.8027756377319946, 3.1622776601683795, 4.6097722286464435, 3.5886184099356173, 0.9013878188659973, 0.5, 1.5811388300841898, 3.0413812651491097, 4.527692569068709, 0.0, 1.5, 3.0, 4.5, 0.5, 1.5811388300841898, 3.0413812651491097, 4.527692569068709, 2.23606797749979, 1.0, 1.8027756377319946, 3.1622776601683795, 4.6097722286464435, 2.5, 2.1213203435596424, 1.8027756377319946, 1.5811388300841898, 1.5, 2.1213203435596424, 3.3541019662496847, 2.571428571428571, 2.9769522834535294, 3.951233338839809, 3.6428571428571423, 3.9395949237536216, 4.719153331188266, 4.941102582006411, 5.308912883116104, 4.714285714285714, 4.9471698774065125, 5.587887775887985, 5.785714285714286, 5.97699672042058, 6.517245568176664, 6.857142857142858, 7.019288294639658, 7.484678227102707, 7.928571428571429, 8.069215878755456, 8.477160190651064, 9.0, 9.12414379544733, 9.486832980505138, 13.358708287792943], [3.8078865529319543, 2.1213203435596424, 1.5, 2.1213203435596424, 3.3541019662496847, 3.908376965306243, 1.8027756377319946, 1.0, 1.8027756377319946, 3.1622776601683795, 2.1863614743606474, 2.1360009363293826, 1.5811388300841898, 0.5, 1.5811388300841898, 3.0413812651491097, 1.5, 0.0, 1.5, 3.0, 1.5811388300841898, 0.5, 1.5811388300841898, 3.0413812651491097, 3.640054944640259, 1.8027756377319946, 1.0, 1.8027756377319946, 3.1622776601683795, 3.8078865529319543, 3.3541019662496847, 2.9154759474226504, 2.5, 2.1213203435596424, 1.5, 2.1213203435596424, 2.9769522834535294, 2.571428571428571, 2.9769522834535294, 3.9395949237536216, 3.6428571428571423, 3.9395949237536216, 4.391215891066469, 4.621801112434717, 4.9471698774065125, 4.714285714285714, 4.9471698774065125, 5.97699672042058, 5.785714285714286, 5.97699672042058, 7.019288294639658, 6.857142857142858, 7.019288294639658, 8.069215878755456, 7.928571428571429, 8.069215878755456, 9.12414379544733, 9.0, 9.12414379544733, 12.821073958738761], [5.220153254455275, 3.3541019662496847, 2.1213203435596424, 1.5, 2.1213203435596424, 2.57738350582203, 3.1622776601683795, 1.8027756377319946, 1.0, 1.8027756377319946, 1.0872768281390384, 3.5794552658190883, 3.0413812651491097, 1.5811388300841898, 0.5, 1.5811388300841898, 3.0, 1.5, 0.0, 1.5, 3.0413812651491097, 1.5811388300841898, 0.5, 1.5811388300841898, 5.0990195135927845, 3.1622776601683795, 1.8027756377319946, 1.0, 1.8027756377319946, 5.220153254455275, 4.743416490252569, 4.272001872658765, 3.8078865529319543, 3.3541019662496847, 2.1213203435596424, 1.5, 3.951233338839809, 2.9769522834535294, 2.571428571428571, 4.719153331188266, 3.9395949237536216, 3.6428571428571423, 4.318687216967553, 4.363202384177179, 5.587887775887985, 4.9471698774065125, 4.714285714285714, 6.517245568176664, 5.97699672042058, 5.785714285714286, 7.484678227102707, 7.019288294639658, 6.857142857142858, 8.477160190651064, 8.069215878755456, 7.928571428571429, 9.486832980505138, 9.12414379544733, 9.0, 12.442057217058222], [6.670832032063167, 4.743416490252569, 3.3541019662496847, 2.1213203435596424, 1.5, 1.5844244914890953, 4.6097722286464435, 3.1622776601683795, 1.8027756377319946, 1.0, 1.4436638478010426, 5.055937104039171, 4.527692569068709, 3.0413812651491097, 1.5811388300841898, 0.5, 4.5, 3.0, 1.5, 0.0, 4.527692569068709, 3.0413812651491097, 1.5811388300841898, 0.5, 6.576473218982953, 4.6097722286464435, 3.1622776601683795, 1.8027756377319946, 1.0, 6.670832032063167, 6.18465843842649, 5.70087712549569, 5.220153254455275, 4.743416490252569, 3.3541019662496847, 2.1213203435596424, 5.1828799810490676, 3.951233338839809, 2.9769522834535294, 5.789681179759841, 4.719153331188266, 3.9395949237536216, 4.745454831103464, 4.60586849222555, 6.517245568176665, 5.587887775887985, 4.9471698774065125, 7.329699161351601, 6.517245568176664, 5.97699672042058, 8.201853946716273, 7.484678227102707, 7.019288294639658, 9.11659173693542, 8.477160190651064, 8.069215878755456, 10.062305898749054, 9.486832980505138, 9.12414379544733, 12.236406258769442], [2.8284271247461903, 2.0, 2.5, 3.605551275463989, 4.924428900898052, 5.487511630776897, 1.5, 2.1213203435596424, 3.3541019662496847, 4.743416490252569, 3.7574282868838553, 1.346291201783626, 1.0, 1.8027756377319946, 3.1622776601683795, 4.6097722286464435, 0.5, 1.5811388300841898, 3.0413812651491097, 4.527692569068709, 0.0, 1.5, 3.0, 4.5, 2.0615528128088303, 0.5, 1.5811388300841898, 3.0413812651491097, 4.527692569068709, 2.23606797749979, 1.8027756377319946, 1.4142135623730951, 1.118033988749895, 1.0, 1.8027756377319946, 3.1622776601683795, 2.071428571428571, 2.5575019699954504, 3.6456571871928127, 3.1428571428571423, 3.482463355213973, 4.344830378784443, 4.514380206081983, 4.9062635907562875, 4.214285714285714, 4.473276660528907, 5.173026588142831, 5.285714285714286, 5.4944313181806255, 6.077727824623613, 6.357142857142858, 6.531712279802476, 7.029456970927588, 7.428571428571429, 7.578500740211599, 8.011471367319972, 8.5, 8.631338250816034, 9.013878188659973, 12.903680561546114], [4.031128874149275, 2.5, 2.0, 2.5, 3.605551275463989, 4.120713425010132, 2.1213203435596424, 1.5, 2.1213203435596424, 3.3541019662496847, 2.4536221664132745, 2.358495283014151, 1.8027756377319946, 1.0, 1.8027756377319946, 3.1622776601683795, 1.5811388300841898, 0.5, 1.5811388300841898, 3.0413812651491097, 1.5, 0.0, 1.5, 3.0, 3.5355339059327378, 1.5811388300841898, 0.5, 1.5811388300841898, 3.0413812651491097, 3.640054944640259, 3.1622776601683795, 2.692582403567252, 2.23606797749979, 1.8027756377319946, 1.0, 1.8027756377319946, 2.5575019699954504, 2.071428571428571, 2.5575019699954504, 3.482463355213973, 3.1428571428571423, 3.482463355213973, 3.9048573496491605, 4.1530605514930095, 4.473276660528907, 4.214285714285714, 4.473276660528907, 5.4944313181806255, 5.285714285714286, 5.4944313181806255, 6.531712279802476, 6.357142857142858, 6.531712279802476, 7.578500740211599, 7.428571428571429, 7.578500740211599, 8.631338250816034, 8.5, 8.631338250816034, 12.346247299140108], [5.385164807134504, 3.605551275463989, 2.5, 2.0, 2.5, 2.889251523181351, 3.3541019662496847, 2.1213203435596424, 1.5, 2.1213203435596424, 1.5563599005224318, 3.7165171868296265, 3.1622776601683795, 1.8027756377319946, 1.0, 1.8027756377319946, 3.0413812651491097, 1.5811388300841898, 0.5, 1.5811388300841898, 3.0, 1.5, 0.0, 1.5, 5.024937810560445, 3.0413812651491097, 1.5811388300841898, 0.5, 1.5811388300841898, 5.0990195135927845, 4.6097722286464435, 4.123105625617661, 3.640054944640259, 3.1622776601683795, 1.8027756377319946, 1.0, 3.6456571871928127, 2.5575019699954504, 2.071428571428571, 4.344830378784443, 3.482463355213973, 3.1428571428571423, 3.82311302437599, 3.8632112894267188, 5.173026588142831, 4.473276660528907, 4.214285714285714, 6.077727824623613, 5.4944313181806255, 5.285714285714286, 7.029456970927588, 6.531712279802476, 6.357142857142858, 8.011471367319972, 7.578500740211599, 7.428571428571429, 9.013878188659973, 8.631338250816034, 8.5, 11.952182759171054], [6.800735254367722, 4.924428900898052, 3.605551275463989, 2.5, 2.0, 2.0531121735922704, 4.743416490252569, 3.3541019662496847, 2.1213203435596424, 1.5, 1.8232527373882697, 5.153882032022076, 4.6097722286464435, 3.1622776601683795, 1.8027756377319946, 1.0, 4.527692569068709, 3.0413812651491097, 1.5811388300841898, 0.5, 4.5, 3.0, 1.5, 0.0, 6.519202405202649, 4.527692569068709, 3.0413812651491097, 1.5811388300841898, 0.5, 6.576473218982953, 6.082762530298219, 5.5901699437494745, 5.0990195135927845, 4.6097722286464435, 3.1622776601683795, 1.8027756377319946, 4.9538688241142, 3.6456571871928127, 2.5575019699954504, 5.488856986696607, 4.344830378784443, 3.482463355213973, 4.299357565171521, 4.135322356133883, 6.165241607725739, 5.173026588142831, 4.473276660528907, 6.941813560605333, 6.077727824623613, 5.4944313181806255, 7.788662613447989, 7.029456970927588, 6.531712279802476, 8.685256096937369, 8.011471367319972, 7.578500740211599, 9.617692030835672, 9.013878188659973, 8.631338250816034, 11.737952250956177], [2.5, 3.2015621187164243, 4.301162633521313, 5.5901699437494745, 6.96419413859206, 7.5384122255179165, 2.8284271247461903, 4.031128874149275, 5.385164807134504, 6.800735254367722, 5.801352718470198, 2.3048861143232218, 2.5, 3.8078865529319543, 5.220153254455275, 6.670832032063167, 2.23606797749979, 3.640054944640259, 5.0990195135927845, 6.576473218982953, 2.0615528128088303, 3.5355339059327378, 5.024937810560445, 6.519202405202649, 0.0, 2.0, 3.5, 5.0, 6.5, 0.5, 0.7071067811865476, 1.118033988749895, 1.5811388300841898, 2.0615528128088303, 3.5355339059327378, 5.024937810560445, 2.543499116394979, 3.836585429141653, 5.241124665098326, 3.314316502320051, 4.385737552288214, 5.655501204805018, 5.53958959335679, 6.046180845260631, 4.2185208743524, 5.103520193684643, 6.228636959026184, 5.186816097037738, 5.929001705556323, 6.921203741004146, 6.189194006409849, 6.823204705193858, 7.701046841110603, 7.211456305131185, 7.762415992512662, 8.544302314455892, 8.246211251235321, 8.73212459828649, 9.433981132056603, 13.446996808495804], [3.2015621187164243, 2.5, 2.9154759474226504, 3.905124837953327, 5.1478150704935, 5.684861698056867, 2.0, 2.5, 3.605551275463989, 4.924428900898052, 3.982254709335033, 1.8200274723201295, 1.5, 2.1213203435596424, 3.3541019662496847, 4.743416490252569, 1.0, 1.8027756377319946, 3.1622776601683795, 4.6097722286464435, 0.5, 1.5811388300841898, 3.0413812651491097, 4.527692569068709, 2.0, 0.0, 1.5, 3.0, 4.5, 2.0615528128088303, 1.5811388300841898, 1.118033988749895, 0.7071067811865476, 0.5, 1.5811388300841898, 3.0413812651491097, 1.5714285714285712, 2.1724151893922214, 3.386648454608485, 2.6428571428571423, 3.038863912311806, 3.9980862769018652, 4.104237147658403, 4.523083996947813, 3.7142857142857144, 4.005735683659986, 4.7745071334481155, 4.785714285714286, 5.015282766154845, 5.648279492419775, 5.857142857142858, 6.046165929659853, 6.580738746446299, 6.928571428571429, 7.089083300456861, 7.550172318617393, 8.0, 8.139410298049853, 8.54400374531753, 12.452102511242758], [4.301162633521313, 2.9154759474226504, 2.5, 2.9154759474226504, 3.905124837953327, 4.380085359805335, 2.5, 2.0, 2.5, 3.605551275463989, 2.7857399330268926, 2.6575364531836625, 2.1213203435596424, 1.5, 2.1213203435596424, 3.3541019662496847, 1.8027756377319946, 1.0, 1.8027756377319946, 3.1622776601683795, 1.5811388300841898, 0.5, 1.5811388300841898, 3.0413812651491097, 3.5, 1.5, 0.0, 1.5, 3.0, 3.5355339059327378, 3.0413812651491097, 2.5495097567963922, 2.0615528128088303, 1.5811388300841898, 0.5, 1.5811388300841898, 2.1724151893922214, 1.5714285714285712, 2.1724151893922214, 3.038863912311806, 2.6428571428571423, 3.038863912311806, 3.4224325910474045, 3.692530076496608, 4.005735683659986, 3.7142857142857144, 4.005735683659986, 5.015282766154845, 4.785714285714286, 5.015282766154845, 6.046165929659853, 5.857142857142858, 6.046165929659853, 7.089083300456861, 6.928571428571429, 7.089083300456861, 8.139410298049853, 8.0, 8.139410298049853, 11.873487578955038], [5.5901699437494745, 3.905124837953327, 2.9154759474226504, 2.5, 2.9154759474226504, 3.2484831833223415, 3.605551275463989, 2.5, 2.0, 2.5, 2.0401817024226787, 3.913118960624632, 3.3541019662496847, 2.1213203435596424, 1.5, 2.1213203435596424, 3.1622776601683795, 1.8027756377319946, 1.0, 1.8027756377319946, 3.0413812651491097, 1.5811388300841898, 0.5, 1.5811388300841898, 5.0, 3.0, 1.5, 0.0, 1.5, 5.024937810560445, 4.527692569068709, 4.031128874149275, 3.5355339059327378, 3.0413812651491097, 1.5811388300841898, 0.5, 3.386648454608485, 2.1724151893922214, 1.5714285714285712, 3.9980862769018652, 3.038863912311806, 2.6428571428571423, 3.3288627361769834, 3.363222842485862, 4.7745071334481155, 4.005735683659986, 3.7142857142857144, 5.648279492419775, 5.015282766154845, 4.785714285714286, 6.580738746446299, 6.046165929659853, 5.857142857142858, 7.550172318617393, 7.089083300456861, 6.928571428571429, 8.54400374531753, 8.139410298049853, 8.0, 11.463182700485103], [6.96419413859206, 5.1478150704935, 3.905124837953327, 2.9154759474226504, 2.5, 2.533799168338934, 4.924428900898052, 3.605551275463989, 2.5, 2.0, 2.2504079148767504, 5.297405025104273, 4.743416490252569, 3.3541019662496847, 2.1213203435596424, 1.5, 4.6097722286464435, 3.1622776601683795, 1.8027756377319946, 1.0, 4.527692569068709, 3.0413812651491097, 1.5811388300841898, 0.5, 6.5, 4.5, 3.0, 1.5, 0.0, 6.519202405202649, 6.020797289396148, 5.522680508593631, 5.024937810560445, 4.527692569068709, 3.0413812651491097, 1.5811388300841898, 4.766485891629392, 3.386648454608485, 2.1724151893922214, 5.218686987887951, 3.9980862769018652, 3.038863912311806, 3.866472474019694, 3.6725682308985514, 5.834888033831236, 4.7745071334481155, 4.005735683659986, 6.569098965953382, 5.648279492419775, 5.015282766154845, 7.386211643933553, 6.580738746446299, 6.046165929659853, 8.261664604715948, 7.550172318617393, 7.089083300456861, 9.17877987534291, 8.54400374531753, 8.139410298049853, 11.239635579581853], [3.0, 3.605551275463989, 4.6097722286464435, 5.830951894845301, 7.158910531638177, 7.715732467495246, 3.2015621187164243, 4.301162633521313, 5.5901699437494745, 6.96419413859206, 5.991308588534533, 2.704163456597992, 2.8284271247461903, 4.031128874149275, 5.385164807134504, 6.800735254367722, 2.5, 3.8078865529319543, 5.220153254455275, 6.670832032063167, 2.23606797749979, 3.640054944640259, 5.0990195135927845, 6.576473218982953, 0.5, 2.0615528128088303, 3.5355339059327378, 5.024937810560445, 6.519202405202649, 0.0, 0.5, 1.0, 1.5, 2.0, 3.5, 5.0, 2.2689114534669415, 3.660322278662559, 5.113507522598697, 2.931183504097598, 4.103880692063778, 5.439837932759934, 5.258534661099157, 5.7830069371444806, 3.785714285714286, 4.752013536708542, 5.944041777533299, 4.729412959213385, 5.533294401961232, 6.585388898066348, 5.718302159892982, 6.399138972692868, 7.327958760243997, 6.732498095970388, 7.319599074556263, 8.144110179279558, 7.762087348130012, 8.276472678623424, 9.013878188659973, 13.033480275190183], [3.0413812651491097, 3.3541019662496847, 4.242640687119285, 5.408326913195984, 6.708203932499369, 7.2563782923032125, 2.9154759474226504, 3.905124837953327, 5.1478150704935, 6.5, 5.540437113128127, 2.462214450449026, 2.5, 3.605551275463989, 4.924428900898052, 6.324555320336759, 2.1213203435596424, 3.3541019662496847, 4.743416490252569, 6.18465843842649, 1.8027756377319946, 3.1622776601683795, 4.6097722286464435, 6.082762530298219, 0.7071067811865476, 1.5811388300841898, 3.0413812651491097, 4.527692569068709, 6.020797289396148, 0.5, 0.0, 0.5, 1.0, 1.5, 3.0, 4.5, 1.843355414366277, 3.18558616013968, 4.625792816769193, 2.615690489085793, 3.686710828732554, 4.984158578405574, 4.841654077619477, 5.354312817021751, 3.547059719410039, 4.396775256146398, 5.530066243098831, 4.540632878660805, 5.231380978171587, 6.214285714285714, 5.5631807081773585, 6.139949477954745, 6.9963547359919325, 6.601252200321156, 7.094119438820078, 7.847071467257381, 7.648529270389178, 8.077747210701755, 8.74642784226795, 12.754602758591583], [3.1622776601683795, 3.1622776601683795, 3.905124837953327, 5.0, 6.264982043070834, 6.802758582520645, 2.692582403567252, 3.5355339059327378, 4.716990566028302, 6.041522986797286, 5.098735941976934, 2.3048861143232218, 2.23606797749979, 3.2015621187164243, 4.47213595499958, 5.852349955359813, 1.8027756377319946, 2.9154759474226504, 4.272001872658765, 5.70087712549569, 1.4142135623730951, 2.692582403567252, 4.123105625617661, 5.5901699437494745, 1.118033988749895, 1.118033988749895, 2.5495097567963922, 4.031128874149275, 5.522680508593631, 1.0, 0.5, 0.0, 0.5, 1.0, 2.5, 4.0, 1.465591752048799, 2.719918966379967, 4.141009440181641, 2.364706479606692, 3.2926944490331738, 4.537822906933883, 4.441963713570542, 4.939044669770219, 3.366249047985194, 4.072055089639779, 5.1314357301890885, 4.400834800214104, 4.9615871390892154, 5.862367008195197, 5.449677017203564, 5.911766199016732, 6.6857295482121275, 6.505884306706115, 6.897574255652845, 7.571428571428572, 7.566372975210778, 7.905694150420948, 8.5, 12.489522607977154], [3.3541019662496847, 3.0413812651491097, 3.605551275463989, 4.6097722286464435, 5.830951894845301, 6.356101221905399, 2.5495097567963922, 3.2015621187164243, 4.301162633521313, 5.5901699437494745, 4.6688085211847445, 2.25, 2.0615528128088303, 2.8284271247461903, 4.031128874149275, 5.385164807134504, 1.5811388300841898, 2.5, 3.8078865529319543, 5.220153254455275, 1.118033988749895, 2.23606797749979, 3.640054944640259, 5.0990195135927845, 1.5811388300841898, 0.7071067811865476, 2.0615528128088303, 3.5355339059327378, 5.024937810560445, 1.5, 1.0, 0.5, 0.0, 0.5, 2.0, 3.5, 1.182353239803346, 2.2689114534669415, 3.660322278662559, 2.2004174001070513, 2.931183504097598, 4.103880692063778, 4.064537988262071, 4.5408874416184135, 3.2529421533530574, 3.785714285714286, 4.752013536708542, 4.314782374439702, 4.729412959213385, 5.533294401961232, 5.380425595790424, 5.718302159892982, 6.399138972692868, 6.447986554905717, 6.732498095970388, 7.319599074556263, 7.516648189186454, 7.762087348130012, 8.276472678623424, 12.239136342931756], [3.605551275463989, 3.0, 3.3541019662496847, 4.242640687119285, 5.408326913195984, 5.917982861934995, 2.5, 2.9154759474226504, 3.905124837953327, 5.1478150704935, 4.254225876580504, 2.3048861143232218, 2.0, 2.5, 3.605551275463989, 4.924428900898052, 1.5, 2.1213203435596424, 3.3541019662496847, 4.743416490252569, 1.0, 1.8027756377319946, 3.1622776601683795, 4.6097722286464435, 2.0615528128088303, 0.5, 1.5811388300841898, 3.0413812651491097, 4.527692569068709, 2.0, 1.5, 1.0, 0.5, 0.0, 1.5, 3.0, 1.0714285714285712, 1.843355414366277, 3.18558616013968, 2.1428571428571423, 2.615690489085793, 3.686710828732554, 3.7161669073621506, 4.164751524990421, 3.2142857142857144, 3.547059719410039, 4.396775256146398, 4.285714285714286, 4.540632878660805, 5.231380978171587, 5.357142857142858, 5.5631807081773585, 6.139949477954745, 6.428571428571429, 6.601252200321156, 7.094119438820078, 7.5, 7.648529270389178, 8.077747210701755, 12.004363451119486], [4.6097722286464435, 3.3541019662496847, 3.0, 3.3541019662496847, 4.242640687119285, 4.678676777391588, 2.9154759474226504, 2.5, 2.9154759474226504, 3.905124837953327, 3.1623459983700046, 3.010398644698074, 2.5, 2.0, 2.5, 3.605551275463989, 2.1213203435596424, 1.5, 2.1213203435596424, 3.3541019662496847, 1.8027756377319946, 1.0, 1.8027756377319946, 3.1622776601683795, 3.5355339059327378, 1.5811388300841898, 0.5, 1.5811388300841898, 3.0413812651491097, 3.5, 3.0, 2.5, 2.0, 1.5, 0.0, 1.5, 1.843355414366277, 1.0714285714285712, 1.843355414366277, 2.615690489085793, 2.1428571428571423, 2.615690489085793, 2.945874871649818, 3.2437084929593585, 3.547059719410039, 3.2142857142857144, 3.547059719410039, 4.540632878660805, 4.285714285714286, 4.540632878660805, 5.5631807081773585, 5.357142857142858, 5.5631807081773585, 6.601252200321156, 6.428571428571429, 6.601252200321156, 7.648529270389178, 7.5, 7.648529270389178, 11.40305188112703], [5.830951894845301, 4.242640687119285, 3.3541019662496847, 3.0, 3.3541019662496847, 3.6410865988672048, 3.905124837953327, 2.9154759474226504, 2.5, 2.9154759474226504, 2.530301685144759, 4.16082924427331, 3.605551275463989, 2.5, 2.0, 2.5, 3.3541019662496847, 2.1213203435596424, 1.5, 2.1213203435596424, 3.1622776601683795, 1.8027756377319946, 1.0, 1.8027756377319946, 5.024937810560445, 3.0413812651491097, 1.5811388300841898, 0.5, 1.5811388300841898, 5.0, 4.5, 4.0, 3.5, 3.0, 1.5, 0.0, 3.18558616013968, 1.843355414366277, 1.0714285714285712, 3.686710828732554, 2.615690489085793, 2.1428571428571423, 2.8366284627109866, 2.863238430463539, 4.396775256146398, 3.547059719410039, 3.2142857142857144, 5.231380978171587, 4.540632878660805, 4.285714285714286, 6.139949477954745, 5.5631807081773585, 5.357142857142858, 7.094119438820078, 6.601252200321156, 6.428571428571429, 8.077747210701755, 7.648529270389178, 7.5, 10.975173918475102], [4.53613608837355, 4.071428571428571, 4.338955013853554, 5.057324451945405, 6.068486682216983, 6.5193820016782364, 3.571428571428571, 3.873641960844642, 4.664236490661287, 5.745006705027969, 4.9580534419507245, 3.35885214844328, 3.071428571428571, 3.418138889715828, 4.293445407756777, 5.448272521578538, 2.571428571428571, 2.9769522834535294, 3.951233338839809, 5.1828799810490676, 2.071428571428571, 2.5575019699954504, 3.6456571871928127, 4.9538688241142, 2.543499116394979, 1.5714285714285712, 2.1724151893922214, 3.386648454608485, 4.766485891629392, 2.2689114534669415, 1.843355414366277, 1.465591752048799, 1.182353239803346, 1.0714285714285712, 1.843355414366277, 3.18558616013968, 0.0, 1.5, 3.0, 1.0714285714285712, 1.843355414366277, 3.18558616013968, 2.9983804784927535, 3.515370280477556, 2.1428571428571432, 2.615690489085794, 3.6867108287325543, 3.2142857142857144, 3.547059719410039, 4.396775256146398, 4.2857142857142865, 4.540632878660806, 5.231380978171588, 5.357142857142858, 5.5631807081773585, 6.139949477954745, 6.428571428571429, 6.601252200321156, 7.094119438820078, 11.060012794444004], [5.369034420847467, 4.338955013853554, 4.071428571428571, 4.338955013853554, 5.057324451945405, 5.4193945157142, 3.873641960844642, 3.571428571428571, 3.873641960844642, 4.664236490661287, 4.060084769765164, 3.877097852144312, 3.418138889715828, 3.071428571428571, 3.418138889715828, 4.293445407756777, 2.9769522834535294, 2.571428571428571, 2.9769522834535294, 3.951233338839809, 2.5575019699954504, 2.071428571428571, 2.5575019699954504, 3.6456571871928127, 3.836585429141653, 2.1724151893922214, 1.5714285714285712, 2.1724151893922214, 3.386648454608485, 3.660322278662559, 3.18558616013968, 2.719918966379967, 2.2689114534669415, 1.843355414366277, 1.0714285714285712, 1.843355414366277, 1.5, 0.0, 1.5, 1.843355414366277, 1.0714285714285712, 1.843355414366277, 1.9643237436458114, 2.3525130671797534, 2.615690489085794, 2.1428571428571432, 2.615690489085794, 3.547059719410039, 3.2142857142857144, 3.547059719410039, 4.540632878660806, 4.2857142857142865, 4.540632878660806, 5.5631807081773585, 5.357142857142858, 5.5631807081773585, 6.601252200321156, 6.428571428571429, 6.601252200321156, 10.404265151867595], [6.447986554905717, 5.057324451945405, 4.338955013853554, 4.071428571428571, 4.338955013853554, 4.553826100116272, 4.664236490661287, 3.873641960844642, 3.571428571428571, 3.873641960844642, 3.589746891093949, 4.825130853676617, 4.293445407756777, 3.418138889715828, 3.071428571428571, 3.418138889715828, 3.951233338839809, 2.9769522834535294, 2.571428571428571, 2.9769522834535294, 3.6456571871928127, 2.5575019699954504, 2.071428571428571, 2.5575019699954504, 5.241124665098326, 3.386648454608485, 2.1724151893922214, 1.5714285714285712, 2.1724151893922214, 5.113507522598697, 4.625792816769193, 4.141009440181641, 3.660322278662559, 3.18558616013968, 1.843355414366277, 1.0714285714285712, 3.0, 1.5, 0.0, 3.18558616013968, 1.843355414366277, 1.0714285714285712, 1.7963435211270022, 1.7918725550769863, 3.6867108287325543, 2.615690489085794, 2.1428571428571432, 4.396775256146398, 3.547059719410039, 3.2142857142857144, 5.231380978171588, 4.540632878660806, 4.2857142857142865, 6.139949477954745, 5.5631807081773585, 5.357142857142858, 7.094119438820078, 6.601252200321156, 6.428571428571429, 9.933457791095094], [5.518059404522275, 5.142857142857142, 5.357142857142857, 5.953904566907059, 6.833665165329418, 7.230358260888798, 4.642857142857142, 4.879151816553732, 5.527759261127386, 6.465765418647631, 5.7759906877399505, 4.421220858264267, 4.142857142857142, 4.4060487180831815, 5.115003939990901, 6.116638399163583, 3.6428571428571423, 3.9395949237536216, 4.719153331188266, 5.789681179759841, 3.1428571428571423, 3.482463355213973, 4.344830378784443, 5.488856986696607, 3