totalHoles = 60;
zeroHoleID = 42;
C = [[0.0, 0.8333333333333335, 1.666666666666667, 2.5, 3.0, 4.0, 3.092329219213245, 4.0697051490249265, 3.640054944640259, 4.6097722286464435, 1.5, 1.7159383568311668, 2.242270674512285, 2.9154759474226504, 3.3541019662496847, 4.272001872658765, 3.913118960624632, 4.828301978956992, 3.75, 4.589389937671455, 4.301162633521313, 3.0, 3.1135902820449006, 3.4318767136623336, 3.905124837953327, 4.242640687119285, 5.0, 4.7762432936357, 7.037591723950554, 4.802343178074636, 5.482928049865327, 5.315072906367325, 4.5, 4.576510072581994, 4.7987266829626565, 5.1478150704935, 5.408326913195984, 6.020797289396148, 5.900211860602973, 5.0, 5.068968775248516, 5.270462766947299, 5.5901699437494745, 8.61165900530758, 5.693463140718261, 6.519202405202649, 5.833333333333333, 5.892556509887895, 6.066758241067098, 6.346477588219923, 6.666666666666667, 6.718548123582125, 6.871842709362768, 7.120003121097943, 7.1187873630905925, 7.5, 7.54615428178118, 7.68295371441074, 7.905694150420948, 9.244662192570388], [0.8333333333333335, 0.0, 0.8333333333333335, 1.6666666666666665, 2.1666666666666665, 3.1666666666666665, 2.2928027486996005, 3.254270698294439, 2.848001248439177, 3.8005847503304597, 1.7159383568311668, 1.5, 1.7159383568311668, 2.2422706745122847, 2.6352313834736494, 3.5039660069381062, 3.1896098681674396, 4.0628739144163015, 3.123610802331885, 3.8846206736022215, 3.655285366576885, 3.1135902820449006, 3.0, 3.1135902820449006, 3.431876713662333, 3.7006005518624194, 4.362084109434134, 4.203999418543146, 6.319263274093617, 4.330928820062094, 4.908184774209074, 4.8074017006186525, 4.576510072581994, 4.5, 4.576510072581994, 4.7987266829626565, 4.994441354590566, 5.50252467307306, 5.4473489984680725, 5.068968775248516, 5.0, 5.068968775248516, 5.270462766947299, 7.951396572945348, 5.4334430185534925, 6.112373606964083, 5.892556509887895, 5.833333333333333, 5.892556509887895, 6.066758241067098, 6.718548123582125, 6.666666666666667, 6.718548123582125, 6.871842709362768, 7.058273474499112, 7.54615428178118, 7.5, 7.54615428178118, 7.68295371441074, 8.94101696949593], [1.666666666666667, 0.8333333333333335, 0.0, 0.833333333333333, 1.333333333333333, 2.333333333333333, 1.5297966458904846, 2.4509068616421232, 2.0883273476902775, 3.0046260628866577, 2.242270674512285, 1.7159383568311668, 1.5, 1.7159383568311666, 2.0069324297987157, 2.7738861628488727, 2.534484387624258, 3.330206867114681, 2.6153924710792023, 3.2414417231294537, 3.100179206289712, 3.4318767136623336, 3.1135902820449006, 3.0, 3.1135902820449006, 3.2829526005987013, 3.8005847503304597, 3.7314355295396853, 5.632705235540766, 3.979984645419851, 4.416666666666666, 4.400126260814695, 4.7987266829626565, 4.576510072581994, 4.5, 4.576510072581994, 4.693375946776241, 5.068968775248516, 5.091523456796709, 5.270462766947299, 5.068968775248516, 5.0, 5.068968775248516, 7.326502097569332, 5.293200584325784, 5.7975090436420285, 6.066758241067098, 5.892556509887895, 5.833333333333333, 5.892556509887895, 6.871842709362768, 6.718548123582125, 6.666666666666667, 6.718548123582125, 7.09578778217233, 7.68295371441074, 7.54615428178118, 7.5, 7.54615428178118, 8.706817945252842], [2.5, 1.6666666666666665, 0.833333333333333, 0.0, 0.5, 1.5, 0.9013878188659973, 1.6770509831248424, 1.4142135623730951, 2.23606797749979, 2.9154759474226504, 2.2422706745122847, 1.7159383568311666, 1.5, 1.5811388300841898, 2.1213203435596424, 2.0155644370746373, 2.6575364531836625, 2.3048861143232218, 2.704163456597992, 2.692582403567252, 3.905124837953327, 3.431876713662333, 3.1135902820449006, 3.0, 3.0413812651491097, 3.3541019662496847, 3.400367627183861, 4.99104569229307, 3.783186487605389, 4.038873605350878, 4.123105625617661, 5.1478150704935, 4.7987266829626565, 4.576510072581994, 4.5, 4.527692569068709, 4.743416490252569, 4.8541219597369, 5.5901699437494745, 5.270462766947299, 5.068968775248516, 5.0, 6.746810164812517, 5.282284610358934, 5.5901699437494745, 6.346477588219923, 6.066758241067098, 5.892556509887895, 5.833333333333333, 7.120003121097943, 6.871842709362768, 6.718548123582125, 6.666666666666667, 7.229804488872666, 7.905694150420948, 7.68295371441074, 7.54615428178118, 7.5, 8.547775260477346], [3.0, 2.1666666666666665, 1.333333333333333, 0.5, 0.0, 1.0, 0.75, 1.25, 1.118033988749895, 1.8027756377319946, 3.3541019662496847, 2.6352313834736494, 2.0069324297987157, 1.5811388300841898, 1.5, 1.8027756377319946, 1.8200274723201295, 2.3048861143232218, 2.25, 2.462214450449026, 2.5495097567963922, 4.242640687119285, 3.7006005518624194, 3.2829526005987013, 3.0413812651491097, 3.0, 3.1622776601683795, 3.2882366094914763, 4.635418542965153, 3.75, 3.881043674065006, 4.031128874149275, 5.408326913195984, 4.994441354590566, 4.693375946776241, 4.527692569068709, 4.5, 4.6097722286464435, 4.7762432936357, 5.830951894845301, 5.449260908090605, 5.174724898753341, 5.024937810560445, 6.425823115779175, 5.338532788965365, 5.522680508593631, 6.559556218051475, 6.2227182341981555, 5.983774357005413, 5.854722690083431, 7.31057073315377, 7.009913614937697, 6.79869268479038, 6.685390373377193, 7.354499359753072, 8.077747210701755, 7.806692285753579, 7.617596588017626, 7.516648189186454, 8.490264923629073], [4.0, 3.1666666666666665, 2.333333333333333, 1.5, 1.0, 0.0, 1.25, 0.75, 1.118033988749895, 1.118033988749895, 4.272001872658765, 3.5039660069381062, 2.7738861628488727, 2.1213203435596424, 1.8027756377319946, 1.5, 1.8200274723201295, 1.8200274723201295, 2.462214450449026, 2.25, 2.5495097567963922, 5.0, 4.362084109434134, 3.8005847503304597, 3.3541019662496847, 3.1622776601683795, 3.0, 3.2882366094914763, 4.01749187930494, 3.881043674065006, 3.75, 4.031128874149275, 6.020797289396148, 5.50252467307306, 5.068968775248516, 4.743416490252569, 4.6097722286464435, 4.5, 4.7762432936357, 6.4031242374328485, 5.918426968188235, 5.517648452415616, 5.220153254455275, 5.8595830351494245, 5.585224758853064, 5.522680508593631, 7.073031724640981, 6.637435917246625, 6.2826922749902545, 6.023103666530884, 7.774602526460401, 7.3805299418281765, 7.06320670013903, 6.833333333333334, 7.6958324178205935, 8.5, 8.14111649454654, 7.8545811119654525, 7.648529270389178, 8.463147854844644], [3.092329219213245, 2.2928027486996005, 1.5297966458904846, 0.9013878188659973, 0.75, 1.25, 0.0, 1.0, 0.5590169943749475, 1.5206906325745548, 3.092329219213245, 2.2928027486996005, 1.5297966458904846, 0.9013878188659973, 0.75, 1.25, 1.118033988749895, 1.8027756377319946, 1.5, 1.8027756377319946, 1.8200274723201295, 3.75, 3.123610802331885, 2.6153924710792023, 2.3048861143232218, 2.25, 2.462214450449026, 2.5495097567963922, 4.120846143367654, 3.0, 3.1622776601683795, 3.2882366094914763, 4.802343178074636, 4.330928820062094, 3.979984645419851, 3.783186487605389, 3.75, 3.881043674065006, 4.031128874149275, 5.202163011671203, 4.77042392712057, 4.454242671630922, 4.2793106921559225, 5.8552803490368595, 4.599582562085624, 4.7762432936357, 5.902565355654927, 5.525823216700134, 5.255288341809187, 5.1078643069073175, 6.63377301725379, 6.300903815238644, 6.065040990976255, 5.937755842441187, 6.638130219883993, 7.386643351347079, 7.089213245801289, 6.880427150822671, 6.768493185340442, 7.743309708285512], [4.0697051490249265, 3.254270698294439, 2.4509068616421232, 1.6770509831248424, 1.25, 0.75, 1.0, 0.0, 0.5590169943749475, 0.5590169943749475, 4.0697051490249265, 3.254270698294439, 2.4509068616421232, 1.6770509831248424, 1.25, 0.75, 1.118033988749895, 1.118033988749895, 1.8027756377319946, 1.5, 1.8200274723201295, 4.589389937671455, 3.8846206736022215, 3.2414417231294537, 2.704163456597992, 2.462214450449026, 2.25, 2.5495097567963922, 3.4109395874339405, 3.1622776601683795, 3.0, 3.2882366094914763, 5.482928049865327, 4.908184774209074, 4.416666666666666, 4.038873605350878, 3.881043674065006, 3.75, 4.031128874149275, 5.836308764964376, 5.300026205385949, 4.848396069262952, 4.5069390943299865, 5.227601610332042, 4.88374477358196, 4.7762432936357, 6.468406123441676, 5.988994536276983, 5.593274731516611, 5.300026205385948, 7.141914620355276, 6.71079147509608, 6.360140634364062, 6.103846692409996, 7.0144100669056355, 7.846177413237608, 7.4558887986461935, 7.1419146203552755, 6.914658342969665, 7.713567162991708], [3.640054944640259, 2.848001248439177, 2.0883273476902775, 1.4142135623730951, 1.118033988749895, 1.118033988749895, 0.5590169943749475, 0.5590169943749475, 0.0, 1.0, 3.5355339059327378, 2.7131367660166177, 1.9002923751652296, 1.118033988749895, 0.7071067811865476, 0.7071067811865476, 0.75, 1.25, 1.346291201783626, 1.346291201783626, 1.5, 4.031128874149275, 3.3333333333333335, 2.7131367660166177, 2.23606797749979, 2.0615528128088303, 2.0615528128088303, 2.25, 3.578551409834758, 2.7950849718747373, 2.7950849718747373, 3.0, 4.949747468305833, 4.400126260814695, 3.9510898637098992, 3.640054944640259, 3.5355339059327378, 3.5355339059327378, 3.75, 5.315072906367325, 4.8074017006186525, 4.400126260814695, 4.123105625617661, 5.335769082140526, 4.47835206093271, 4.5, 5.967504596656052, 5.520165053893065, 5.1693541397569405, 4.935697631653615, 6.660413734229362, 6.262764742685312, 5.955856128401879, 5.754225500544023, 6.579670561352726, 7.3824115301167, 7.025746302785998, 6.75359986311827, 6.576473218982953, 7.462376569378806], [4.6097722286464435, 3.8005847503304597, 3.0046260628866577, 2.23606797749979, 1.8027756377319946, 1.118033988749895, 1.5206906325745548, 0.5590169943749475, 1.0, 0.0, 4.527692569068709, 3.7006005518624194, 2.877112750272011, 2.0615528128088303, 1.5811388300841898, 0.7071067811865476, 1.25, 0.75, 1.9525624189766635, 1.346291201783626, 1.8027756377319946, 4.924428900898052, 4.176654695380556, 3.4681086744474685, 2.8284271247461903, 2.5, 2.0615528128088303, 2.462214450449026, 2.9084645647912386, 3.132491021535417, 2.7950849718747373, 3.1622776601683795, 5.70087712549569, 5.068968775248516, 4.503085362035432, 4.031128874149275, 3.8078865529319543, 3.5355339059327378, 3.881043674065006, 6.020797289396148, 5.426273532033235, 4.901813723284247, 4.47213595499958, 4.744885913112739, 4.87344236138145, 4.6097722286464435, 6.603870918719649, 6.066758241067098, 5.60257877132387, 5.2307849421584045, 7.236097782030804, 6.749485577105529, 6.335525936249405, 6.009252125773315, 7.030593180273035, 7.905694150420948, 7.4628710590793705, 7.090682462060882, 6.800735254367722, 7.498488994642126], [1.5, 1.7159383568311668, 2.242270674512285, 2.9154759474226504, 3.3541019662496847, 4.272001872658765, 3.092329219213245, 4.0697051490249265, 3.5355339059327378, 4.527692569068709, 0.0, 0.8333333333333335, 1.666666666666667, 2.5, 3.0, 4.0, 3.5089172119045497, 4.5069390943299865, 3.092329219213245, 4.0697051490249265, 3.640054944640259, 1.5, 1.7159383568311668, 2.242270674512285, 2.9154759474226504, 3.3541019662496847, 4.272001872658765, 3.913118960624632, 6.453001860429229, 3.75, 4.589389937671455, 4.301162633521313, 3.0, 3.1135902820449006, 3.4318767136623336, 3.905124837953327, 4.242640687119285, 5.0, 4.7762432936357, 3.5, 3.5978388574871505, 3.8765677832043357, 4.301162633521313, 7.8276357429792025, 4.342001537066187, 5.315072906367325, 4.333333333333333, 4.412734098291242, 4.642796092394706, 5.002777006601211, 5.166666666666667, 5.233439489369195, 5.42883249163411, 5.7397251192408545, 5.635100486056644, 6.0, 6.057593948462083, 6.227180564089801, 6.5, 7.89539565726666], [1.7159383568311668, 1.5, 1.7159383568311668, 2.2422706745122847, 2.6352313834736494, 3.5039660069381062, 2.2928027486996005, 3.254270698294439, 2.7131367660166177, 3.7006005518624194, 0.8333333333333335, 0.0, 0.8333333333333335, 1.6666666666666665, 2.1666666666666665, 3.1666666666666665, 2.6783597799980328, 3.6751795118666575, 2.2928027486996005, 3.254270698294439, 2.848001248439177, 1.7159383568311668, 1.5, 1.7159383568311668, 2.2422706745122847, 2.6352313834736494, 3.5039660069381062, 3.1896098681674396, 5.6609737735653, 3.123610802331885, 3.8846206736022215, 3.655285366576885, 3.1135902820449006, 3.0, 3.1135902820449006, 3.431876713662333, 3.7006005518624194, 4.362084109434134, 4.203999418543146, 3.5978388574871505, 3.5, 3.5978388574871505, 3.8765677832043357, 7.094781036883201, 3.994966564194921, 4.8074017006186525, 4.412734098291242, 4.333333333333333, 4.412734098291242, 4.642796092394706, 5.233439489369195, 5.166666666666667, 5.233439489369195, 5.42883249163411, 5.55845737663565, 6.057593948462083, 6.0, 6.057593948462083, 6.227180564089801, 7.537590993073257], [2.242270674512285, 1.7159383568311668, 1.5, 1.7159383568311666, 2.0069324297987157, 2.7738861628488727, 1.5297966458904846, 2.4509068616421232, 1.9002923751652296, 2.877112750272011, 1.666666666666667, 0.8333333333333335, 0.0, 0.833333333333333, 1.333333333333333, 2.333333333333333, 1.8503002759312095, 2.8443413609793353, 1.5297966458904846, 2.4509068616421232, 2.0883273476902775, 2.242270674512285, 1.7159383568311668, 1.5, 1.7159383568311666, 2.0069324297987157, 2.7738861628488727, 2.534484387624258, 4.882714819459982, 2.6153924710792023, 3.2414417231294537, 3.100179206289712, 3.4318767136623336, 3.1135902820449006, 3.0, 3.1135902820449006, 3.2829526005987013, 3.8005847503304597, 3.7314355295396853, 3.8765677832043357, 3.5978388574871505, 3.5, 3.5978388574871505, 6.386614399410557, 3.8020293579974496, 4.400126260814695, 4.642796092394706, 4.412734098291242, 4.333333333333333, 4.412734098291241, 5.42883249163411, 5.233439489369195, 5.166666666666667, 5.233439489369194, 5.606017143809286, 6.227180564089801, 6.057593948462083, 6.0, 6.057593948462083, 7.25824856710087], [2.9154759474226504, 2.2422706745122847, 1.7159383568311666, 1.5, 1.5811388300841898, 2.1213203435596424, 0.9013878188659973, 1.6770509831248424, 1.118033988749895, 2.0615528128088303, 2.5, 1.6666666666666665, 0.833333333333333, 0.0, 0.5, 1.5, 1.0307764064044151, 2.0155644370746373, 0.9013878188659973, 1.6770509831248424, 1.4142135623730951, 2.9154759474226504, 2.2422706745122847, 1.7159383568311666, 1.5, 1.5811388300841898, 2.1213203435596424, 2.0155644370746373, 4.126023853571738, 2.3048861143232218, 2.704163456597992, 2.692582403567252, 3.905124837953327, 3.431876713662333, 3.1135902820449006, 3.0, 3.0413812651491097, 3.3541019662496847, 3.400367627183861, 4.301162633521313, 3.8765677832043357, 3.5978388574871505, 3.5, 5.712325087132905, 3.78681733359328, 4.123105625617661, 5.002777006601211, 4.642796092394706, 4.412734098291241, 4.333333333333333, 5.7397251192408545, 5.42883249163411, 5.233439489369194, 5.166666666666667, 5.7747118468700105, 6.5, 6.227180564089801, 6.057593948462083, 6.0, 7.066679236648107], [3.3541019662496847, 2.6352313834736494, 2.0069324297987157, 1.5811388300841898, 1.5, 1.8027756377319946, 0.75, 1.25, 0.7071067811865476, 1.5811388300841898, 3.0, 2.1666666666666665, 1.333333333333333, 0.5, 0.0, 1.0, 0.5590169943749475, 1.5206906325745548, 0.75, 1.25, 1.118033988749895, 3.3541019662496847, 2.6352313834736494, 2.0069324297987157, 1.5811388300841898, 1.5, 1.8027756377319946, 1.8200274723201295, 3.687904663376068, 2.25, 2.462214450449026, 2.5495097567963922, 4.242640687119285, 3.7006005518624194, 3.2829526005987013, 3.0413812651491097, 3.0, 3.1622776601683795, 3.2882366094914763, 4.6097722286464435, 4.1163630117428225, 3.745367509040705, 3.5355339059327378, 5.3293914489698, 3.8648916093502543, 4.031128874149275, 5.270462766947299, 4.844813951249544, 4.533823502911814, 4.362084109434133, 5.97448277631164, 5.602578771323871, 5.335936864527374, 5.190803834132479, 5.930083034803633, 6.708203932499369, 6.379219736334879, 6.146362971528592, 6.020797289396148, 6.997005931357434], [4.272001872658765, 3.5039660069381062, 2.7738861628488727, 2.1213203435596424, 1.8027756377319946, 1.5, 1.25, 0.75, 0.7071067811865476, 0.7071067811865476, 4.0, 3.1666666666666665, 2.333333333333333, 1.5, 1.0, 0.0, 0.5590169943749475, 0.5590169943749475, 1.25, 0.75, 1.118033988749895, 4.272001872658765, 3.5039660069381062, 2.7738861628488727, 2.1213203435596424, 1.8027756377319946, 1.5, 1.8200274723201295, 2.8729386937362413, 2.462214450449026, 2.25, 2.5495097567963922, 5.0, 4.362084109434134, 3.8005847503304597, 3.3541019662496847, 3.1622776601683795, 3.0, 3.2882366094914763, 5.315072906367325, 4.719934086168766, 4.206476488041321, 3.8078865529319543, 4.630974394971471, 4.199070185180638, 4.031128874149275, 5.89726867098471, 5.3670807293682055, 4.9216076867444665, 4.585605497399201, 6.534098594637553, 6.059886320899281, 5.669117117231649, 5.380004130522991, 6.348469151711763, 7.211102550927978, 6.784377479015873, 6.437735971942655, 6.18465843842649, 6.964076761711233], [3.913118960624632, 3.1896098681674396, 2.534484387624258, 2.0155644370746373, 1.8200274723201295, 1.8200274723201295, 1.118033988749895, 1.118033988749895, 0.75, 1.25, 3.5089172119045497, 2.6783597799980328, 1.8503002759312095, 1.0307764064044151, 0.5590169943749475, 0.5590169943749475, 0.0, 1.0, 0.7071067811865476, 0.7071067811865476, 0.75, 3.7165171868296265, 2.945099507845382, 2.2189211592823908, 1.6007810593582121, 1.346291201783626, 1.346291201783626, 1.5, 3.130542774292218, 2.0615528128088303, 2.0615528128088303, 2.25, 4.451123453691214, 3.830614978187068, 3.3050886691753236, 2.9261749776799064, 2.7950849718747373, 2.7950849718747373, 3.0, 4.7762432936357, 4.203999418543146, 3.7314355295396853, 3.400367627183861, 4.792028479512823, 3.7698626749848714, 3.75, 5.378067600087517, 4.876958296133177, 4.4760163339985946, 4.2039994185431455, 6.035197686166636, 5.593274731516612, 5.2473538304770555, 5.0173310744967905, 5.896454585550579, 6.73145600891813, 6.338265623268807, 6.035197686166635, 5.836308764964376, 6.71277221632287], [4.828301978956992, 4.0628739144163015, 3.330206867114681, 2.6575364531836625, 2.3048861143232218, 1.8200274723201295, 1.8027756377319946, 1.118033988749895, 1.25, 0.75, 4.5069390943299865, 3.6751795118666575, 2.8443413609793353, 2.0155644370746373, 1.5206906325745548, 0.5590169943749475, 1.0, 0.0, 1.5811388300841898, 0.7071067811865476, 1.25, 4.670385423067351, 3.8738797663898197, 3.0968173626770077, 2.358495283014151, 1.9525624189766635, 1.346291201783626, 1.8027756377319946, 2.3352588707655455, 2.5, 2.0615528128088303, 2.462214450449026, 5.273755777432247, 4.583333333333333, 3.948452580160711, 3.400367627183861, 3.132491021535417, 2.7950849718747373, 3.1622776601683795, 5.55090082779363, 4.899688198696366, 4.311644440092176, 3.816084380618437, 4.123960181547699, 4.2316270932457, 3.881043674065006, 6.076480158044713, 5.487991942008985, 4.970049183749481, 4.546824288567913, 6.665103983518271, 6.1333559782190665, 5.6746267620777395, 5.307881979764726, 6.395729235203008, 7.301540933255117, 6.819600020854922, 6.410169871210729, 6.0878978309429606, 6.752894488128149], [3.75, 3.123610802331885, 2.6153924710792023, 2.3048861143232218, 2.25, 2.462214450449026, 1.5, 1.8027756377319946, 1.346291201783626, 1.9525624189766635, 3.092329219213245, 2.2928027486996005, 1.5297966458904846, 0.9013878188659973, 0.75, 1.25, 0.7071067811865476, 1.5811388300841898, 0.0, 1.0, 0.5590169943749475, 3.092329219213245, 2.2928027486996005, 1.5297966458904846, 0.9013878188659973, 0.75, 1.25, 1.118033988749895, 3.368220401783979, 1.5, 1.8027756377319946, 1.8200274723201295, 3.75, 3.123610802331885, 2.6153924710792023, 2.3048861143232218, 2.25, 2.462214450449026, 2.5495097567963922, 4.0697051490249265, 3.5009919229333337, 3.056186803482041, 2.7950849718747373, 4.862665777830885, 3.1374535149719494, 3.2882366094914763, 4.6733582976033174, 4.187448175467037, 3.8233565823181537, 3.6180488910154014, 5.339189493213782, 4.919490714381814, 4.613536845222137, 4.44487845103153, 5.233736407500344, 6.046693311223912, 5.679519737129579, 5.416666666666667, 5.273755777432247, 6.251586900017752], [4.589389937671455, 3.8846206736022215, 3.2414417231294537, 2.704163456597992, 2.462214450449026, 2.25, 1.8027756377319946, 1.5, 1.346291201783626, 1.346291201783626, 4.0697051490249265, 3.254270698294439, 2.4509068616421232, 1.6770509831248424, 1.25, 0.75, 0.7071067811865476, 0.7071067811865476, 1.0, 0.0, 0.5590169943749475, 4.0697051490249265, 3.254270698294439, 2.4509068616421232, 1.6770509831248424, 1.25, 0.75, 1.118033988749895, 2.4490905672942724, 1.8027756377319946, 1.5, 1.8200274723201295, 4.589389937671455, 3.8846206736022215, 3.2414417231294537, 2.704163456597992, 2.462214450449026, 2.25, 2.5495097567963922, 4.8541219597369, 4.1940765107205396, 3.6065141680637334, 3.132491021535417, 4.085220813789213, 3.5409628389262706, 3.2882366094914763, 5.370314495239341, 4.782055578467857, 4.276063870222499, 3.884620673602221, 5.958770380241585, 5.43458574522679, 4.995136523548569, 4.664433989718844, 5.703435153814289, 6.600189391222043, 6.131091075638803, 5.745167051047727, 5.460082416960389, 6.214709318063788], [4.301162633521313, 3.655285366576885, 3.100179206289712, 2.692582403567252, 2.5495097567963922, 2.5495097567963922, 1.8200274723201295, 1.8200274723201295, 1.5, 1.8027756377319946, 3.640054944640259, 2.848001248439177, 2.0883273476902775, 1.4142135623730951, 1.118033988749895, 1.118033988749895, 0.75, 1.25, 0.5590169943749475, 0.5590169943749475, 0.0, 3.5355339059327378, 2.7131367660166177, 1.9002923751652296, 1.118033988749895, 0.7071067811865476, 0.7071067811865476, 0.75, 2.8141723348999257, 1.346291201783626, 1.346291201783626, 1.5, 4.031128874149275, 3.3333333333333335, 2.7131367660166177, 2.23606797749979, 2.0615528128088303, 2.0615528128088303, 2.25, 4.301162633521313, 3.655285366576885, 3.100179206289712, 2.692582403567252, 4.310642898570606, 3.0810861712759565, 3.0, 4.833333333333333, 4.268749491621899, 3.804237403504442, 3.48010216963685, 5.441609239104836, 4.94694069321861, 4.552166761249222, 4.28498671072748, 5.231566559166499, 6.103277807866851, 5.666666666666667, 5.325515102890153, 5.0990195135927845, 5.96326735886114], [3.0, 3.1135902820449006, 3.4318767136623336, 3.905124837953327, 4.242640687119285, 5.0, 3.75, 4.589389937671455, 4.031128874149275, 4.924428900898052, 1.5, 1.7159383568311668, 2.242270674512285, 2.9154759474226504, 3.3541019662496847, 4.272001872658765, 3.7165171868296265, 4.670385423067351, 3.092329219213245, 4.0697051490249265, 3.5355339059327378, 0.0, 0.8333333333333335, 1.666666666666667, 2.5, 3.0, 4.0, 3.5089172119045497, 6.1850439568679585, 3.092329219213245, 4.0697051490249265, 3.640054944640259, 1.5, 1.7159383568311668, 2.242270674512285, 2.9154759474226504, 3.3541019662496847, 4.272001872658765, 3.913118960624632, 2.0, 2.1666666666666665, 2.6034165586355518, 3.2015621187164243, 7.272076170244369, 3.128966628306031, 4.301162633521313, 2.833333333333333, 2.9533408577782247, 3.2871804872193366, 3.7785946829182113, 3.666666666666667, 3.7601713908928263, 4.027681991198191, 4.437842318564782, 4.163121599835073, 4.5, 4.576510072581994, 4.7987266829626565, 5.1478150704935, 6.611411809502578], [3.1135902820449006, 3.0, 3.1135902820449006, 3.431876713662333, 3.7006005518624194, 4.362084109434134, 3.123610802331885, 3.8846206736022215, 3.3333333333333335, 4.176654695380556, 1.7159383568311668, 1.5, 1.7159383568311668, 2.2422706745122847, 2.6352313834736494, 3.5039660069381062, 2.945099507845382, 3.8738797663898197, 2.2928027486996005, 3.254270698294439, 2.7131367660166177, 0.8333333333333335, 0.0, 0.8333333333333335, 1.6666666666666665, 2.1666666666666665, 3.1666666666666665, 2.6783597799980328, 5.353518450764872, 2.2928027486996005, 3.254270698294439, 2.848001248439177, 1.7159383568311668, 1.5, 1.7159383568311668, 2.2422706745122847, 2.6352313834736494, 3.5039660069381062, 3.1896098681674396, 2.1666666666666665, 2.0, 2.1666666666666665, 2.6034165586355513, 6.476660286165078, 2.6262544930381466, 3.655285366576885, 2.9533408577782247, 2.833333333333333, 2.9533408577782247, 3.287180487219336, 3.7601713908928263, 3.666666666666667, 3.7601713908928263, 4.027681991198191, 4.058777201933211, 4.576510072581994, 4.5, 4.576510072581994, 4.7987266829626565, 6.179706425786262], [3.4318767136623336, 3.1135902820449006, 3.0, 3.1135902820449006, 3.2829526005987013, 3.8005847503304597, 2.6153924710792023, 3.2414417231294537, 2.7131367660166177, 3.4681086744474685, 2.242270674512285, 1.7159383568311668, 1.5, 1.7159383568311666, 2.0069324297987157, 2.7738861628488727, 2.2189211592823908, 3.0968173626770077, 1.5297966458904846, 2.4509068616421232, 1.9002923751652296, 1.666666666666667, 0.8333333333333335, 0.0, 0.833333333333333, 1.333333333333333, 2.333333333333333, 1.8503002759312095, 4.522658482116451, 1.5297966458904846, 2.4509068616421232, 2.0883273476902775, 2.242270674512285, 1.7159383568311668, 1.5, 1.7159383568311666, 2.0069324297987157, 2.7738861628488727, 2.534484387624258, 2.6034165586355518, 2.1666666666666665, 2.0, 2.1666666666666665, 5.692104530648458, 2.322257964189634, 3.100179206289712, 3.2871804872193366, 2.9533408577782247, 2.833333333333333, 2.9533408577782247, 4.027681991198191, 3.7601713908928263, 3.666666666666667, 3.7601713908928263, 4.123669747171944, 4.7987266829626565, 4.576510072581994, 4.5, 4.576510072581994, 5.835723244968592], [3.905124837953327, 3.431876713662333, 3.1135902820449006, 3.0, 3.0413812651491097, 3.3541019662496847, 2.3048861143232218, 2.704163456597992, 2.23606797749979, 2.8284271247461903, 2.9154759474226504, 2.2422706745122847, 1.7159383568311666, 1.5, 1.5811388300841898, 2.1213203435596424, 1.6007810593582121, 2.358495283014151, 0.9013878188659973, 1.6770509831248424, 1.118033988749895, 2.5, 1.6666666666666665, 0.833333333333333, 0.0, 0.5, 1.5, 1.0307764064044151, 3.692913291417595, 0.9013878188659973, 1.6770509831248424, 1.4142135623730951, 2.9154759474226504, 2.2422706745122847, 1.7159383568311666, 1.5, 1.5811388300841898, 2.1213203435596424, 2.0155644370746373, 3.2015621187164243, 2.6034165586355513, 2.1666666666666665, 2.0, 4.92360319300392, 2.29726801465789, 2.692582403567252, 3.7785946829182113, 3.287180487219336, 2.9533408577782247, 2.833333333333333, 4.437842318564782, 4.027681991198191, 3.7601713908928263, 3.666666666666667, 4.350232279021243, 5.1478150704935, 4.7987266829626565, 4.576510072581994, 4.5, 5.595663406935623], [4.242640687119285, 3.7006005518624194, 3.2829526005987013, 3.0413812651491097, 3.0, 3.1622776601683795, 2.25, 2.462214450449026, 2.0615528128088303, 2.5, 3.3541019662496847, 2.6352313834736494, 2.0069324297987157, 1.5811388300841898, 1.5, 1.8027756377319946, 1.346291201783626, 1.9525624189766635, 0.75, 1.25, 0.7071067811865476, 3.0, 2.1666666666666665, 1.333333333333333, 0.5, 0.0, 1.0, 0.5590169943749475, 3.195962537927613, 0.75, 1.25, 1.118033988749895, 3.3541019662496847, 2.6352313834736494, 2.0069324297987157, 1.5811388300841898, 1.5, 1.8027756377319946, 1.8200274723201295, 3.605551275463989, 2.948634335492355, 2.403700850309326, 2.0615528128088303, 4.473658873609259, 2.4238073283975523, 2.5495097567963922, 4.126472801046649, 3.5668224265054493, 3.1313823713426556, 2.877112750272011, 4.737556801183965, 4.258977446393546, 3.901566636906542, 3.70060055186242, 4.554460315638217, 5.408326913195984, 4.994441354590566, 4.693375946776241, 4.527692569068709, 5.507411872512899], [5.0, 4.362084109434134, 3.8005847503304597, 3.3541019662496847, 3.1622776601683795, 3.0, 2.462214450449026, 2.25, 2.0615528128088303, 2.0615528128088303, 4.272001872658765, 3.5039660069381062, 2.7738861628488727, 2.1213203435596424, 1.8027756377319946, 1.5, 1.346291201783626, 1.346291201783626, 1.25, 0.75, 0.7071067811865476, 4.0, 3.1666666666666665, 2.333333333333333, 1.5, 1.0, 0.0, 0.5590169943749475, 2.2061986482755045, 1.25, 0.75, 1.118033988749895, 4.272001872658765, 3.5039660069381062, 2.7738861628488727, 2.1213203435596424, 1.8027756377319946, 1.5, 1.8200274723201295, 4.47213595499958, 3.745367509040705, 3.0731814857642954, 2.5, 3.613465697630437, 2.9273956400255563, 2.5495097567963922, 4.901813723284247, 4.249182927993987, 3.6704525909242065, 3.2058973436118907, 5.426273532033235, 4.844813951249544, 4.346134936801766, 3.9616214413349047, 5.0872669025021064, 6.020797289396148, 5.50252467307306, 5.068968775248516, 4.743416490252569, 5.465515407813917], [4.7762432936357, 4.203999418543146, 3.7314355295396853, 3.400367627183861, 3.2882366094914763, 3.2882366094914763, 2.5495097567963922, 2.5495097567963922, 2.25, 2.462214450449026, 3.913118960624632, 3.1896098681674396, 2.534484387624258, 2.0155644370746373, 1.8200274723201295, 1.8200274723201295, 1.5, 1.8027756377319946, 1.118033988749895, 1.118033988749895, 0.75, 3.5089172119045497, 2.6783597799980328, 1.8503002759312095, 1.0307764064044151, 0.5590169943749475, 0.5590169943749475, 0.0, 2.6765339152267393, 0.7071067811865476, 0.7071067811865476, 0.75, 3.7165171868296265, 2.945099507845382, 2.2189211592823908, 1.6007810593582121, 1.346291201783626, 1.346291201783626, 1.5, 3.913118960624632, 3.1896098681674396, 2.534484387624258, 2.0155644370746373, 3.9146835695279916, 2.428851457255419, 2.25, 4.350127712046063, 3.7127782349909104, 3.1677629681247015, 2.7701283564324433, 4.89117686360973, 4.334134541315281, 3.8774633747106138, 3.5600015605489714, 4.592972963834857, 5.50567888638631, 5.01733107449679, 4.628564692332938, 4.366062299143245, 5.213904904990229], [7.037591723950554, 6.319263274093617, 5.632705235540766, 4.99104569229307, 4.635418542965153, 4.01749187930494, 4.120846143367654, 3.4109395874339405, 3.578551409834758, 2.9084645647912386, 6.453001860429229, 5.6609737735653, 4.882714819459982, 4.126023853571738, 3.687904663376068, 2.8729386937362413, 3.130542774292218, 2.3352588707655455, 3.368220401783979, 2.4490905672942724, 2.8141723348999257, 6.1850439568679585, 5.353518450764872, 4.522658482116451, 3.692913291417595, 3.195962537927613, 2.2061986482755045, 2.6765339152267393, 0.0, 3.19506563511293, 2.2048991687819974, 2.7446496439804227, 6.274416665003577, 5.4565277915874, 4.644133448076793, 3.840721848248646, 3.365666691982804, 2.4455772760921755, 3.0045581267542056, 6.382748864345456, 5.580759278054758, 4.789483694802001, 4.015261248641623, 1.8515089460761718, 4.443744981450999, 3.4127170122774055, 6.643484914445276, 5.8771832422303305, 5.131818664560643, 4.4180008644184126, 6.994368408978012, 6.27109085365542, 5.578607392349872, 4.92991168988345, 6.404071040403542, 7.422625947833161, 6.745425636365521, 6.106967083497108, 5.520707906689687, 5.637159787093661], [4.802343178074636, 4.330928820062094, 3.979984645419851, 3.783186487605389, 3.75, 3.881043674065006, 3.0, 3.1622776601683795, 2.7950849718747373, 3.132491021535417, 3.75, 3.123610802331885, 2.6153924710792023, 2.3048861143232218, 2.25, 2.462214450449026, 2.0615528128088303, 2.5, 1.5, 1.8027756377319946, 1.346291201783626, 3.092329219213245, 2.2928027486996005, 1.5297966458904846, 0.9013878188659973, 0.75, 1.25, 0.7071067811865476, 3.19506563511293, 0.0, 1.0, 0.5590169943749475, 3.092329219213245, 2.2928027486996005, 1.5297966458904846, 0.9013878188659973, 0.75, 1.25, 1.118033988749895, 3.25, 2.5013885033006056, 1.827642683288442, 1.346291201783626, 4.184104320874193, 1.740996660472823, 1.8200274723201295, 3.6524345001351874, 3.0057814661452387, 2.4734703466093046, 2.1424933553637397, 4.184130070211064, 3.6333715594319402, 3.2069802341489764, 2.9592134840941178, 3.9011819683593476, 4.802343178074636, 4.330928820062094, 3.979984645419851, 3.783186487605389, 4.765063724497133], [5.482928049865327, 4.908184774209074, 4.416666666666666, 4.038873605350878, 3.881043674065006, 3.75, 3.1622776601683795, 3.0, 2.7950849718747373, 2.7950849718747373, 4.589389937671455, 3.8846206736022215, 3.2414417231294537, 2.704163456597992, 2.462214450449026, 2.25, 2.0615528128088303, 2.0615528128088303, 1.8027756377319946, 1.5, 1.346291201783626, 4.0697051490249265, 3.254270698294439, 2.4509068616421232, 1.6770509831248424, 1.25, 0.75, 0.7071067811865476, 2.2048991687819974, 1.0, 0.0, 0.5590169943749475, 4.0697051490249265, 3.254270698294439, 2.4509068616421232, 1.6770509831248424, 1.25, 0.75, 1.118033988749895, 4.190763653560053, 3.404449702635916, 2.6470633623780984, 1.9525624189766635, 3.248113236709435, 2.3928795706897743, 1.8200274723201295, 4.510019709244936, 3.790521805181386, 3.1280540631872427, 2.567153633458227, 4.950448913426382, 4.305197117696497, 3.735155805169162, 3.279778109025738, 4.511806347885747, 5.482928049865327, 4.908184774209074, 4.416666666666666, 4.038873605350878, 4.716577725223425], [5.315072906367325, 4.8074017006186525, 4.400126260814695, 4.123105625617661, 4.031128874149275, 4.031128874149275, 3.2882366094914763, 3.2882366094914763, 3.0, 3.1622776601683795, 4.301162633521313, 3.655285366576885, 3.100179206289712, 2.692582403567252, 2.5495097567963922, 2.5495097567963922, 2.25, 2.462214450449026, 1.8200274723201295, 1.8200274723201295, 1.5, 3.640054944640259, 2.848001248439177, 2.0883273476902775, 1.4142135623730951, 1.118033988749895, 1.118033988749895, 0.75, 2.7446496439804227, 0.5590169943749475, 0.5590169943749475, 0.0, 3.5355339059327378, 2.7131367660166177, 1.9002923751652296, 1.118033988749895, 0.7071067811865476, 0.7071067811865476, 0.75, 3.640054944640259, 2.848001248439177, 2.0883273476902775, 1.4142135623730951, 3.6321966769528933, 1.8521735361449299, 1.5, 3.9510898637098992, 3.2360813064912666, 2.5927248643506737, 2.0883273476902775, 4.400126260814695, 3.7712361663282534, 3.2360813064912666, 2.8480012484391772, 3.993308481703699, 4.949747468305833, 4.400126260814695, 3.9510898637098992, 3.640054944640259, 4.464756558123144], [4.5, 4.576510072581994, 4.7987266829626565, 5.1478150704935, 5.408326913195984, 6.020797289396148, 4.802343178074636, 5.482928049865327, 4.949747468305833, 5.70087712549569, 3.0, 3.1135902820449006, 3.4318767136623336, 3.905124837953327, 4.242640687119285, 5.0, 4.451123453691214, 5.273755777432247, 3.75, 4.589389937671455, 4.031128874149275, 1.5, 1.7159383568311668, 2.242270674512285, 2.9154759474226504, 3.3541019662496847, 4.272001872658765, 3.7165171868296265, 6.274416665003577, 3.092329219213245, 4.0697051490249265, 3.5355339059327378, 0.0, 0.8333333333333335, 1.666666666666667, 2.5, 3.0, 4.0, 3.5089172119045497, 0.5, 0.9718253158075502, 1.7400510848184252, 2.5495097567963922, 6.999593011519059, 2.28645729770326, 3.640054944640259, 1.333333333333333, 1.5723301886761003, 2.1343747458109497, 2.833333333333333, 2.166666666666667, 2.3213980461973533, 2.7335365778094545, 3.308238873546535, 2.721912089335516, 3.0, 3.1135902820449006, 3.4318767136623336, 3.905124837953327, 5.439141443727592], [4.576510072581994, 4.5, 4.576510072581994, 4.7987266829626565, 4.994441354590566, 5.50252467307306, 4.330928820062094, 4.908184774209074, 4.400126260814695, 5.068968775248516, 3.1135902820449006, 3.0, 3.1135902820449006, 3.431876713662333, 3.7006005518624194, 4.362084109434134, 3.830614978187068, 4.583333333333333, 3.123610802331885, 3.8846206736022215, 3.3333333333333335, 1.7159383568311668, 1.5, 1.7159383568311668, 2.2422706745122847, 2.6352313834736494, 3.5039660069381062, 2.945099507845382, 5.4565277915874, 2.2928027486996005, 3.254270698294439, 2.7131367660166177, 0.8333333333333335, 0.0, 0.8333333333333335, 1.6666666666666665, 2.1666666666666665, 3.1666666666666665, 2.6783597799980328, 0.9718253158075502, 0.5, 0.9718253158075502, 1.740051084818425, 6.169144102990167, 1.5279618697371786, 2.848001248439177, 1.5723301886761003, 1.333333333333333, 1.5723301886761003, 2.134374745810949, 2.3213980461973533, 2.166666666666667, 2.3213980461973533, 2.7335365778094545, 2.5594718873217355, 3.1135902820449006, 3.0, 3.1135902820449006, 3.431876713662333, 4.905330268080726], [4.7987266829626565, 4.576510072581994, 4.5, 4.576510072581994, 4.693375946776241, 5.068968775248516, 3.979984645419851, 4.416666666666666, 3.9510898637098992, 4.503085362035432, 3.4318767136623336, 3.1135902820449006, 3.0, 3.1135902820449006, 3.2829526005987013, 3.8005847503304597, 3.3050886691753236, 3.948452580160711, 2.6153924710792023, 3.2414417231294537, 2.7131367660166177, 2.242270674512285, 1.7159383568311668, 1.5, 1.7159383568311666, 2.0069324297987157, 2.7738861628488727, 2.2189211592823908, 4.644133448076793, 1.5297966458904846, 2.4509068616421232, 1.9002923751652296, 1.666666666666667, 0.8333333333333335, 0.0, 0.833333333333333, 1.333333333333333, 2.333333333333333, 1.8503002759312095, 1.7400510848184252, 0.9718253158075502, 0.5, 0.9718253158075498, 5.3395940378365045, 0.9112282180715572, 2.0883273476902775, 2.1343747458109497, 1.5723301886761003, 1.333333333333333, 1.5723301886761003, 2.7335365778094545, 2.3213980461973533, 2.166666666666667, 2.3213980461973533, 2.661179466101193, 3.4318767136623336, 3.1135902820449006, 3.0, 3.1135902820449006, 4.464208700532678], [5.1478150704935, 4.7987266829626565, 4.576510072581994, 4.5, 4.527692569068709, 4.743416490252569, 3.783186487605389, 4.038873605350878, 3.640054944640259, 4.031128874149275, 3.905124837953327, 3.431876713662333, 3.1135902820449006, 3.0, 3.0413812651491097, 3.3541019662496847, 2.9261749776799064, 3.400367627183861, 2.3048861143232218, 2.704163456597992, 2.23606797749979, 2.9154759474226504, 2.2422706745122847, 1.7159383568311666, 1.5, 1.5811388300841898, 2.1213203435596424, 1.6007810593582121, 3.840721848248646, 0.9013878188659973, 1.6770509831248424, 1.118033988749895, 2.5, 1.6666666666666665, 0.833333333333333, 0.0, 0.5, 1.5, 1.0307764064044151, 2.5495097567963922, 1.740051084818425, 0.9718253158075498, 0.5, 4.511438673331251, 0.8455147215382384, 1.4142135623730951, 2.833333333333333, 2.134374745810949, 1.5723301886761003, 1.333333333333333, 3.308238873546535, 2.7335365778094545, 2.3213980461973533, 2.166666666666667, 3.0002907939891195, 3.905124837953327, 3.431876713662333, 3.1135902820449006, 3.0, 4.145472529611467], [5.408326913195984, 4.994441354590566, 4.693375946776241, 4.527692569068709, 4.5, 4.6097722286464435, 3.75, 3.881043674065006, 3.5355339059327378, 3.8078865529319543, 4.242640687119285, 3.7006005518624194, 3.2829526005987013, 3.0413812651491097, 3.0, 3.1622776601683795, 2.7950849718747373, 3.132491021535417, 2.25, 2.462214450449026, 2.0615528128088303, 3.3541019662496847, 2.6352313834736494, 2.0069324297987157, 1.5811388300841898, 1.5, 1.8027756377319946, 1.346291201783626, 3.365666691982804, 0.75, 1.25, 0.7071067811865476, 3.0, 2.1666666666666665, 1.333333333333333, 0.5, 0.0, 1.0, 0.5590169943749475, 3.0413812651491097, 2.223610677354389, 1.4240006242195882, 0.7071067811865476, 4.015573958787624, 1.1455552271110123, 1.118033988749895, 3.2829526005987013, 2.5440562537456244, 1.8856180831641263, 1.4240006242195882, 3.70060055186242, 3.064129385141706, 2.544056253745625, 2.2236106773543893, 3.2894274173145797, 4.242640687119285, 3.7006005518624194, 3.2829526005987013, 3.0413812651491097, 4.025553261794078], [6.020797289396148, 5.50252467307306, 5.068968775248516, 4.743416490252569, 4.6097722286464435, 4.5, 3.881043674065006, 3.75, 3.5355339059327378, 3.5355339059327378, 5.0, 4.362084109434134, 3.8005847503304597, 3.3541019662496847, 3.1622776601683795, 3.0, 2.7950849718747373, 2.7950849718747373, 2.462214450449026, 2.25, 2.0615528128088303, 4.272001872658765, 3.5039660069381062, 2.7738861628488727, 2.1213203435596424, 1.8027756377319946, 1.5, 1.346291201783626, 2.4455772760921755, 1.25, 0.75, 0.7071067811865476, 4.0, 3.1666666666666665, 2.333333333333333, 1.5, 1.0, 0.0, 0.5590169943749475, 4.031128874149275, 3.2058973436118907, 2.3863035105460586, 1.5811388300841898, 3.0279274841089348, 2.001774224633817, 1.118033988749895, 4.216370213557839, 3.4359213546813834, 2.6874192494328493, 2.0069324297987157, 4.549114687985393, 3.8369548110737792, 3.1841621957571333, 2.63523138347365, 3.9946850319331655, 5.0, 4.362084109434134, 3.8005847503304597, 3.3541019662496847, 3.968041356021411], [5.900211860602973, 5.4473489984680725, 5.091523456796709, 4.8541219597369, 4.7762432936357, 4.7762432936357, 4.031128874149275, 4.031128874149275, 3.75, 3.881043674065006, 4.7762432936357, 4.203999418543146, 3.7314355295396853, 3.400367627183861, 3.2882366094914763, 3.2882366094914763, 3.0, 3.1622776601683795, 2.5495097567963922, 2.5495097567963922, 2.25, 3.913118960624632, 3.1896098681674396, 2.534484387624258, 2.0155644370746373, 1.8200274723201295, 1.8200274723201295, 1.5, 3.0045581267542056, 1.118033988749895, 1.1