totalHoles = 60;
zeroHoleID = 27;
C = [[0.0, 3.0, 5.0, 8.0, 1.118033988749895, 2.692582403567252, 5.5901699437494745, 7.566372975210778, 1.5, 2.9154759474226504, 5.220153254455275, 7.648529270389178, 3.4203771125179654, 8.166944324031892, 2.6897386262518186, 6.102023752621013, 4.44926042925641, 8.648463352951607, 3.5999999999999996, 4.382921400162225, 6.161168720299744, 8.319254774317228, 4.382516723444766, 4.314782374439702, 6.972614067821015, 9.148563720795396, 5.76981943621554, 9.396319296752884, 5.699999999999999, 6.224146527838174, 7.582216034906945, 9.420191080864548, 6.62250882310799, 8.086900468268016, 6.781072250450843, 7.223826788440303, 10.352954818281964, 9.358233306145177, 7.800000000000001, 8.190848551890092, 9.264987857520376, 10.820813278122861, 8.744969399370039, 11.466232589474119, 11.733404495370284, 10.730939438114902, 10.30355595443255, 12.695009464593655, 9.9, 10.21077861869505, 11.090987332063815, 12.42014492669067, 12.170766246231508, 11.884864324004713, 14.0089257261219, 12.0, 12.257650672131263, 13.0, 14.150971698084906, 13.656500283747663], [3.0, 0.0, 2.0, 5.0, 2.692582403567252, 1.118033988749895, 2.692582403567252, 4.6097722286464435, 3.3541019662496847, 1.5811388300841898, 2.5, 4.743416490252569, 1.6428571428571428, 5.262982005653899, 3.637951879499098, 3.637951879499098, 3.2857142857142856, 5.982969026106264, 4.686149805543993, 3.634556369077249, 4.1182520563948, 5.762811813689563, 4.407395706426255, 4.9615871390892154, 4.9615871390892154, 6.668812223513272, 4.928571428571429, 7.020741864399418, 6.441273166075166, 5.721887800367987, 6.040695324215582, 7.262231062146122, 5.911583475101983, 6.434124585650597, 6.513644308214427, 6.571428571428571, 8.257340580924813, 7.973489236980564, 8.357032966310472, 7.816009211867653, 8.052328855678958, 9.004998611882181, 8.214285714285714, 9.616365727025899, 9.932987606155933, 9.54741123155852, 9.857142857142858, 11.052749219362685, 10.34456378974, 9.912618221237011, 10.1, 10.874741376235114, 11.141254463497734, 11.5, 12.539936203984453, 12.36931687685298, 12.010412149464313, 12.165525060596439, 12.816005617976296, 12.747548783981962], [5.0, 2.0, 0.0, 3.0, 4.6097722286464435, 2.692582403567252, 1.118033988749895, 2.692582403567252, 5.220153254455275, 2.9154759474226504, 1.5, 2.9154759474226504, 2.588238704570491, 3.4203771125179654, 5.218686987887952, 2.6897386262518186, 3.84654629081036, 4.44926042925641, 6.161168720299744, 4.382921400162225, 3.5999999999999996, 4.382921400162225, 5.437915620976382, 6.214285714285714, 4.314782374439702, 5.32205618332779, 5.318911197466133, 5.76981943621554, 7.582216034906945, 6.224146527838174, 5.699999999999999, 6.224146527838174, 6.245501039180332, 5.949618406559657, 7.075119059964105, 6.869037302955032, 7.223826788440303, 7.587920045193208, 9.264987857520376, 8.190848551890092, 7.800000000000001, 8.190848551890092, 8.454258678081619, 8.744969399370039, 9.09167479650634, 9.227841634124948, 10.057995093761106, 10.30355595443255, 11.090987332063815, 10.21077861869505, 9.9, 10.21077861869505, 10.868649917096795, 11.672617529928752, 11.884864324004713, 13.0, 12.257650672131263, 12.0, 12.257650672131263, 12.509996003196804], [8.0, 5.0, 3.0, 0.0, 7.566372975210778, 5.5901699437494745, 2.692582403567252, 1.118033988749895, 8.139410298049853, 5.70087712549569, 3.3541019662496847, 1.5811388300841898, 5.262982005653899, 1.6428571428571428, 7.952024514395754, 3.637951879499098, 5.982969026106264, 3.2857142857142856, 8.772684879784522, 6.573431371817918, 4.686149805543993, 3.634556369077249, 7.732374175026095, 8.638133301748447, 4.9615871390892154, 4.370482849471427, 7.020741864399418, 4.928571428571429, 9.822932352408825, 7.92085853932514, 6.441273166075166, 5.721887800367987, 7.7521274048714055, 6.434124585650597, 8.746538230681159, 8.257340580924813, 6.571428571428571, 7.973489236980564, 11.173182178770737, 9.544108130150246, 8.357032966310472, 7.816009211867653, 9.616365727025899, 8.214285714285714, 8.581958537391124, 9.54741123155852, 11.052749219362685, 9.857142857142858, 12.7283148923964, 11.3251931550857, 10.34456378974, 9.912618221237011, 11.141254463497734, 12.539936203984453, 11.5, 14.422205101855956, 13.200378782444085, 12.36931687685298, 12.010412149464313, 12.747548783981962], [1.118033988749895, 2.692582403567252, 4.6097722286464435, 7.566372975210778, 0.0, 2.0, 5.0, 7.0, 0.7071067811865476, 2.0615528128088303, 4.527692569068709, 7.0178344238090995, 2.5813301427989503, 7.5275006015358406, 1.6428571428571428, 5.262982005653899, 3.3874016289655358, 7.8405669307721855, 2.647640458974745, 3.280243893371345, 5.197114584074513, 7.467261881037787, 3.2758309339748846, 3.2857142857142856, 5.982969026106264, 8.256414195717365, 4.65657314657332, 8.466621136521214, 4.726520919238588, 5.107837115648853, 6.506919393998975, 8.431488599292535, 5.504485403538518, 7.020741864399418, 5.678038967517421, 6.106620696140428, 9.342955438539274, 8.257340580924813, 6.818357573492315, 7.088018058667741, 8.154140052758477, 9.759098319004682, 7.635176380893039, 10.40653248528764, 10.665713345506024, 9.616365727025899, 9.20320485438832, 11.605988953632377, 8.914033879226622, 9.121951545584968, 9.972963451251589, 11.322985472038724, 11.052749219362685, 10.793516572461451, 12.90348790056394, 11.01135777277262, 11.180339887498949, 11.884864324004713, 13.038404810405298, 12.539936203984453], [2.692582403567252, 1.118033988749895, 2.692582403567252, 5.5901699437494745, 2.0, 0.0, 3.0, 5.0, 2.5495097567963922, 0.5, 2.5495097567963922, 5.024937810560445, 0.8144110179279557, 5.53744212666123, 2.588238704570491, 3.4203771125179654, 2.3397627648798855, 5.9560464904094195, 3.6069377593742864, 2.5999999999999996, 3.6069377593742864, 5.635601121442148, 3.298008140654162, 3.84654629081036, 4.44926042925641, 6.482252765610175, 3.9602617930368895, 6.7589698526763495, 5.323532661682465, 4.699999999999999, 5.323532661682465, 6.862215385719104, 4.935465895442129, 5.76981943621554, 5.465333846653785, 5.5938194756830155, 7.828845146414036, 7.223826788440303, 7.244998274671983, 6.800000000000001, 7.244998274671983, 8.440379138403678, 7.231591689755923, 9.071709781918011, 9.367590351306278, 8.744969399370039, 8.871244534553016, 10.4258802789902, 9.244457799135654, 8.9, 9.244457799135654, 10.208329931972223, 10.30355595443255, 10.51189802081432, 11.853269591129697, 11.280514172678478, 11.0, 11.280514172678478, 12.083045973594572, 11.884864324004713], [5.5901699437494745, 2.692582403567252, 1.118033988749895, 2.692582403567252, 5.0, 3.0, 0.0, 2.0, 5.522680508593631, 3.0413812651491097, 0.7071067811865476, 2.0615528128088303, 2.5813301427989503, 2.5813301427989503, 5.262982005653899, 1.6428571428571428, 3.3874016289655358, 3.3874016289655358, 6.0835844697020525, 3.9698866482558413, 2.647640458974745, 3.280243893371345, 5.10837956475169, 5.982969026106264, 3.2857142857142856, 4.218582609868754, 4.65657314657332, 4.65657314657332, 7.234638899074368, 5.575840743780259, 4.726520919238588, 5.107837115648853, 5.517972424362778, 4.928571428571429, 6.427635285505797, 6.106620696140428, 6.106620696140428, 6.571428571428571, 8.745856161634492, 7.432361670424819, 6.818357573492315, 7.088018058667741, 7.635176380893039, 7.635176380893039, 7.983934538932437, 8.214285714285714, 9.20320485438832, 9.20320485438832, 10.462313319720453, 9.392017887546851, 8.914033879226622, 9.121951545584968, 9.857142857142858, 10.793516572461451, 10.793516572461451, 12.298373876248844, 11.40175425099138, 11.01135777277262, 11.180339887498949, 11.5], [7.566372975210778, 4.6097722286464435, 2.692582403567252, 1.118033988749895, 7.0, 5.0, 2.0, 0.0, 7.516648189186454, 5.024937810560445, 2.5495097567963922, 0.5, 4.545686450484948, 0.8144110179279557, 7.190200246991507, 2.588238704570491, 5.047225950551289, 2.3397627648798855, 7.937883848986454, 5.635601121442148, 3.6069377593742864, 2.5999999999999996, 6.8000978791049045, 7.732782058699633, 3.84654629081036, 3.412867530729052, 5.973581293444306, 3.9602617930368895, 8.850988645343524, 6.862215385719104, 5.323532661682465, 4.699999999999999, 6.6713929372606895, 5.318911197466133, 7.677515412046553, 7.161760700172173, 5.5938194756830155, 6.869037302955032, 10.123734488813898, 8.440379138403678, 7.244998274671983, 6.800000000000001, 8.502700651401701, 7.231591689755923, 7.598520812851636, 8.454258678081619, 9.934736010173433, 8.871244534553016, 11.638728452885221, 10.208329931972223, 9.244457799135654, 8.9, 10.057995093761106, 11.423659658795863, 10.51189802081432, 13.313526955694348, 12.083045973594572, 11.280514172678478, 11.0, 11.672617529928752], [1.5, 3.3541019662496847, 5.220153254455275, 8.139410298049853, 0.7071067811865476, 2.5495097567963922, 5.522680508593631, 7.516648189186454, 0.0, 2.5, 5.0, 7.5, 3.003399434518377, 8.001275408537397, 1.2474463711837842, 5.617483640294789, 3.4912426885285535, 8.19687596040126, 2.0999999999999996, 3.2649655434629015, 5.423098745182499, 7.788452991448302, 3.010598781954469, 2.8302303937369926, 6.165241607725739, 8.534356706886664, 4.555776776886279, 8.703740692415895, 4.199999999999999, 4.887739763939974, 6.529931086925803, 8.595929269136642, 5.32662451866493, 7.06132033673301, 5.3742500886195534, 5.892315992468669, 9.47203187046486, 8.192206351036281, 6.300000000000001, 6.7779052811322185, 8.043009387039158, 9.794896630388704, 7.354021529276428, 10.444215272248137, 10.685359413410117, 9.474186196272091, 8.879292580757427, 11.569003273173273, 8.4, 8.764131445842194, 9.77547952787995, 11.260994627474076, 10.853852884988797, 10.44030650891055, 12.806248474865697, 10.5, 10.793516572461451, 11.629703349613008, 12.90348790056394, 12.298373876248844], [2.9154759474226504, 1.5811388300841898, 2.9154759474226504, 5.70087712549569, 2.0615528128088303, 0.5, 3.0413812651491097, 5.024937810560445, 2.5, 0.0, 2.5, 5.0, 0.5200078492343227, 5.501854974757632, 2.3035022137995855, 3.210315007749176, 1.8543935693924527, 5.782627042288313, 3.2649655434629015, 2.0999999999999996, 3.2649655434629015, 5.423098745182499, 2.8277096316097734, 3.429315395473658, 4.093922823116314, 6.2369284373723035, 3.4648379530385442, 6.481134317449094, 4.887739763939974, 4.199999999999999, 4.887739763939974, 6.529931086925803, 4.438159395737395, 5.349041493385444, 4.966865051362251, 5.096016851924848, 7.4812691273006635, 6.7721669277978656, 6.7779052811322185, 6.300000000000001, 6.7779052811322185, 8.043009387039158, 6.732876996727418, 8.67937973895953, 8.967708211716007, 8.277089106783414, 8.372086761058672, 10.004590782970281, 8.764131445842194, 8.4, 8.764131445842194, 9.77547952787995, 9.82629749442686, 10.012492197250394, 11.412712210513327, 10.793516572461451, 10.5, 10.793516572461451, 11.629703349613008, 11.40175425099138], [5.220153254455275, 2.5, 1.5, 3.3541019662496847, 4.527692569068709, 2.5495097567963922, 0.7071067811865476, 2.5495097567963922, 5.0, 2.5, 0.0, 2.5, 2.005095549659743, 3.003399434518377, 4.642857142857143, 1.2474463711837842, 2.681189197017637, 3.4912426885285535, 5.423098745182499, 3.2649655434629015, 2.0999999999999996, 3.2649655434629015, 4.4077407473094, 5.292466729383629, 2.8302303937369926, 4.178912330430641, 3.969269711271373, 4.555776776886279, 6.529931086925803, 4.887739763939974, 4.199999999999999, 4.887739763939974, 4.8499060693070986, 4.456707854230428, 5.740812909498112, 5.451549115169195, 5.892315992468669, 6.091982017205827, 8.043009387039158, 6.7779052811322185, 6.300000000000001, 6.7779052811322185, 7.005828477279558, 7.354021529276428, 7.691727721858412, 7.730472435862678, 8.593127296548905, 8.879292580757427, 9.77547952787995, 8.764131445842194, 8.4, 8.764131445842194, 9.370492113490071, 10.198039027185569, 10.44030650891055, 11.629703349613008, 10.793516572461451, 10.5, 10.793516572461451, 11.01135777277262], [7.648529270389178, 4.743416490252569, 2.9154759474226504, 1.5811388300841898, 7.0178344238090995, 5.024937810560445, 2.0615528128088303, 0.5, 7.5, 5.0, 2.5, 0.0, 4.502267002662692, 0.5200078492343227, 7.092680907032234, 2.3035022137995855, 4.841360915094441, 1.8543935693924527, 7.788452991448302, 5.423098745182499, 3.2649655434629015, 2.0999999999999996, 6.584862582490585, 7.5339368249032095, 3.429315395473658, 2.920160988361289, 5.657305192476037, 3.4648379530385442, 8.595929269136642, 6.529931086925803, 4.887739763939974, 4.199999999999999, 6.312362389805544, 4.859243243341414, 7.331037940515424, 6.780072842905306, 5.096016851924848, 6.392358320522965, 9.794896630388704, 8.043009387039158, 6.7779052811322185, 6.300000000000001, 8.0827985656616, 6.732876996727418, 7.099687325786376, 7.969328960560772, 9.4916719672929, 8.372086761058672, 11.260994627474076, 9.77547952787995, 8.764131445842194, 8.4, 9.568496352561336, 10.965856099730654, 10.012492197250394, 12.90348790056394, 11.629703349613008, 10.793516572461451, 10.5, 11.180339887498949], [3.4203771125179654, 1.6428571428571428, 2.588238704570491, 5.262982005653899, 2.5813301427989503, 0.8144110179279557, 2.5813301427989503, 4.545686450484948, 3.003399434518377, 0.5200078492343227, 2.005095549659743, 4.502267002662692, 0.0, 5.0, 2.692582403567252, 2.692582403567252, 1.6428571428571428, 5.262982005653899, 3.5819559130823073, 2.0200020206092137, 2.798286647801705, 4.907179247109821, 2.924227590962225, 3.637951879499098, 3.637951879499098, 5.728210727992221, 3.285714285714286, 5.9829690261062645, 5.045830770375212, 4.087836611615648, 4.523318269065897, 6.058911466861461, 4.268733526021222, 4.961587139089216, 4.8921643350927555, 4.928571428571429, 7.020741864399418, 6.434124585650597, 6.849117327310529, 6.177411121437954, 6.473824848052758, 7.626297146273893, 6.571428571428571, 8.257340580924813, 8.553675174907564, 7.973489236980564, 8.214285714285715, 9.6163657270259, 8.785238082332507, 8.272267413669926, 8.49590537631307, 9.403744369306587, 9.547411231558522, 9.857142857142858, 11.052749219362685, 10.782875690800916, 10.369204798983638, 10.548478950221464, 11.292493443135813, 11.141254463497734], [8.166944324031892, 5.262982005653899, 3.4203771125179654, 1.6428571428571428, 7.5275006015358406, 5.53744212666123, 2.5813301427989503, 0.8144110179279557, 8.001275408537397, 5.501854974757632, 3.003399434518377, 0.5200078492343227, 5.0, 0.0, 7.566372975210778, 2.692582403567252, 5.262982005653899, 1.6428571428571428, 8.235921816242874, 5.837842766233543, 3.5819559130823073, 2.0200020206092137, 6.99396743439163, 7.952024514395754, 3.637951879499098, 2.7277210285014544, 5.9829690261062645, 3.285714285714286, 8.96997258430957, 6.834501310502859, 5.045830770375212, 4.087836611615648, 6.585646971591858, 4.961587139089216, 7.616274727738387, 7.020741864399418, 4.928571428571429, 6.434124585650597, 10.09506850711105, 8.255931695651638, 6.849117327310529, 6.177411121437954, 8.257340580924813, 6.571428571428571, 6.939101422466957, 7.973489236980564, 9.6163657270259, 8.214285714285715, 11.496973869817454, 9.921210015077058, 8.785238082332507, 8.272267413669926, 9.547411231558522, 11.052749219362685, 9.857142857142858, 13.0870320609092, 11.726909574276817, 10.782875690800916, 10.369204798983638, 11.141254463497734], [2.6897386262518186, 3.637951879499098, 5.218686987887952, 7.952024514395754, 1.6428571428571428, 2.588238704570491, 5.262982005653899, 7.190200246991507, 1.2474463711837842, 2.3035022137995855, 4.642857142857143, 7.092680907032234, 2.692582403567252, 7.566372975210778, 0.0, 5.0, 2.5813301427989503, 7.5275006015358406, 1.0798714965122431, 2.217233061493444, 4.600665435453831, 7.065134283860399, 1.7727810593587676, 1.6428571428571428, 5.262982005653899, 7.732621245655489, 3.387401628965536, 7.8405669307721855, 3.097760876662301, 3.653234518749048, 5.440231837796951, 7.638463356525289, 4.106134505415236, 5.9829690261062645, 4.126929913383547, 4.65657314657332, 8.466621136521214, 7.020741864399418, 5.181324391406082, 5.531376180389434, 6.844422725765819, 8.69460306448659, 6.106620696140428, 9.342955438539274, 9.567877072161941, 8.257340580924813, 7.635176380893041, 10.40653248528764, 7.274346874392203, 7.527690379457673, 8.539093772115377, 10.082961987877352, 9.6163657270259, 9.20320485438832, 11.605988953632377, 9.370492113490071, 9.568496352561336, 10.382972717337728, 11.68572301781022, 11.052749219362685], [6.102023752621013, 3.637951879499098, 2.6897386262518186, 3.637951879499098, 5.262982005653899, 3.4203771125179654, 1.6428571428571428, 2.588238704570491, 5.617483640294789, 3.210315007749176, 1.2474463711837842, 2.3035022137995855, 2.692582403567252, 2.692582403567252, 5.0, 0.0, 2.5813301427989503, 2.5813301427989503, 5.5826626665937455, 3.148987527599878, 1.0798714965122431, 2.217233061493444, 4.302002574848961, 5.262982005653899, 1.6428571428571428, 3.0694454212131723, 3.387401628965536, 3.387401628965536, 6.292544989825625, 4.28323737948057, 3.097760876662301, 3.653234518749048, 4.124196975754317, 3.285714285714286, 5.1093952046022855, 4.65657314657332, 4.65657314657332, 4.928571428571429, 7.539636758424082, 5.966248607708163, 5.181324391406082, 5.531376180389434, 6.106620696140428, 6.106620696140428, 6.444380592536039, 6.571428571428571, 7.635176380893041, 7.635176380893041, 9.105829036885089, 7.852778008385288, 7.274346874392203, 7.527690379457673, 8.214285714285715, 9.20320485438832, 9.20320485438832, 10.853852884988797, 9.82629749442686, 9.370492113490071, 9.568496352561336, 9.857142857142858], [4.44926042925641, 3.2857142857142856, 3.84654629081036, 5.982969026106264, 3.3874016289655358, 2.3397627648798855, 3.3874016289655358, 5.047225950551289, 3.4912426885285535, 1.8543935693924527, 2.681189197017637, 4.841360915094441, 1.6428571428571428, 5.262982005653899, 2.5813301427989503, 2.5813301427989503, 0.0, 5.0, 3.0164176617643785, 0.5905721888169824, 2.024543284349357, 4.5109617056902716, 1.7535781357379983, 2.692582403567252, 2.692582403567252, 5.152640002927023, 1.6428571428571432, 5.262982005653899, 3.8508149150801936, 2.465517290591181, 3.1350877994410427, 5.106738245710669, 2.6258925783302294, 3.637951879499098, 3.291950906809876, 3.2857142857142856, 5.982969026106264, 4.9615871390892154, 5.42021913857771, 4.541891182118313, 4.9374867605092465, 6.374070560497749, 4.928571428571428, 7.020741864399417, 7.284533917505359, 6.434124585650597, 6.571428571428572, 8.257340580924815, 7.2628352253237916, 6.633157280677437, 6.910048879002527, 7.999923469021693, 7.973489236980565, 8.214285714285715, 9.6163657270259, 9.216223495022465, 8.72861819019506, 8.940848701896487, 9.807587649886393, 9.547411231558522], [8.648463352951607, 5.982969026106264, 4.44926042925641, 3.2857142857142856, 7.8405669307721855, 5.9560464904094195, 3.3874016289655358, 2.3397627648798855, 8.19687596040126, 5.782627042288313, 3.4912426885285535, 1.8543935693924527, 5.262982005653899, 1.6428571428571428, 7.5275006015358406, 2.5813301427989503, 5.0, 0.0, 8.006171089241354, 5.508972273501119, 3.0164176617643785, 0.5905721888169824, 6.590865629621367, 7.566372975210778, 2.692582403567252, 1.0852478356613533, 5.262982005653899, 1.6428571428571432, 8.356361379823403, 6.006561038581402, 3.8508149150801936, 2.465517290591181, 5.660739523347565, 3.637951879499098, 6.701590081441811, 5.982969026106264, 3.2857142857142856, 4.9615871390892154, 9.18579204588282, 7.115390046245118, 5.42021913857771, 4.541891182118313, 7.020741864399417, 4.928571428571428, 5.29624432487201, 6.434124585650597, 8.257340580924815, 6.571428571428572, 10.380210764247714, 8.602254094724481, 7.2628352253237916, 6.633157280677437, 7.973489236980565, 9.6163657270259, 8.214285714285715, 11.82957207637724, 10.304793812115024, 9.216223495022465, 8.72861819019506, 9.547411231558522], [3.5999999999999996, 4.686149805543993, 6.161168720299744, 8.772684879784522, 2.647640458974745, 3.6069377593742864, 6.0835844697020525, 7.937883848986454, 2.0999999999999996, 3.2649655434629015, 5.423098745182499, 7.788452991448302, 3.5819559130823073, 8.235921816242874, 1.0798714965122431, 5.5826626665937455, 3.0164176617643785, 8.006171089241354, 0.0, 2.5, 5.0, 7.5, 1.556874464557591, 0.8486483851588085, 5.542580994593823, 8.074025089512674, 3.2810214935011213, 8.109568548376439, 2.0999999999999996, 3.2649655434629015, 5.423098745182499, 7.788452991448302, 3.775494229080652, 5.972624623895192, 3.5358218880335635, 4.222485968609255, 8.534013578328901, 6.7839697005484325, 4.200000000000001, 4.887739763939975, 6.529931086925804, 8.595929269136642, 5.503783485300018, 9.235346915685476, 9.425639523779779, 7.8594022725416375, 6.9391524507459765, 10.156369269315382, 6.300000000000001, 6.7779052811322185, 8.043009387039158, 9.794896630388704, 9.105829036885089, 8.450443775329198, 11.243220179290272, 8.4, 8.764131445842194, 9.77547952787995, 11.260994627474076, 10.462313319720453], [4.382921400162225, 3.634556369077249, 4.382921400162225, 6.573431371817918, 3.280243893371345, 2.5999999999999996, 3.9698866482558413, 5.635601121442148, 3.2649655434629015, 2.0999999999999996, 3.2649655434629015, 5.423098745182499, 2.0200020206092137, 5.837842766233543, 2.217233061493444, 3.148987527599878, 0.5905721888169824, 5.508972273501119, 2.5, 0.0, 2.5, 5.0, 1.1645148488466923, 2.1142857142857143, 3.0773696693170702, 5.590519929183874, 1.4195428985473908, 5.658188936472193, 3.2649655434629015, 2.0999999999999996, 3.2649655434629015, 5.423098745182499, 2.3619243707094055, 3.7976630837870786, 2.8791007011415353, 3.013202242648515, 6.251350874419227, 4.977172379771388, 4.887739763939975, 4.200000000000001, 4.887739763939975, 6.529931086925804, 4.6412964409808195, 7.179250145597465, 7.421965050373519, 6.365548215325421, 6.277088236968944, 8.330776478497901, 6.7779052811322185, 6.300000000000001, 6.7779052811322185, 8.043009387039158, 7.852778008385288, 7.9158069708653205, 9.626006440887103, 8.764131445842194, 8.4, 8.764131445842194, 9.77547952787995, 9.392017887546851], [6.161168720299744, 4.1182520563948, 3.5999999999999996, 4.686149805543993, 5.197114584074513, 3.6069377593742864, 2.647640458974745, 3.6069377593742864, 5.423098745182499, 3.2649655434629015, 2.0999999999999996, 3.2649655434629015, 2.798286647801705, 3.5819559130823073, 4.600665435453831, 1.0798714965122431, 2.024543284349357, 3.0164176617643785, 5.0, 2.5, 0.0, 2.5, 3.576077679242634, 4.551945087721583, 0.8486483851588085, 3.1333600193919633, 2.4010626898971896, 3.2810214935011213, 5.423098745182499, 3.2649655434629015, 2.0999999999999996, 3.2649655434629015, 3.066433888424914, 2.3816475175724863, 4.071413178581871, 3.5818134729633875, 4.222485968609255, 4.002779646440606, 6.529931086925804, 4.887739763939975, 4.200000000000001, 4.887739763939975, 5.029078708179185, 5.503783485300018, 5.81622299999686, 5.636506372003198, 6.56900576455021, 6.9391524507459765, 8.043009387039158, 6.7779052811322185, 6.300000000000001, 6.7779052811322185, 7.274346874392203, 8.149233092751734, 8.450443775329198, 9.77547952787995, 8.764131445842194, 8.4, 8.764131445842194, 8.914033879226622], [8.319254774317228, 5.762811813689563, 4.382921400162225, 3.634556369077249, 7.467261881037787, 5.635601121442148, 3.280243893371345, 2.5999999999999996, 7.788452991448302, 5.423098745182499, 3.2649655434629015, 2.0999999999999996, 4.907179247109821, 2.0200020206092137, 7.065134283860399, 2.217233061493444, 4.5109617056902716, 0.5905721888169824, 7.5, 5.0, 2.5, 0.0, 6.059749854801791, 7.033505817274388, 2.1142857142857143, 0.9391362753327849, 4.692025366599836, 1.4195428985473908, 7.788452991448302, 5.423098745182499, 3.2649655434629015, 2.0999999999999996, 5.072213210346195, 3.0695675424983215, 6.112576354872517, 5.392530737520375, 3.013202242648515, 4.446599250883667, 8.595929269136642, 6.529931086925804, 4.887739763939975, 4.200000000000001, 6.445279873912476, 4.6412964409808195, 5.007128394840598, 5.959882891603882, 7.707258704279615, 6.277088236968944, 9.794896630388704, 8.043009387039158, 6.7779052811322185, 6.300000000000001, 7.527690379457673, 9.091754506144564, 7.9158069708653205, 11.260994627474076, 9.77547952787995, 8.764131445842194, 8.4, 9.121951545584968], [4.382516723444766, 4.407395706426255, 5.437915620976382, 7.732374175026095, 3.2758309339748846, 3.298008140654162, 5.10837956475169, 6.8000978791049045, 3.010598781954469, 2.8277096316097734, 4.4077407473094, 6.584862582490585, 2.924227590962225, 6.99396743439163, 1.7727810593587676, 4.302002574848961, 1.7535781357379983, 6.590865629621367, 1.556874464557591, 1.1645148488466923, 3.576077679242634, 6.059749854801791, 0.0, 0.9759079078115396, 4.039414526155368, 6.577999086218377, 1.7311628277563724, 6.584937221097202, 2.1456959642216873, 1.8804914000521737, 3.8689125914736215, 6.237044281970113, 2.342204107081359, 4.41865052452628, 2.4029955700891903, 2.883881477790998, 6.977194697550864, 5.30377548406333, 3.950210658099514, 3.8126632395421374, 5.095943260373774, 7.064055099427088, 4.362863647119861, 7.7070780891947575, 7.909205298539597, 6.491036550234447, 5.928772656498773, 8.689926275983785, 5.951833105510331, 5.861446412843992, 6.766741519035188, 8.349911827093003, 7.844427053091978, 7.527554078530986, 9.850306790897143, 8.004028385028036, 7.937046498737893, 8.627221097081053, 9.917720534110313, 9.291634693085848], [4.314782374439702, 4.9615871390892154, 6.214285714285714, 8.638133301748447, 3.2857142857142856, 3.84654629081036, 5.982969026106264, 7.732782058699633, 2.8302303937369926, 3.429315395473658, 5.292466729383629, 7.5339368249032095, 3.637951879499098, 7.952024514395754, 1.6428571428571428, 5.262982005653899, 2.692582403567252, 7.566372975210778, 0.8486483851588085, 2.1142857142857143, 4.551945087721583, 7.033505817274388, 0.9759079078115396, 0.0, 5.0, 7.537668503586208, 2.5813301427989503, 7.5275006015358406, 1.5000680256683867, 2.4495314004177717, 4.717012198588494, 7.141442717100841, 2.9697273913657654, 5.262982005653899, 2.687179504050117, 3.3874016289655358, 7.8405669307721855, 5.982969026106264, 3.5496766164867273, 4.0435385594343805, 5.7096588410896025, 7.832637109022265, 4.6565731465733196, 8.466621136521214, 8.644597234757237, 7.020741864399417, 6.106620696140429, 9.342955438539276, 5.636506372003199, 5.959882891603883, 7.195151428679778, 8.973305081274829, 8.257340580924815, 7.63517638089304, 10.40653248528764, 7.730472435862679, 7.969328960560773, 8.930856850360588, 10.416823128076652, 9.6163657270259], [6.972614067821015, 4.9615871390892154, 4.314782374439702, 4.9615871390892154, 5.982969026106264, 4.44926042925641, 3.2857142857142856, 3.84654629081036, 6.165241607725739, 4.093922823116314, 2.8302303937369926, 3.429315395473658, 3.637951879499098, 3.637951879499098, 5.262982005653899, 1.6428571428571428, 2.692582403567252, 2.692582403567252, 5.542580994593823, 3.0773696693170702, 0.8486483851588085, 2.1142857142857143, 4.039414526155368, 5.0, 0.0, 2.5386040130353953, 2.5813301427989503, 2.5813301427989503, 5.678926314157691, 3.3166555566764315, 1.5000680256683867, 2.4495314004177717, 2.994652049452081, 1.6428571428571432, 4.036744051066395, 3.3874016289655358, 3.3874016289655358, 3.2857142857142856, 6.526883182778183, 4.620628104666363, 3.5496766164867273, 4.0435385594343805, 4.6565731465733196, 4.6565731465733196, 4.971401301909298, 4.928571428571428, 6.106620696140429, 6.106620696140429, 7.8594022725416375, 6.365548215325421, 5.636506372003199, 5.959882891603883, 6.571428571428572, 7.63517638089304, 7.63517638089304, 9.474186196272091, 8.277089106783414, 7.730472435862679, 7.969328960560773, 8.214285714285715], [9.148563720795396, 6.668812223513272, 5.32205618332779, 4.370482849471427, 8.256414195717365, 6.482252765610175, 4.218582609868754, 3.412867530729052, 8.534356706886664, 6.2369284373723035, 4.178912330430641, 2.920160988361289, 5.728210727992221, 2.7277210285014544, 7.732621245655489, 3.0694454212131723, 5.152640002927023, 1.0852478356613533, 8.074025089512674, 5.590519929183874, 3.1333600193919633, 0.9391362753327849, 6.577999086218377, 7.537668503586208, 2.5386040130353953, 0.0, 5.068033054244603, 0.5594844984087939, 8.146442038815405, 5.694607082521219, 3.3155062595058933, 1.4340898470265697, 5.281924631043593, 2.9774963744504856, 6.297952373191819, 5.497106353504672, 2.201418208061634, 4.084656432113431, 8.738372539407877, 6.513308419689612, 4.58118090698474, 3.4714910967829735, 6.33635200002655, 3.8441410657368333, 4.211785736969077, 5.4682091090794005, 7.448388702156525, 5.486944333912713, 9.75570558100112, 7.825459942757253, 6.30887115482796, 5.555707621963399, 6.965354458784257, 8.729581377835876, 7.12977242955922, 11.081896413921003, 9.427219105409458, 8.211972478882222, 7.648563520455391, 8.51639441289951], [5.76981943621554, 4.928571428571429, 5.318911197466133, 7.020741864399418, 4.65657314657332, 3.9602617930368895, 4.65657314657332, 5.973581293444306, 4.555776776886279, 3.4648379530385442, 3.969269711271373, 5.657305192476037, 3.285714285714286, 5.9829690261062645, 3.387401628965536, 3.387401628965536, 1.6428571428571432, 5.262982005653899, 3.2810214935011213, 1.4195428985473908, 2.4010626898971896, 4.692025366599836, 1.7311628277563724, 2.5813301427989503, 2.5813301427989503, 5.068033054244603, 0.0, 5.0, 3.0975961713587403, 0.919294316754066, 2.1436189122174505, 4.565643661173781, 0.9831057589880421, 2.692582403567252, 1.7716006456909668, 1.6428571428571423, 5.262982005653899, 3.6379518794990977, 4.152722244602488, 2.914635833310283, 3.499300221589501, 5.338080370396865, 3.2857142857142847, 5.982969026106264, 6.193663615051714, 4.961587139089215, 4.928571428571429, 7.020741864399418, 5.806470704379411, 4.996508985363313, 5.35864740777151, 6.7056022877006605, 6.434124585650597, 6.571428571428571, 8.257340580924813, 7.681477855257823, 7.08908330045686, 7.348816370056904, 8.381831663831976, 7.973489236980564], [9.396319296752884, 7.020741864399418, 5.76981943621554, 4.928571428571429, 8.466621136521214, 6.7589698526763495, 4.65657314657332, 3.9602617930368895, 8.703740692415895, 6.481134317449094, 4.555776776886279, 3.4648379530385442, 5.9829690261062645, 3.285714285714286, 7.8405669307721855, 3.387401628965536, 5.262982005653899, 1.6428571428571432, 8.109568548376439, 5.658188936472193, 3.2810214935011213, 1.4195428985473908, 6.584937221097202, 7.5275006015358406, 2.5813301427989503, 0.5594844984087939, 5.0, 0.0, 8.037107815677, 5.553836695548072, 3.0975961713587403, 0.919294316754066, 5.110299115669736, 2.692582403567252, 6.100240789890638, 5.262982005653899, 1.6428571428571423, 3.6379518794990977, 8.499711879870771, 6.204442121642874, 4.152722244602488, 2.914635833310283, 5.982969026106264, 3.2857142857142847, 3.6533872679841193, 4.961587139089215, 7.020741864399418, 4.928571428571429, 9.418869467235245, 7.41384529382805, 5.806470704379411, 4.996508985363313, 6.434124585650597, 8.257340580924813, 6.571428571428571, 10.67731717431005, 8.958521197207512, 7.681477855257823, 7.08908330045686, 7.973489236980564], [5.699999999999999, 6.441273166075166, 7.582216034906945, 9.822932352408825, 4.726520919238588, 5.323532661682465, 7.234638899074368, 8.850988645343524, 4.199999999999999, 4.887739763939974, 6.529931086925803, 8.595929269136642, 5.045830770375212, 8.96997258430957, 3.097760876662301, 6.292544989825625, 3.8508149150801936, 8.356361379823403, 2.0999999999999996, 3.2649655434629015, 5.423098745182499, 7.788452991448302, 2.1456959642216873, 1.5000680256683867, 5.678926314157691, 8.146442038815405, 3.0975961713587403, 8.037107815677, 0.0, 2.5, 5.0, 7.5, 2.9926216908924874, 5.504747487211306, 2.222950479153141, 3.124001881417814, 8.047321775292824, 5.809668226151919, 2.1000000000000014, 3.264965543462903, 5.4230987451825, 7.788452991448302, 3.914285714285714, 8.385799464157323, 8.50461375200113, 6.526883182778183, 5.126581388673537, 9.015643999997664, 4.200000000000001, 4.887739763939975, 6.529931086925804, 8.595929269136642, 7.539636758424082, 6.529931086925804, 9.8812954616285, 6.300000000000001, 6.7779052811322185, 8.043009387039158, 9.794896630388704, 8.745856161634492], [6.224146527838174, 5.721887800367987, 6.224146527838174, 7.92085853932514, 5.107837115648853, 4.699999999999999, 5.575840743780259, 6.862215385719104, 4.887739763939974, 4.199999999999999, 4.887739763939974, 6.529931086925803, 4.087836611615648, 6.834501310502859, 3.653234518749048, 4.28323737948057, 2.465517290591181, 6.006561038581402, 3.2649655434629015, 2.0999999999999996, 3.2649655434629015, 5.423098745182499, 1.8804914000521737, 2.4495314004177717, 3.3166555566764315, 5.694607082521219, 0.919294316754066, 5.553836695548072, 2.5, 0.0, 2.5, 5.0, 0.5292585794580247, 3.00869488282863, 0.8536353180273352, 1.0046829127152714, 5.568607344309889, 3.5358513681939723, 3.264965543462903, 2.1000000000000014, 3.264965543462903, 5.4230987451825, 2.5635195831241906, 6.047448441538069, 6.210582891118454, 4.620628104666362, 4.1871036212033115, 6.894333668650937, 4.887739763939975, 4.200000000000001, 4.887739763939975, 6.529931086925804, 5.966248607708163, 5.821511831131154, 7.993122043357027, 6.7779052811322185, 6.300000000000001, 6.7779052811322185, 8.043009387039158, 7.432361670424819], [7.582216034906945, 6.040695324215582, 5.699999999999999, 6.441273166075166, 6.506919393998975, 5.323532661682465, 4.726520919238588, 5.323532661682465, 6.529931086925803, 4.887739763939974, 4.199999999999999, 4.887739763939974, 4.523318269065897, 5.045830770375212, 5.440231837796951, 3.097760876662301, 3.1350877994410427, 3.8508149150801936, 5.423098745182499, 3.2649655434629015, 2.0999999999999996, 3.2649655434629015, 3.8689125914736215, 4.717012198588494, 1.5000680256683867, 3.3155062595058933, 2.1436189122174505, 3.0975961713587403, 5.0, 2.5, 0.0, 2.5, 2.0259429170289183, 0.5497680401398249, 3.0026451138288186, 2.1816021074206087, 3.124001881417814, 1.9370712165429502, 5.4230987451825, 3.264965543462903, 2.1000000000000014, 3.264965543462903, 3.212729782141851, 3.914285714285714, 4.161036484360569, 3.549676616486726, 4.613224114943245, 5.126581388673537, 6.529931086925804, 4.887739763939975, 4.200000000000001, 4.887739763939975, 5.181324391406082, 6.135144660071187, 6.529931086925804, 8.043009387039158, 6.7779052811322185, 6.300000000000001, 6.7779052811322185, 6.818357573492315], [9.420191080864548, 7.262231062146122, 6.224146527838174, 5.721887800367987, 8.431488599292535, 6.862215385719104, 5.107837115648853, 4.699999999999999, 8.595929269136642, 6.529931086925803, 4.887739763939974, 4.199999999999999, 6.058911466861461, 4.087836611615648, 7.638463356525289, 3.653234518749048, 5.106738245710669, 2.465517290591181, 7.788452991448302, 5.423098745182499, 3.2649655434629015, 2.0999999999999996, 6.237044281970113, 7.141442717100841, 2.4495314004177717, 1.4340898470265697, 4.565643661173781, 0.919294316754066, 7.5, 5.0, 2.5, 0.0, 4.519820213480771, 2.013018851863833, 5.459218085313732, 4.583599868564232, 1.0046829127152714, 2.7390226172777736, 7.788452991448302, 5.4230987451825, 3.264965543462903, 2.1000000000000014, 5.154767953367176, 2.5635195831241906, 2.925253732739479, 4.04353855943438, 6.126323263972763, 4.1871036212033115, 8.595929269136642, 6.529931086925804, 4.887739763939975, 4.200000000000001, 5.531376180389434, 7.340980860893183, 5.821511831131154, 9.794896630388704, 8.043009387039158, 6.7779052811322185, 6.300000000000001, 7.088018058667741], [6.62250882310799, 5.911583475101983, 6.245501039180332, 7.7521274048714055, 5.504485403538518, 4.935465895442129, 5.517972424362778, 6.6713929372606895, 5.32662451866493, 4.438159395737395, 4.8499060693070986, 6.312362389805544, 4.268733526021222, 6.585646971591858, 4.106134505415236, 4.124196975754317, 2.6258925783302294, 5.660739523347565, 3.775494229080652, 2.3619243707094055, 3.066433888424914, 5.072213210346195, 2.342204107081359, 2.9697273913657654, 2.994652049452081, 5.281924631043593, 0.9831057589880421, 5.110299115669736, 2.9926216908924874, 0.5292585794580247, 2.0259429170289183, 4.519820213480771, 0.0, 2.5149235144289195, 1.0424636851300277, 0.6600312246057748, 5.0580926578814305, 3.0132538647184934, 3.532309796121954, 1.9497544858029778, 2.7614982553024636, 4.893894428077528, 2.302768917027327, 5.518279152370478, 5.682794917203966, 4.151206644667045, 3.945606079764337, 6.380945655224838, 4.981831029526997, 4.017831562657617, 4.468478547002039, 6.024253529205686, 5.548269418826758, 5.5884549896901605, 7.508627656905906, 6.780860440809627, 6.107732670710682, 6.413168361737929, 7.579779580906431, 7.052093991483809], [8.086900468268016, 6.434124585650597, 5.949618406559657, 6.434124585650597, 7.020741864399418, 5.76981943621554, 4.928571428571429, 5.318911197466133, 7.06132033673301, 5.349041493385444, 4.456707854230428, 4.859243243341414, 4.961587139089216, 4.961587139089216, 5.9829690261062645, 3.285714285714286, 3.637951879499098, 3.637951879499098, 5.972624623895192, 3.7976630837870786, 2.3816475175724863, 3.0695675424983215, 4.41865052452628, 5.262982005653899, 1.6428571428571432, 2.9774963744504856, 2.692582403567252, 2.692582403567252, 5.504747487211306, 3.00869488282863, 0.5497680401398249, 2.013018851863833, 2.5149235144289195, 0.0, 3.447121247432487, 2.5813301427989503, 2.5813301427989503, 1.6428571428571423, 5.809668226151919, 3.5358513681939723, 1.9370712165429502, 2.7390226172777736, 3.3874016289655353, 3.3874016289655353, 3.6465846721924944, 3.2857142857142847, 4.65657314657332, 4.65657314657332, 6.7839697005484325, 4.977172379771388, 4.002779646440606, 4.446599250883667, 4.928571428571429, 6.106620696140428, 6.106620696140428, 8.192206351036281, 6.7721669277978656, 6.091982017205827, 6.392358320522965, 6.571428571428571], [6.781072250450843, 6.513644308214427, 7.075119059964105, 8.746538230681159, 5.678038967517421, 5.465333846653785, 6.427635285505797, 7.677515412046553, 5.3742500886195534, 4.966865051362251, 5.740812909498112, 7.331037940515424, 4.8921643350927555, 7.616274727738387, 4.126929913383547, 5.1093952046022855, 3.291950906809876, 6.701590081441811, 3.5358218880335635, 2.8791007011415353, 4.071413178581871, 6.112576354872517, 2.4029955700891903, 2.687179504050117, 4.036744051066395, 6.297952373191819, 1.7716006456909668, 6.100240789890638, 2.222950479153141, 0.8536353180273352, 3.0026451138288186, 5.459218085313732, 1.0424636851300277, 3.447121247432487, 0.0, 0.9155086599548949, 5.908682167225218, 3.5871919991623735, 2.4901769498646336, 1.4100232852877217, 3.205518692578477, 5.573377298540489, 1.9838605164591663, 6.165230846902533, 6.281666718493752, 4.387619760973147, 3.525791850741097, 6.819499763295342, 4.034904416526751, 3.473850611918067, 4.5116319106660265, 6.414203529726542, 5.570675639326261, 5.130757544886768, 7.7716820464585, 5.931266817415739, 5.564810013180457, 6.265324804526093, 7.748643709038787, 6.943457796657044], [7.223826788440303, 6.571428571428571, 6.869037302955032, 8.257340580924813, 6.106620696140428, 5.5938194756830155, 6.106620696140428, 7.161760700172173, 5.892315992468669, 5.096016851924848, 5.451549115169195, 6.780072842905306, 4.928571428571429, 7.020741864399418, 4.65657314657332, 4.65657314657332, 3.2857142857142856, 5.982969026106264, 4.222485968609255, 3.013202242648515, 3.5818134729633875, 5.392530737520375, 2.883881477790998, 3.3874016289655358, 3.3874016289655358, 5.497106353504672, 1.6428571428571423, 5.262982005653899, 3.124001881417814, 1.0046829127152714, 2.1816021074206087, 4.583599868564232, 0.6600312246057748, 2.5813301427989503, 0.9155086599548949, 0.0, 5.0, 2.692582403567252, 3.241818587629796, 1.3264191475932647, 2.347208502690386, 4.664695890956027, 1.6428571428571423, 5.262982005653899, 5.390404691785065, 3.6379518794990977, 3.2857142857142865, 5.9829690261062645, 4.481002985393119, 3.365915589420217, 3.88321873644816, 5.5972660965065835, 4.961587139089216, 4.928571428571429, 7.020741864399418, 6.202369527454975, 5.451549115169196, 5.78527335180474, 7.05119761140631, 6.434124585650597], [10.352954818281964, 8.257340580924813, 7.223826788440303, 6.571428571428571, 9.342955438539274, 7.828845146414036, 6.106620696140428, 5.5938194756830155, 9.47203187046486, 7.4812691273006635, 5.892315992468669, 5.096016851924848, 7.020741864399418, 4.928571428571429, 8.466621136521214, 4.65657314657332, 5.982969026106264, 3.2857142857142856, 8.534013578328901, 6.2513508