totalHoles = 60;
zeroHoleID = 54;
C = [[0.0, 4.333333333333333, 7.0, 1.6099282904882053, 2.3863035105460586, 6.576473218982953, 1.3125, 4.5277404991648735, 7.158910531638177, 3.1689273728573273, 6.899105467377637, 5.441609239104837, 2.625, 5.066399389880132, 7.741516528041858, 3.27656795738729, 4.223158704624353, 7.442487823302098, 8.00097650290263, 3.9375, 5.855056278788255, 4.7762432936357, 6.864891558583508, 5.391970947106859, 8.162653137920293, 5.25, 6.807369372803107, 6.6149032074887115, 9.017344398435716, 9.38416218956173, 6.5625, 7.864107325550546, 11.067300749670956, 8.713415582371308, 7.866756046455517, 9.972031199810798, 7.875, 8.988515048537092, 9.027831196423154, 11.108133281519446, 9.135648277185613, 11.0007102043459, 9.1875, 10.158146190510243, 10.770410210902421, 10.415354083968746, 12.084500662005029, 10.5, 11.359039474259157, 12.619429464123963, 11.0, 11.211353372561426, 11.31861789756643, 11.8227652339788, 12.776932339180638, 13.038404810405298, 14.32387627507404, 11.702326454361305, 13.209844813622906, 12.936812246883353], [4.333333333333333, 0.0, 2.666666666666667, 3.1319646988695333, 2.3863035105460586, 2.386303510546059, 4.5277404991648735, 1.3125, 3.05959329178097, 3.1689273728573273, 3.168927372857328, 2.5495097567963927, 5.066399389880132, 2.625, 4.182296313563616, 5.066498964879305, 4.223158704624353, 4.223158704624353, 4.703906473465551, 5.855056278788255, 3.9375, 6.103846692409996, 4.900573945978165, 5.391970947106859, 5.39197094710686, 6.807369372803107, 5.25, 6.6149032074887115, 6.6149032074887115, 6.795116710632064, 7.864107325550546, 6.5625, 8.145789031378602, 7.267220926874317, 7.866756046455517, 7.866756046455517, 8.988515048537092, 7.875, 8.784554785404765, 9.027831196423154, 9.135648277185613, 9.135648277185613, 10.158146190510243, 9.1875, 9.637978263100617, 10.415354083968746, 10.415354083968746, 11.359039474259157, 10.5, 10.833333333333334, 11.8227652339788, 11.211353372561426, 11.125546178852424, 11.0, 11.211353372561426, 11.31861789756643, 12.15341674777615, 11.702326454361305, 11.702326454361305, 12.010412149464313], [7.0, 2.666666666666667, 0.0, 5.7373605177402185, 4.935697631653617, 1.118033988749895, 7.121984010793621, 2.9721654329984917, 1.5, 5.358056304399116, 2.3659366538434625, 3.3082388735465345, 7.47600327715284, 3.741889377187828, 3.168859209661184, 7.316141968883885, 6.041666666666667, 3.659320292076112, 3.875, 8.031432390925046, 4.755524930132436, 8.050621094052309, 5.33479797597289, 6.909415124387238, 4.962751882776329, 8.75, 5.888430275643171, 7.900861415764177, 6.269968101992227, 6.25, 9.595124087264322, 7.08360906326084, 7.1048031284131214, 7.566831863101257, 8.975105423398162, 7.579010901826174, 10.536395256443258, 8.314248980582137, 9.652378089247113, 8.625, 10.105777363029086, 8.889073348780514, 11.550331434638576, 9.566674833039487, 9.865853710877962, 11.27591536688313, 10.19976255851086, 12.619429464123963, 10.833333333333334, 10.5, 13.038404810405298, 12.015036875145707, 11.8227652339788, 11.31861789756643, 11.01135777277262, 11.0, 11.445844142896705, 12.47441826744282, 11.510864433221338, 12.194033149226897], [1.6099282904882053, 3.1319646988695333, 5.7373605177402185, 0.0, 0.8385818612811597, 5.167042779994976, 1.3957993565179634, 3.0274724801567747, 5.697630885086031, 1.638476817416548, 5.355344791275338, 3.847266407494486, 2.1794391679507017, 3.4593769469730096, 6.161736892099275, 2.5082989435494905, 2.848035379757974, 5.8400699547678006, 6.398968798976594, 3.316167491237337, 4.267821529116463, 3.9378712130660682, 5.294833594913559, 4.121082050565705, 6.555793530894888, 4.548548237963518, 5.282672131367957, 5.413006697819292, 7.43611142082103, 7.791781290428118, 5.8160921430306365, 6.406579554697917, 9.46343653651449, 7.249159729611079, 6.712918758169073, 8.429613858653708, 7.099991342203481, 7.591258843816027, 7.8377110676455555, 9.579047951934232, 8.016933796466072, 9.500859911036912, 8.392743222719618, 8.812234255678678, 9.399288312048135, 9.323330372783193, 10.626363479210092, 9.690805593223288, 10.056293890897303, 11.146171973177957, 10.18627886144077, 10.13284261625611, 10.186131197244778, 10.53459115568733, 11.343262803886914, 11.579538576862426, 12.80296261169511, 10.631230572384519, 11.790596890549338, 11.637189298133565], [2.3863035105460586, 2.3863035105460586, 4.935697631653617, 0.8385818612811597, 0.0, 4.333333333333334, 2.189086726113071, 2.189086726113071, 4.859126579037751, 1.3125, 4.5277404991648735, 3.0595932917809705, 2.708333333333333, 2.708333333333333, 5.355413261545646, 2.831148281745862, 2.625, 5.066399389880133, 5.623765296588321, 3.650116531625318, 3.650116531625318, 4.103690750748377, 4.703906473465551, 3.9375, 5.855056278788257, 4.77042392712057, 4.77042392712057, 5.25, 6.807369372803109, 7.136078132357515, 5.969577095108534, 5.969577095108534, 8.769309892340049, 6.795116710632064, 6.5625, 7.864107325550547, 7.208333333333333, 7.208333333333333, 7.6413758577889626, 9.027831196423154, 7.875, 8.988515048537094, 8.469332954515629, 8.469332954515629, 9.027831196423154, 9.1875, 10.158146190510244, 9.74394398816231, 9.74394398816231, 10.65885130354632, 10.232030318780552, 10.0, 10.012492197250394, 10.232030318780552, 10.89852181618121, 11.106804721030757, 12.253057809276314, 10.5, 11.359039474259157, 11.31861789756643], [6.576473218982953, 2.386303510546059, 1.118033988749895, 5.167042779994976, 4.333333333333334, 0.0, 6.507507683437646, 2.1890867261130715, 0.7071067811865476, 4.5277404991648735, 1.3125, 2.2422706745122847, 6.700046641628698, 2.7083333333333335, 2.240257413829781, 6.459620155454675, 5.066399389880133, 2.625, 2.918154382482188, 7.132945131570829, 3.6501165316253186, 7.075485849042453, 4.218222703672457, 5.855056278788257, 3.9375, 7.766112283504533, 4.770423927120571, 6.807369372803109, 5.25, 5.273755777432247, 8.555197616069426, 5.969577095108534, 6.2886649478034276, 6.468406123441676, 7.864107325550547, 6.5625, 9.46126973508313, 7.208333333333333, 8.534346456785338, 7.6413758577889626, 8.988515048537094, 7.875, 10.453954096417299, 8.469332954515629, 8.784554785404765, 10.158146190510244, 9.1875, 11.510864433221338, 9.74394398816231, 9.513148795220223, 11.926860441876563, 10.89852181618121, 10.709549217611563, 10.232030318780552, 10.0, 10.012492197250394, 10.556860828709539, 11.359039474259157, 10.5, 11.125546178852424], [1.3125, 4.5277404991648735, 7.121984010793621, 1.3957993565179634, 2.189086726113071, 6.507507683437646, 0.0, 4.333333333333333, 7.002510710452359, 2.3863035105460586, 6.576473218982953, 4.977074176774053, 1.3125, 4.5277404991648735, 7.3032287921552586, 1.9841222710873754, 3.1689273728573273, 6.899105467377637, 7.454287776172852, 2.625, 5.066399389880132, 3.4736733078975632, 6.004374851815226, 4.223158704624353, 7.442487823302098, 3.9375, 5.855056278788255, 5.391970947106859, 8.162653137920293, 8.566148857567208, 5.25, 6.807369372803107, 10.298710849331197, 7.6560444983758495, 6.6149032074887115, 9.017344398435716, 6.5625, 7.864107325550546, 7.783557500340773, 10.122877864026613, 7.866756046455517, 9.972031199810798, 7.875, 8.988515048537092, 9.615548209078415, 9.135648277185613, 11.0007102043459, 9.1875, 10.158146190510243, 11.550331434638576, 9.6875, 9.926837396393902, 10.04782401125294, 10.612513087284169, 11.666090015510767, 11.95188923350614, 13.312535188395476, 10.415354083968746, 12.084500662005029, 11.729610707995006], [4.5277404991648735, 1.3125, 2.9721654329984917, 3.0274724801567747, 2.189086726113071, 2.1890867261130715, 4.333333333333333, 0.0, 2.6732503364090525, 2.3863035105460586, 2.386303510546059, 1.2884705080055192, 4.5277404991648735, 1.3125, 3.301162687761404, 4.343990719185628, 3.1689273728573273, 3.168927372857328, 3.698312772212636, 5.066399389880132, 2.625, 5.1488688752428375, 3.59741660778954, 4.223158704624353, 4.223158704624353, 5.855056278788255, 3.9375, 5.391970947106859, 5.39197094710686, 5.611596685535331, 6.807369372803107, 5.25, 7.066270460305971, 5.958515440107544, 6.6149032074887115, 6.6149032074887115, 7.864107325550546, 6.5625, 7.500028935129369, 7.783557500340773, 7.866756046455517, 7.866756046455517, 8.988515048537092, 7.875, 8.327524016777136, 9.135648277185613, 9.135648277185613, 10.158146190510243, 9.1875, 9.566674833039487, 10.612513087284169, 9.926837396393902, 9.82982370278215, 9.6875, 9.926837396393902, 10.04782401125294, 10.943294761805722, 10.415354083968746, 10.415354083968746, 10.69918951369682], [7.158910531638177, 3.05959329178097, 1.5, 5.697630885086031, 4.859126579037751, 0.7071067811865476, 7.002510710452359, 2.6732503364090525, 0.0, 4.901149595871474, 0.9540210951546092, 2.386303510546058, 7.0898254562436165, 2.8942591644687097, 1.6694315511379396, 6.785036393417836, 5.279842432413218, 2.1830311495716224, 2.375, 7.412247044587761, 3.612826782605431, 7.267220926874317, 4.010619583611047, 5.931063763028612, 3.4736733078975632, 7.941190087134295, 4.601479230759508, 6.776696179637325, 4.7762432936357, 4.75, 8.63880236201755, 5.721889317446739, 5.656131144295424, 6.1446679686085925, 7.7533874765234785, 6.083083613595986, 9.46787330924955, 6.910263099992005, 8.339268719604721, 7.125, 8.817694489554007, 7.391929720986259, 10.397002272289836, 8.136877002948436, 8.408927960474179, 9.941517357079407, 8.701876593586006, 11.40175425099138, 9.386751893552482, 9.0, 11.800423721205947, 10.65885130354632, 10.44163673845139, 9.867173410410457, 9.513148795220223, 9.5, 9.96724263198124, 11.106804721030757, 10.012492197250394, 10.721214690716927], [3.1689273728573273, 3.1689273728573273, 5.358056304399116, 1.638476817416548, 1.3125, 4.5277404991648735, 2.3863035105460586, 2.3863035105460586, 4.901149595871474, 0.0, 4.333333333333334, 2.673250336409053, 2.189086726113071, 2.189086726113071, 4.97106868173829, 1.9599092327147076, 1.3125, 4.5277404991648735, 5.079617836128139, 2.708333333333333, 2.708333333333333, 2.952826447283649, 3.698312772212636, 2.625, 5.066399389880133, 3.650116531625318, 3.650116531625318, 3.9375, 5.855056278788257, 6.234181370565915, 4.77042392712057, 4.77042392712057, 7.943808611891267, 5.611596685535331, 5.25, 6.807369372803109, 5.969577095108534, 5.969577095108534, 6.332271018363001, 7.950394163883393, 6.5625, 7.864107325550547, 7.208333333333333, 7.208333333333333, 7.783557500340773, 7.875, 8.988515048537094, 8.469332954515629, 8.469332954515629, 9.507695165554642, 8.95360824999868, 8.6875, 8.701876593586006, 8.95360824999868, 9.708266273015887, 9.941517357079407, 11.171955391788225, 9.1875, 10.158146190510244, 10.04782401125294], [6.899105467377637, 3.168927372857328, 2.3659366538434625, 5.355344791275338, 4.5277404991648735, 1.3125, 6.576473218982953, 2.386303510546059, 0.9540210951546092, 4.333333333333334, 0.0, 1.677180380214894, 6.507507683437646, 2.1890867261130715, 1.0246101291904062, 6.12801241513136, 4.5277404991648735, 1.3125, 1.640550593550836, 6.700046641628698, 2.7083333333333335, 6.476218514688954, 3.0568258091977984, 5.066399389880133, 2.625, 7.132945131570829, 3.6501165316253186, 5.855056278788257, 3.9375, 3.969119077326857, 7.766112283504533, 4.770423927120571, 5.07450550302158, 5.211207540271043, 6.807369372803109, 5.25, 8.555197616069426, 5.969577095108534, 7.385262398482835, 6.332271018363001, 7.864107325550547, 6.5625, 9.46126973508313, 7.208333333333333, 7.500028935129369, 8.988515048537094, 7.875, 10.453954096417299, 8.469332954515629, 8.20275296775418, 10.85000720045844, 9.708266273015887, 9.49563587625623, 8.95360824999868, 8.6875, 8.701876593586006, 9.280219402329916, 10.158146190510244, 9.1875, 9.82982370278215], [5.441609239104837, 2.5495097567963927, 3.3082388735465345, 3.847266407494486, 3.0595932917809705, 2.2422706745122847, 4.977074176774053, 1.2884705080055192, 2.386303510546058, 2.673250336409053, 1.677180380214894, 0.0, 4.834949442456572, 0.5153882032022085, 2.3281526788143503, 4.452769041457063, 2.8942591644687097, 2.0108214186689417, 2.5661390150271366, 5.042570511268148, 1.5219744577357404, 4.882650691763418, 2.375, 3.6128267826054317, 2.9528264472836487, 5.560900206900958, 2.7950849718747373, 4.601479230759508, 4.103690750748377, 4.330928820062094, 6.313874987763942, 4.0931535825082355, 5.82950949995608, 4.75, 5.721889317446739, 5.3297921186269335, 7.228536235719588, 5.398205720422296, 6.496927692720956, 6.496927692720956, 6.910263099992005, 6.589264206099022, 8.2512888303047, 6.706165540008687, 7.125, 8.136877002948436, 7.866093949844343, 9.346716595206635, 8.0156097709407, 8.288211172770904, 9.77809342924842, 8.908485343261844, 8.771798244627178, 8.514693182963201, 8.661857640124188, 8.771798244627178, 9.655167381333694, 9.386751893552482, 9.153020145163987, 9.5], [2.625, 5.066399389880132, 7.47600327715284, 2.1794391679507017, 2.708333333333333, 6.700046641628698, 1.3125, 4.5277404991648735, 7.0898254562436165, 2.189086726113071, 6.507507683437646, 4.834949442456572, 0.0, 4.333333333333333, 7.084386771428126, 0.7634771076284675, 2.3863035105460586, 6.576473218982953, 7.110731326663946, 1.3125, 4.5277404991648735, 2.1830311495716224, 5.3313798505744385, 3.1689273728573273, 6.899105467377637, 2.625, 5.066399389880132, 4.223158704624353, 7.442487823302098, 7.882932512713781, 3.9375, 5.855056278788255, 9.64816339686455, 6.689673841908222, 5.391970947106859, 8.162653137920293, 5.25, 6.807369372803107, 6.5659052011974035, 9.219544457292887, 6.6149032074887115, 9.017344398435716, 6.5625, 7.864107325550546, 8.506533436783231, 7.866756046455517, 9.972031199810798, 7.875, 8.988515048537092, 10.536395256443258, 8.375, 8.650726526971273, 8.78929667897899, 9.429655496240452, 10.60144447705123, 10.915155747858114, 12.357955625462752, 9.135648277185613, 11.0007102043459, 10.547593854102988], [5.066399389880132, 2.625, 3.741889377187828, 3.4593769469730096, 2.708333333333333, 2.7083333333333335, 4.5277404991648735, 1.3125, 2.8942591644687097, 2.189086726113071, 2.1890867261130715, 0.5153882032022085, 4.333333333333333, 0.0, 2.783713388207985, 3.939087645079591, 2.3863035105460586, 2.386303510546059, 2.945099507845382, 4.5277404991648735, 1.3125, 4.382929322319086, 2.304886114323222, 3.1689273728573273, 3.168927372857328, 5.066399389880132, 2.625, 4.223158704624353, 4.223158704624353, 4.500192897100202, 5.855056278788255, 3.9375, 6.079127403884343, 4.651948516482099, 5.391970947106859, 5.39197094710686, 6.807369372803107, 5.25, 6.227180564089801, 6.5659052011974035, 6.6149032074887115, 6.6149032074887115, 7.864107325550546, 6.5625, 7.0178344238090995, 7.866756046455517, 7.866756046455517, 8.988515048537092, 7.875, 8.314248980582137, 9.429655496240452, 8.650726526971273, 8.539227293952175, 8.375, 8.650726526971273, 8.78929667897899, 9.759670811169983, 9.135648277185613, 9.135648277185613, 9.3883238653127], [7.741516528041858, 4.182296313563616, 3.168859209661184, 6.161736892099275, 5.355413261545646, 2.240257413829781, 7.3032287921552586, 3.301162687761404, 1.6694315511379396, 4.97106868173829, 1.0246101291904062, 2.3281526788143503, 7.084386771428126, 2.783713388207985, 0.0, 6.620422026864114, 4.9181204718041975, 0.7254040622024829, 0.7096271144965307, 7.105296162990402, 2.8365045151222064, 6.751439608109892, 2.80835607314391, 5.206688641718441, 1.856854515055002, 7.363914971020945, 3.4333319095201014, 5.785898093504595, 3.1328770845183866, 3.08243241277445, 7.836744626249262, 4.356040706599197, 4.063585518686919, 4.651309790936111, 6.579433059545511, 4.430264265630292, 8.488062292046811, 5.441298169937897, 7.007768767974776, 5.457147470704485, 7.5197456420852875, 5.734533686355063, 9.28036363028342, 6.6095138558588244, 6.831087154249459, 8.55859346845502, 7.04186227049076, 10.180786278422092, 7.823613841915389, 7.332052903765545, 10.546572282879447, 9.236666315495423, 8.981600193901784, 8.294016591405127, 7.852025643239337, 7.832035332830809, 8.318333294489465, 9.664252805825251, 8.350813395902316, 9.10901040984397], [3.27656795738729, 5.066498964879305, 7.316141968883885, 2.5082989435494905, 2.831148281745862, 6.459620155454675, 1.9841222710873754, 4.343990719185628, 6.785036393417836, 1.9599092327147076, 6.12801241513136, 4.452769041457063, 0.7634771076284675, 3.939087645079591, 6.620422026864114, 0.0, 1.7641996224146972, 6.068252818336749, 6.586495349018581, 0.8211978452970616, 3.950680964449861, 1.5046537635581423, 4.682131379959061, 2.414305058391745, 6.288096760904661, 2.0521079426697666, 4.37546125455526, 3.462751799107723, 6.760321144867861, 7.211683097951704, 3.3456300775214447, 5.1114337320718635, 8.981871578851573, 5.941279860588645, 4.647337262290265, 7.437004476870732, 4.649800718618375, 6.046003713578905, 5.819918378728702, 8.48033461768586, 5.88643777990725, 8.268097828173245, 5.957630848761256, 7.101188598527553, 7.743158819530639, 7.151773790044481, 9.211903185742397, 7.26714499905978, 8.230729652898674, 9.777598486686117, 7.766272698088383, 7.94275168109274, 8.066002855051751, 8.674589661927472, 9.838627761381426, 10.154064572896909, 11.606515237505105, 8.431541937938459, 10.237294144974967, 9.792622765485966], [4.223158704624353, 4.223158704624353, 6.041666666666667, 2.848035379757974, 2.625, 5.066399389880133, 3.1689273728573273, 3.1689273728573273, 5.279842432413218, 1.3125, 4.5277404991648735, 2.8942591644687097, 2.3863035105460586, 2.3863035105460586, 4.9181204718041975, 1.7641996224146972, 0.0, 4.333333333333334, 4.8397945319105355, 2.189086726113071, 2.189086726113071, 2.010821418668942, 2.9450995078453825, 1.3125, 4.5277404991648735, 2.708333333333333, 2.708333333333333, 2.625, 5.066399389880133, 5.50015782601837, 3.650116531625318, 3.650116531625318, 7.263105880876491, 4.500192897100202, 3.9375, 5.855056278788257, 4.77042392712057, 4.77042392712057, 5.024937810560445, 6.954215348341688, 5.25, 6.807369372803109, 5.969577095108534, 5.969577095108534, 6.5659052011974035, 6.5625, 7.864107325550547, 7.208333333333333, 7.208333333333333, 8.403971448732504, 7.686681302385604, 7.375, 7.391929720986259, 7.686681302385604, 8.553853095405472, 8.817694489554007, 10.145593199746616, 7.875, 8.988515048537094, 8.78929667897899], [7.442487823302098, 4.223158704624353, 3.659320292076112, 5.8400699547678006, 5.066399389880133, 2.625, 6.899105467377637, 3.168927372857328, 2.1830311495716224, 4.5277404991648735, 1.3125, 2.0108214186689417, 6.576473218982953, 2.386303510546059, 0.7254040622024829, 6.068252818336749, 4.333333333333334, 0.0, 0.5590169943749475, 6.507507683437646, 2.1890867261130715, 6.10455772353739, 2.083333333333333, 4.5277404991648735, 1.3125, 6.700046641628698, 2.7083333333333335, 5.066399389880133, 2.625, 2.6721947908039936, 7.132945131570829, 3.6501165316253186, 3.9241837208088404, 3.9897873098421894, 5.855056278788257, 3.9375, 7.766112283504533, 4.770423927120571, 6.300352723811933, 5.024937810560445, 6.807369372803109, 5.25, 8.555197616069426, 5.969577095108534, 6.227180564089801, 7.864107325550547, 6.5625, 9.46126973508313, 7.208333333333333, 6.893157839481119, 9.830596370515881, 8.553853095405472, 8.311742864432492, 7.686681302385604, 7.375, 7.391929720986259, 8.015169758278322, 8.988515048537094, 7.875, 8.539227293952175], [8.00097650290263, 4.703906473465551, 3.875, 6.398968798976594, 5.623765296588321, 2.918154382482188, 7.454287776172852, 3.698312772212636, 2.375, 5.079617836128139, 1.640550593550836, 2.5661390150271366, 7.110731326663946, 2.945099507845382, 0.7096271144965307, 6.586495349018581, 4.8397945319105355, 0.5590169943749475, 0.0, 7.0002790122965814, 2.6673989879864455, 6.558629811172453, 2.386303510546058, 4.94873896675821, 1.174268389253496, 7.133766536690137, 3.0002893378991153, 5.385325998592018, 2.42706097986845, 2.375, 7.49817686174446, 3.785996217788802, 3.4532301640258987, 4.010619583611047, 6.079372283477227, 3.721243911651049, 8.06225774829855, 4.8074017006186525, 6.429640563653444, 4.75, 6.954215348341688, 5.024937810560445, 8.787642246359372, 5.944221341867336, 6.1446679686085925, 7.950394163883393, 6.332271018363001, 9.637978263100617, 7.141549979599045, 6.625, 9.988274375486489, 8.609688502559841, 8.339268719604721, 7.6076761307978344, 7.142522313580827, 7.125, 7.643197310365488, 9.027831196423154, 7.6413758577889626, 8.408927960474179], [3.9375, 5.855056278788255, 8.031432390925046, 3.316167491237337, 3.650116531625318, 7.132945131570829, 2.625, 5.066399389880132, 7.412247044587761, 2.708333333333333, 6.700046641628698, 5.042570511268148, 1.3125, 4.5277404991648735, 7.105296162990402, 0.8211978452970616, 2.189086726113071, 6.507507683437646, 7.0002790122965814, 0.0, 4.333333333333333, 0.9540210951546092, 4.923415213153479, 2.3863035105460586, 6.576473218982953, 1.3125, 4.5277404991648735, 3.1689273728573273, 6.899105467377637, 7.3720862888330325, 2.625, 5.066399389880132, 9.140896083375072, 5.859502313431672, 4.223158704624353, 7.442487823302098, 3.9375, 5.855056278788255, 5.392936802996222, 8.424527063877235, 5.391970947106859, 8.162653137920293, 5.25, 6.807369372803107, 7.463830609084796, 6.6149032074887115, 9.017344398435716, 6.5625, 7.864107325550546, 9.595124087264322, 7.0625, 7.387377795567548, 7.54917328991136, 8.285932900270058, 9.598380397233692, 9.94378731922601, 11.474312782887926, 7.866756046455517, 9.972031199810798, 9.400266877121688], [5.855056278788255, 3.9375, 4.755524930132436, 4.267821529116463, 3.650116531625318, 3.6501165316253186, 5.066399389880132, 2.625, 3.612826782605431, 2.708333333333333, 2.7083333333333335, 1.5219744577357404, 4.5277404991648735, 1.3125, 2.8365045151222064, 3.950680964449861, 2.189086726113071, 2.1890867261130715, 2.6673989879864455, 4.333333333333333, 0.0, 3.918494697513886, 1.0625000000000004, 2.3863035105460586, 2.386303510546059, 4.5277404991648735, 1.3125, 3.1689273728573273, 3.168927372857328, 3.529697913577182, 5.066399389880132, 2.625, 5.236861108252004, 3.350023320814349, 4.223158704624353, 4.223158704624353, 5.855056278788255, 3.9375, 4.974980806774814, 5.392936802996222, 5.391970947106859, 5.39197094710686, 6.807369372803107, 5.25, 5.70943572080464, 6.6149032074887115, 6.6149032074887115, 7.864107325550546, 6.5625, 7.08360906326084, 8.285932900270058, 7.387377795567548, 7.256492543080147, 7.0625, 7.387377795567548, 7.54917328991136, 8.613475543649155, 7.866756046455517, 7.866756046455517, 8.077988997888026], [4.7762432936357, 6.103846692409996, 8.050621094052309, 3.9378712130660682, 4.103690750748377, 7.075485849042453, 3.4736733078975632, 5.1488688752428375, 7.267220926874317, 2.952826447283649, 6.476218514688954, 4.882650691763418, 2.1830311495716224, 4.382929322319086, 6.751439608109892, 1.5046537635581423, 2.010821418668942, 6.10455772353739, 6.558629811172453, 0.9540210951546092, 3.918494697513886, 0.0, 4.335135843059336, 1.6771803802148944, 6.0029289725932955, 0.7071067811865476, 3.865804501581067, 2.2422706745122847, 6.18465843842649, 6.670832032063167, 1.8802011195614154, 4.240235924384921, 8.425497175753124, 5.002777006601212, 3.2692405888490033, 6.626473892652109, 3.164747225293041, 4.945712228228048, 4.439602397112206, 7.567405433832655, 4.448977722778322, 7.281182939605349, 4.4655801694740624, 5.8639449770989875, 6.522530396845827, 5.68719474150286, 8.097308580633443, 5.771698190307598, 6.910639944639312, 8.678277478854891, 6.269968101992227, 6.468406123441676, 6.6149032074887115, 7.331912741191377, 8.663861725581729, 9.017344398435716, 10.573655140900527, 6.952717294538717, 9.031195934094221, 8.446317409248707], [6.864891558583508, 4.900573945978165, 5.33479797597289, 5.294833594913559, 4.703906473465551, 4.218222703672457, 6.004374851815226, 3.59741660778954, 4.010619583611047, 3.698312772212636, 3.0568258091977984, 2.375, 5.3313798505744385, 2.304886114323222, 2.80835607314391, 4.682131379959061, 2.9450995078453825, 2.083333333333333, 2.386303510546058, 4.923415213153479, 1.0625000000000004, 4.335135843059336, 0.0, 2.667398987986446, 1.6678381299687857, 4.847858920297817, 0.6250000000000007, 3.000289337899116, 2.160648693744028, 2.5661390150271366, 5.119449908057614, 1.7600159800410906, 4.320435169557328, 2.375, 3.785996217788802, 3.162346285241035, 5.688682721958671, 3.0413812651491097, 4.330928820062095, 4.330928820062094, 4.8074017006186525, 4.333333333333333, 6.477558750108803, 4.341388746703064, 4.75, 5.944221341867336, 5.567803339538653, 7.416315534759232, 5.647178499038259, 6.027857782367169, 7.802354523546794, 6.680324551330655, 6.496927692720956, 6.145374276640927, 6.347708466665571, 6.496927692720956, 7.552800580047384, 7.141549979599045, 6.831427579779923, 7.125], [5.391970947106859, 5.391970947106859, 6.909415124387238, 4.121082050565705, 3.9375, 5.855056278788257, 4.223158704624353, 4.223158704624353, 5.931063763028612, 2.625, 5.066399389880133, 3.6128267826054317, 3.1689273728573273, 3.1689273728573273, 5.206688641718441, 2.414305058391745, 1.3125, 4.5277404991648735, 4.94873896675821, 2.3863035105460586, 2.3863035105460586, 1.6771803802148944, 2.667398987986446, 0.0, 4.333333333333334, 2.189086726113071, 2.189086726113071, 1.3125, 4.5277404991648735, 5.0083697308716255, 2.708333333333333, 2.708333333333333, 6.7710140533961, 3.5296979135771824, 2.625, 5.066399389880133, 3.650116531625318, 3.650116531625318, 3.721243911651049, 6.079372283477227, 3.9375, 5.855056278788257, 4.77042392712057, 4.77042392712057, 5.392936802996222, 5.25, 6.807369372803109, 5.969577095108534, 5.969577095108534, 7.369024179707318, 6.438039351731585, 6.0625, 6.083083613595986, 6.438039351731585, 7.451958402177094, 7.7533874765234785, 9.192325493224418, 6.5625, 7.864107325550547, 7.54917328991136], [8.162653137920293, 5.39197094710686, 4.962751882776329, 6.555793530894888, 5.855056278788257, 3.9375, 7.442487823302098, 4.223158704624353, 3.4736733078975632, 5.066399389880133, 2.625, 2.9528264472836487, 6.899105467377637, 3.168927372857328, 1.856854515055002, 6.288096760904661, 4.5277404991648735, 1.3125, 1.174268389253496, 6.576473218982953, 2.386303510546059, 6.0029289725932955, 1.6678381299687857, 4.333333333333334, 0.0, 6.507507683437646, 2.1890867261130715, 4.5277404991648735, 1.3125, 1.4045128158902644, 6.700046641628698, 2.7083333333333335, 2.91429959838139, 2.850514695239752, 5.066399389880133, 2.625, 7.132945131570829, 3.6501165316253186, 5.319031932076028, 3.721243911651049, 5.855056278788257, 3.9375, 7.766112283504533, 4.770423927120571, 4.974980806774814, 6.807369372803109, 5.25, 8.555197616069426, 5.969577095108534, 5.584926700503776, 8.888414158329933, 7.451958402177094, 7.172750566863764, 6.438039351731585, 6.0625, 6.083083613595986, 6.768214894095646, 7.864107325550547, 6.5625, 7.256492543080147], [5.25, 6.807369372803107, 8.75, 4.548548237963518, 4.77042392712057, 7.766112283504533, 3.9375, 5.855056278788255, 7.941190087134295, 3.650116531625318, 7.132945131570829, 5.560900206900958, 2.625, 5.066399389880132, 7.363914971020945, 2.0521079426697666, 2.708333333333333, 6.700046641628698, 7.133766536690137, 1.3125, 4.5277404991648735, 0.7071067811865476, 4.847858920297817, 2.189086726113071, 6.507507683437646, 0.0, 4.333333333333333, 2.3863035105460586, 6.576473218982953, 7.0710678118654755, 1.3125, 4.5277404991648735, 8.801716763309676, 5.230784942158406, 3.1689273728573273, 6.899105467377637, 2.625, 5.066399389880132, 4.301364447603936, 7.771140521184776, 4.223158704624353, 7.442487823302098, 3.9375, 5.855056278788255, 6.5193355574867535, 5.391970947106859, 8.162653137920293, 5.25, 6.807369372803107, 8.75, 5.75, 6.1446679686085925, 6.338265623268807, 7.200019290097615, 8.678277478854891, 9.058835465996719, 10.679229978710264, 6.6149032074887115, 9.017344398435716, 8.302024518821366], [6.807369372803107, 5.25, 5.888430275643171, 5.282672131367957, 4.77042392712057, 4.770423927120571, 5.855056278788255, 3.9375, 4.601479230759508, 3.650116531625318, 3.6501165316253186, 2.7950849718747373, 5.066399389880132, 2.625, 3.4333319095201014, 4.37546125455526, 2.708333333333333, 2.7083333333333335, 3.0002893378991153, 4.5277404991648735, 1.3125, 3.865804501581067, 0.6250000000000007, 2.189086726113071, 2.1890867261130715, 4.333333333333333, 0.0, 2.3863035105460586, 2.386303510546059, 2.8480012484391772, 4.5277404991648735, 1.3125, 4.6194102482445984, 2.0615528128088303, 3.1689273728573273, 3.168927372857328, 5.066399389880132, 2.625, 3.7640938853564445, 4.301364447603936, 4.223158704624353, 4.223158704624353, 5.855056278788255, 3.9375, 4.403478738452134, 5.391970947106859, 5.39197094710686, 6.807369372803107, 5.25, 5.888430275643171, 7.200019290097615, 6.1446679686085925, 5.986675018553937, 5.75, 6.1446679686085925, 6.338265623268807, 7.521838873552188, 6.6149032074887115, 6.6149032074887115, 6.768493185340442], [6.6149032074887115, 6.6149032074887115, 7.900861415764177, 5.413006697819292, 5.25, 6.807369372803109, 5.391970947106859, 5.391970947106859, 6.776696179637325, 3.9375, 5.855056278788257, 4.601479230759508, 4.223158704624353, 4.223158704624353, 5.785898093504595, 3.462751799107723, 2.625, 5.066399389880133, 5.385325998592018, 3.1689273728573273, 3.1689273728573273, 2.2422706745122847, 3.000289337899116, 1.3125, 4.5277404991648735, 2.3863035105460586, 2.3863035105460586, 0.0, 4.333333333333334, 4.833333333333334, 2.189086726113071, 2.189086726113071, 6.510443002265845, 2.8480012484391777, 1.3125, 4.5277404991648735, 2.708333333333333, 2.708333333333333, 2.42706097986845, 5.385325998592018, 2.625, 5.066399389880133, 3.650116531625318, 3.650116531625318, 4.301364447603936, 3.9375, 5.855056278788257, 4.77042392712057, 4.77042392712057, 6.43611770488321, 5.220818369225695, 4.75, 4.7762432936357, 5.220818369225695, 6.429640563653445, 6.776696179637325, 8.337262564656477, 5.25, 6.807369372803109, 6.338265623268807], [9.017344398435716, 6.6149032074887115, 6.269968101992227, 7.43611142082103, 6.807369372803109, 5.25, 8.162653137920293, 5.39197094710686, 4.7762432936357, 5.855056278788257, 3.9375, 4.103690750748377, 7.442487823302098, 4.223158704624353, 3.1328770845183866, 6.760321144867861, 5.066399389880133, 2.625, 2.42706097986845, 6.899105467377637, 3.168927372857328, 6.18465843842649, 2.160648693744028, 4.5277404991648735, 1.3125, 6.576473218982953, 2.386303510546059, 4.333333333333334, 0.0, 0.5, 6.507507683437646, 2.1890867261130715, 2.2432964413092504, 1.9436506316150997, 4.5277404991648735, 1.3125, 6.700046641628698, 2.7083333333333335, 4.509442254253229, 2.42706097986845, 5.066399389880133, 2.625, 7.132945131570829, 3.6501165316253186, 3.7640938853564445, 5.855056278788257, 3.9375, 7.766112283504533, 4.770423927120571, 4.2793106921559225, 8.050621094052309, 6.429640563653445, 6.103846692409996, 5.220818369225695, 4.75, 4.7762432936357, 5.5515612174681905, 6.807369372803109, 5.25, 5.986675018553937], [9.38416218956173, 6.795116710632064, 6.25, 7.791781290428118, 7.136078132357515, 5.273755777432247, 8.566148857567208, 5.611596685535331, 4.75, 6.234181370565915, 3.969119077326857, 4.330928820062094, 7.882932512713781, 4.500192897100202, 3.08243241277445, 7.211683097951704, 5.50015782601837, 2.6721947908039936, 2.375, 7.3720862888330325, 3.529697913577182, 6.670832032063167, 2.5661390150271366, 5.0083697308716255, 1.4045128158902644, 7.0710678118654755, 2.8480012484391772, 4.833333333333334, 0.5, 0.0, 7.006971974398071, 2.684914777252923, 1.771730117712064, 2.386303510546058, 5.0083697308716255, 1.4045128158902644, 7.186141175902405, 3.1227769870919557, 4.941498029725174, 2.375, 5.50015782601837, 2.6721947908039936, 7.591370511969496, 3.967369072963985, 4.010619583611047, 6.234181370565915, 3.969119077326857, 8.1891696770796, 5.0173310744967905, 4.25, 8.459462157844316, 6.776696179637325, 6.429640563653444, 5.4473489984680725, 4.7762432936357, 4.75, 5.363977494879352, 7.136078132357515, 5.273755777432247, 6.1446679686085925], [6.5625, 7.864107325550546, 9.595124087264322, 5.8160921430306365, 5.969577095108534, 8.555197616069426, 5.25, 6.807369372803107, 8.63880236201755, 4.77042392712057, 7.766112283504533, 6.313874987763942, 3.9375, 5.855056278788255, 7.836744626249262, 3.3456300775214447, 3.650116531625318, 7.132945131570829, 7.49817686174446, 2.625, 5.066399389880132, 1.8802011195614154, 5.119449908057614, 2.708333333333333, 6.700046641628698, 1.3125, 4.5277404991648735, 2.189086726113071, 6.507507683437646, 7.006971974398071, 0.0, 4.333333333333333, 8.650420062401095, 4.88198395748195, 2.3863035105460586, 6.576473218982953, 1.3125, 4.5277404991648735, 3.3712041411209603, 7.297527406594647, 3.1689273728573273, 6.899105467377637, 2.625, 5.066399389880132, 5.721889317446739, 4.223158704624353, 7.442487823302098, 3.9375, 5.855056278788255, 8.031432390925046, 4.4375, 4.938203184807652, 5.177114771869667, 6.202353104087011, 7.8702862876772155, 8.288027886656753, 9.99386634575542, 5.391970947106859, 8.162653137920293, 7.275130058020346], [7.864107325550546, 6.5625, 7.08360906326084, 6.406579554697917, 5.969577095108534, 5.969577095108534, 6.807369372803107, 5.25, 5.721889317446739, 4.77042392712057, 4.770423927120571, 4.0931535825082355, 5.855056278788255, 3.9375, 4.356040706599197, 5.1114337320718635, 3.650116531625318, 3.6501165316253186, 3.785996217788802, 5.066399389880132, 2.625, 4.240235924384921, 1.7600159800410906, 2.708333333333333, 2.7083333333333335, 4.5277404991648735, 1.3125, 2.189086726113071, 2.1890867261130715, 2.684914777252923, 4.333333333333333, 0.0, 4.324176258670781, 0.8500919067959657, 2.3863035105460586, 2.386303510546059, 4.5277404991648735, 1.3125, 2.65173226924925, 3.3712041411209603, 3.1689273728573273, 3.168927372857328, 5.066399389880132, 2.625, 3.1030478968266024, 4.223158704624353, 4.223158704624353, 5.855056278788255, 3.9375, 4.755524930132436, 6.202353104087011, 4.938203184807652, 4.74016708859274, 4.4375, 4.938203184807653, 5.177114771869667, 6.512255495473102, 5.391970947106859, 5.39197094710686, 5.460440115045673], [11.067300749670956, 8.145789031378602, 7.1048031284131214, 9.46343653651449, 8.769309892340049, 6.2886649478034276, 10.298710849331197, 7.066270460305971, 5.656131144295424, 7.943808611891267, 5.07450550302158, 5.82950949995608, 9.64816339686455, 6.079127403884343, 4.063585518686919, 8.981871578851573, 7.263105880876491, 3.9241837208088404, 3.4532301640258987, 9.140896083375072, 5.236861108252004, 8.425497175753124, 4.320435169557328, 6.7710140533961, 2.91429959838139, 8.801716763309676, 4.6194102482445984, 6.510443002265845, 2.2432964413092504, 1.771730117712064, 8.650420062401095, 4.324176258670781, 0.0, 3.8249691630936744, 6.50925628318759, 2.239850039189134, 8.696817178166745, 4.41626109854443, 6.21728738945739, 2.373711577735946, 6.767590349207164, 2.9063361767903557, 8.937829899081825, 4.873759982291052, 4.6771645409251095, 7.257785709784132, 3.9143280709446415, 9.358434168138697, 5.607942861642448, 3.9463111495708767, 9.561284123416987, 7.658856061729561, 7.2409523909065685, 5.940276689579907, 4.615689223954543, 4.4058183914622875, 4.39437870536657, 7.936998184679871, 5.0638375785021, 6.356303736225706], [8.713415582371308, 7.267220926874317, 7.566831863101257, 7.249159729611079, 6.795116710632064, 6.468406123441676, 7.6560444983758495, 5.958515440107544, 6.1446679686085925, 5.611596685535331, 5.211207540271043, 4.75, 6.689673841908222, 4.651948516482099, 4.651309790936111, 5.941279860588645, 4.500192897100202, 3.9897873098421894, 4.010619583611047, 5.859502313431672, 3.350023320814349, 5.002777006601212, 2.375, 3.5296979135771824, 2.850514695239752, 5.230784942158406, 2.0615528128088303, 2.8480012484391777, 1.9436506316150997, 2.386303510546058, 4.88198395748195, 0.8500919067959657, 3.8249691630936744, 0.0, 2.6849147772529234, 1.6957104787603856, 4.873575290391144, 0.8003905296791066, 2.566139015027137, 2.5661390150271366, 3.122776987091956, 2.327746287243903, 5.207208211807083, 2.0009763241977656, 2.375, 3.9673690729639857, 3.3773782772703704, 5.824397918335518, 3.2882366094914763, 3.906013881752655, 6.117484050744318, 4.601479230759508, 4.330928820062095, 3.783186487605389, 4.103690750748377, 4.330928820062094, 5.669972314073327, 5.0173310744967905, 4.565115308267446, 4.75], [7.866756046455517, 7.866756046455517, 8.975105423398162, 6.712918758169073, 6.5625, 7.864107325550547, 6.6149032074887115, 6.6149032074887115, 7.7533874765234785, 5.25, 6.807369372803109, 5.721889317446739, 5.391970947106859, 5.391970947106859, 6.579433059545511, 4.647337262290265, 3.9375, 5.855056278788257, 6.079372283477227, 4.223158704624353, 4.223158704624353, 3.2692405888490033, 3.785996217788802, 2.625, 5.066399389880133, 3.1689273728573273, 3.1689273728573273, 1.3125, 4.5277404991648735, 5.0083697308716255, 2.3863035105460586, 2.3863035105460586, 6.50925628318759, 2.6849147772529234, 0.0, 4.333333333333334, 2.189086726113071, 2.189086726113071, 1.1742683892534962, 4.94873896675821, 1.3125, 4.5277404991648735, 2.708333333333333, 2.708333333333333, 3.371204141120961, 2.625, 5.066399389880133, 3.650116531625318, 3.650116531625318, 5.65597183171125, 4.063354610964251, 3.4375, 3.4736733078975632, 4.063354610964251, 5.531200957095826, 5.931063763028612, 7.613564124026344, 3.9375, 5.855056278788257, 5.177114771869667], [9.972031199810798, 7.866756046455517, 7.579010901826174, 8.429613858653708, 7.864107325550547, 6.5625, 9.017344398435716, 6.6149032074887115, 6.083083613595986, 6.807369372803109, 5.25, 5.3297921186269335, 8.162653137920293, 5.39197094710686, 4.430264265630292, 7.437004476870732, 5.855056278788257, 3.9375, 3.721243911651049, 7.442487823302098, 4.223158704624353, 6.626473892652109, 3.162346285241035, 5.066399389880133, 2.625, 6.899105467377637, 3.168927372857328, 4.5277404991648735, 1.3125, 1.4045128158902644, 6.576473218982953, 2.386303510546059, 2.239850039189134, 1.6957104787603856, 4.333333333333334, 0.0, 6.507507683437646, 2.1890867261130715, 3.977857550798475, 1.174268389253496, 4.5277404991648735, 1.3125, 6.700046641628698, 2.7083333333333335, 2.65173226924925, 5.066399389880133, 2.625, 7.132945131570829, 3.6501165316253186, 2.979749360265054, 7.3529862130973695, 5.531200957095826, 5.1488688752428375, 4.063354610964252, 3.4375, 3.4736733078975632, 4.390471905152754, 5.855056278788257, 3.9375, 4.74016708859274], [7.875, 8.988515048537092, 10.536395256443258, 7.099991342203481, 7.208333333333333, 9.46126973508313, 6.5625, 7.864107325550546, 9.46787330924955, 5.969577095108534, 8.555197616069426, 7.228536235719588, 5.25, 6.807369372803107, 8.488062292046811, 4.649800718618375, 4.77042392712057, 7.766112283504533, 8.06225774829855, 3.9375, 5.855056278788255, 3.164747225293041, 5.688682721958671, 3.650116531625318, 7.132945131570829, 2.625, 5.066399389880132, 2.708333333333333, 6.700046641628698, 7.186141175902405, 1.3125, 4.5277404991648735, 8.696817178166745, 4.873575290391144, 2.189086726113071, 6.507507683437646, 0.0, 4.333333333333333, 2.7701283564324437, 7.0400639201643616, 2.3863035105460586, 6.576473218982953, 1.3125, 4.5277404991648735, 5.140390171097046, 3.1689273728573273, 6.899105467377637, 2.625, 5.066399389880132, 7.47600327715284, 3.125, 3.802639799460954, 4.108130488569115, 5.342602622110106, 7.212185868375828, 7.665874053230982, 9.442144281648186, 4.223158704624353, 7.442487823302098, 6.354269124857013], [8.988515048537092, 7.875, 8.314248980582137, 7.591258843816027, 7.208333333333333, 7.208333333333333, 7.864107325550546, 6.5625, 6.910263099992005, 5.969577095108534, 5.969577095108534, 5.398205720422296, 6.807369372803107, 5.25, 5.441298169937897, 6.046003713578905, 4.77042392712057, 4.770423927120571, 4.8074017006186525, 5.855056278788255, 3.9375, 4.945712228228048, 3.0413812651491097, 3.650116531625318, 3.6501165316253186, 5.066399389880132, 2.625, 2.708333333333333, 2.7083333333333335, 3.1227769870919557, 4.5277404991648735, 1.3125, 4.41626109854443, 0.8003905296791066, 2.189086726113071, 2.1890867261130715, 4.333333333333333, 0.0, 1.8276426832884418, 2.7701283564324437, 2.3863035105460586, 2.386303510546059, 4.5277404991648735, 1.3125, 1.8200274723201297, 3.1689273728573273, 3.168927372857328, 5.066399389880132, 2.625, 3.741889377187828, 5.342602622110106, 3.802639799460954, 3.541666666666666, 3.125, 3.8026397994609544, 4.108130488569115, 5.629049274696249, 4.223158704624353, 4.223158704624353, 4.155192534648665], [9.0278311964