totalHoles = 60;
zeroHoleID = 14;
C = [[0.0, 0.8333333333333335, 1.666666666666667, 2.5, 3.0, 3.5, 4.0, 4.5, 0.5, 0.9718253158075502, 1.7400510848184252, 2.5495097567963922, 1.0, 1.3017082793177759, 1.9436506316151003, 2.692582403567252, 1.5, 1.7159383568311668, 2.242270674512285, 2.9154759474226504, 2.0, 2.1666666666666665, 2.6034165586355518, 3.2015621187164243, 3.75, 4.16082924427331, 4.589389937671455, 5.031152949374527, 2.5, 2.6352313834736494, 3.0046260628866577, 3.5355339059327378, 3.0, 3.1135902820449006, 3.4318767136623336, 3.905124837953327, 3.5, 3.5978388574871505, 3.8765677832043357, 4.301162633521313, 4.0, 4.0858835573770875, 4.333333333333333, 4.716990566028302, 9.278838532937662, 4.5, 4.576510072581994, 4.7987266829626565, 5.1478150704935, 5.408326913195984, 5.70087712549569, 6.020797289396148, 5.0, 5.068968775248516, 5.270462766947299, 5.5901699437494745, 9.116734239204565, 9.831622266581384, 13.031305984616267, 14.02189013842085], [0.8333333333333335, 0.0, 0.8333333333333335, 1.6666666666666665, 2.1666666666666665, 2.6666666666666665, 3.1666666666666665, 3.6666666666666665, 0.9718253158075502, 0.5, 0.9718253158075502, 1.740051084818425, 1.3017082793177759, 1.0, 1.3017082793177759, 1.9436506316151, 1.7159383568311668, 1.5, 1.7159383568311668, 2.2422706745122847, 2.1666666666666665, 2.0, 2.1666666666666665, 2.6034165586355513, 3.123610802331885, 3.48907023590972, 3.8846206736022215, 4.301969833046769, 2.6352313834736494, 2.5, 2.6352313834736494, 3.0046260628866577, 3.1135902820449006, 3.0, 3.1135902820449006, 3.431876713662333, 3.5978388574871505, 3.5, 3.5978388574871505, 3.8765677832043357, 4.0858835573770875, 4.0, 4.0858835573770875, 4.333333333333333, 8.54132227280723, 4.576510072581994, 4.5, 4.576510072581994, 4.7987266829626565, 4.994441354590566, 5.230784942158405, 5.50252467307306, 5.068968775248516, 5.0, 5.068968775248516, 5.270462766947299, 8.627143575409557, 9.335000587022602, 12.561002981649022, 13.604047483942233], [1.666666666666667, 0.8333333333333335, 0.0, 0.833333333333333, 1.333333333333333, 1.833333333333333, 2.333333333333333, 2.833333333333333, 1.7400510848184252, 0.9718253158075502, 0.5, 0.9718253158075498, 1.9436506316151003, 1.3017082793177759, 1.0, 1.3017082793177757, 2.242270674512285, 1.7159383568311668, 1.5, 1.7159383568311666, 2.6034165586355518, 2.1666666666666665, 2.0, 2.1666666666666665, 2.6153924710792023, 2.9023457945446665, 3.2414417231294537, 3.6180488910154014, 3.0046260628866577, 2.6352313834736494, 2.5, 2.6352313834736494, 3.4318767136623336, 3.1135902820449006, 3.0, 3.1135902820449006, 3.8765677832043357, 3.5978388574871505, 3.5, 3.5978388574871505, 4.333333333333333, 4.0858835573770875, 4.0, 4.0858835573770875, 7.823069519342515, 4.7987266829626565, 4.576510072581994, 4.5, 4.576510072581994, 4.693375946776241, 4.85912657903775, 5.068968775248516, 5.270462766947299, 5.068968775248516, 5.0, 5.068968775248516, 8.193244671194977, 8.888901192812003, 12.129779265682636, 13.225569996247987], [2.5, 1.6666666666666665, 0.833333333333333, 0.0, 0.5, 1.0, 1.5, 2.0, 2.5495097567963922, 1.740051084818425, 0.9718253158075498, 0.5, 2.692582403567252, 1.9436506316151, 1.3017082793177757, 1.0, 2.9154759474226504, 2.2422706745122847, 1.7159383568311666, 1.5, 3.2015621187164243, 2.6034165586355513, 2.1666666666666665, 2.0, 2.3048861143232218, 2.462214450449026, 2.704163456597992, 3.010398644698074, 3.5355339059327378, 3.0046260628866577, 2.6352313834736494, 2.5, 3.905124837953327, 3.431876713662333, 3.1135902820449006, 3.0, 4.301162633521313, 3.8765677832043357, 3.5978388574871505, 3.5, 4.716990566028302, 4.333333333333333, 4.0858835573770875, 4.0, 7.129904356291734, 5.1478150704935, 4.7987266829626565, 4.576510072581994, 4.5, 4.527692569068709, 4.6097722286464435, 4.743416490252569, 5.5901699437494745, 5.270462766947299, 5.068968775248516, 5.0, 7.824308218768496, 8.5012811834644, 11.741941196082616, 12.889925693922518], [3.0, 2.1666666666666665, 1.333333333333333, 0.5, 0.0, 0.5, 1.0, 1.5, 3.0413812651491097, 2.223610677354389, 1.4240006242195882, 0.7071067811865476, 3.1622776601683795, 2.3863035105460586, 1.6666666666666663, 1.118033988749895, 3.3541019662496847, 2.6352313834736494, 2.0069324297987157, 1.5811388300841898, 3.605551275463989, 2.948634335492355, 2.403700850309326, 2.0615528128088303, 2.25, 2.3048861143232218, 2.462214450449026, 2.704163456597992, 3.905124837953327, 3.3082388735465345, 2.833333333333333, 2.5495097567963922, 4.242640687119285, 3.7006005518624194, 3.2829526005987013, 3.0413812651491097, 4.6097722286464435, 4.1163630117428225, 3.745367509040705, 3.5355339059327378, 5.0, 4.549114687985393, 4.216370213557839, 4.031128874149275, 6.72928483954838, 5.408326913195984, 4.994441354590566, 4.693375946776241, 4.527692569068709, 4.5, 4.527692569068709, 4.6097722286464435, 5.830951894845301, 5.449260908090605, 5.174724898753341, 5.024937810560445, 7.638114314743458, 8.300239685324952, 11.531904982689344, 12.710528732630436], [3.5, 2.6666666666666665, 1.833333333333333, 1.0, 0.5, 0.0, 0.5, 1.0, 3.5355339059327378, 2.7131367660166177, 1.9002923751652296, 1.118033988749895, 3.640054944640259, 2.848001248439177, 2.0883273476902775, 1.4142135623730951, 3.8078865529319543, 3.0595932917809696, 2.3687784005919825, 1.8027756377319946, 4.031128874149275, 3.3333333333333335, 2.7131367660166177, 2.23606797749979, 2.3048861143232218, 2.25, 2.3048861143232218, 2.462214450449026, 4.301162633521313, 3.655285366576885, 3.100179206289712, 2.692582403567252, 4.6097722286464435, 4.013864859597431, 3.515837184954831, 3.1622776601683795, 4.949747468305833, 4.400126260814695, 3.9510898637098992, 3.640054944640259, 5.315072906367325, 4.8074017006186525, 4.400126260814695, 4.123105625617661, 6.342792190643131, 5.70087712549569, 5.230784942158405, 4.85912657903775, 4.6097722286464435, 4.527692569068709, 4.5, 4.527692569068709, 6.103277807866851, 5.666666666666667, 5.325515102890153, 5.0990195135927845, 7.480760754621793, 8.125033901920697, 11.340038889143571, 12.548501780340306], [4.0, 3.1666666666666665, 2.333333333333333, 1.5, 1.0, 0.5, 0.0, 0.5, 4.031128874149275, 3.2058973436118907, 2.3863035105460586, 1.5811388300841898, 4.123105625617661, 3.3208098075285455, 2.5385910352879693, 1.8027756377319946, 4.272001872658765, 3.5039660069381062, 2.7738861628488727, 2.1213203435596424, 4.47213595499958, 3.745367509040705, 3.0731814857642954, 2.5, 2.462214450449026, 2.3048861143232218, 2.25, 2.3048861143232218, 4.716990566028302, 4.034572812303401, 3.419714088113865, 2.9154759474226504, 5.0, 4.362084109434134, 3.8005847503304597, 3.3541019662496847, 5.315072906367325, 4.719934086168766, 4.206476488041321, 3.8078865529319543, 5.656854249492381, 5.101742621671322, 4.630814663149935, 4.272001872658765, 5.973169267281089, 6.020797289396148, 5.50252467307306, 5.068968775248516, 4.743416490252569, 4.6097722286464435, 4.527692569068709, 4.5, 6.4031242374328485, 5.918426968188235, 5.517648452415616, 5.220153254455275, 7.354099037318595, 7.977366293513044, 11.16727950240352, 12.404525512867625], [4.5, 3.6666666666666665, 2.833333333333333, 2.0, 1.5, 1.0, 0.5, 0.0, 4.527692569068709, 3.7006005518624194, 2.877112750272011, 2.0615528128088303, 4.6097722286464435, 3.8005847503304597, 3.0046260628866577, 2.23606797749979, 4.743416490252569, 3.9616214413349042, 3.2058973436118907, 2.5, 4.924428900898052, 4.176654695380556, 3.4681086744474685, 2.8284271247461903, 2.704163456597992, 2.462214450449026, 2.3048861143232218, 2.25, 5.1478150704935, 4.437842318564782, 3.7785946829182113, 3.2015621187164243, 5.408326913195984, 4.737556801183965, 4.126472801046649, 3.605551275463989, 5.70087712549569, 5.068968775248516, 4.503085362035432, 4.031128874149275, 6.020797289396148, 5.426273532033235, 4.901813723284247, 4.47213595499958, 5.623743363410098, 6.363961030678928, 5.804691589089333, 5.317685377847939, 4.924428900898052, 4.743416490252569, 4.6097722286464435, 4.527692569068709, 6.726812023536855, 6.200358412579424, 5.74697988318889, 5.385164807134504, 7.259735796397206, 7.858789350427675, 11.014525907287842, 12.279234889339149], [0.5, 0.9718253158075502, 1.7400510848184252, 2.5495097567963922, 3.0413812651491097, 3.5355339059327378, 4.031128874149275, 4.527692569068709, 0.0, 0.8333333333333335, 1.666666666666667, 2.5, 0.5, 0.9718253158075502, 1.7400510848184252, 2.5495097567963922, 1.0, 1.3017082793177759, 1.9436506316151003, 2.692582403567252, 1.5, 1.7159383568311668, 2.242270674512285, 2.9154759474226504, 3.473110997362451, 3.913118960624632, 4.366062299143245, 4.828301978956992, 2.0, 2.1666666666666665, 2.6034165586355518, 3.2015621187164243, 2.5, 2.6352313834736494, 3.0046260628866577, 3.5355339059327378, 3.0, 3.1135902820449006, 3.4318767136623336, 3.905124837953327, 3.5, 3.5978388574871505, 3.8765677832043357, 4.301162633521313, 9.066601328694013, 4.0, 4.0858835573770875, 4.333333333333333, 4.716990566028302, 5.0, 5.315072906367325, 5.656854249492381, 4.5, 4.576510072581994, 4.7987266829626565, 5.1478150704935, 8.728885064864444, 9.44576305872861, 12.62960707351032, 13.598446049656049], [0.9718253158075502, 0.5, 0.9718253158075502, 1.740051084818425, 2.223610677354389, 2.7131367660166177, 3.2058973436118907, 3.7006005518624194, 0.8333333333333335, 0.0, 0.8333333333333335, 1.6666666666666665, 0.9718253158075502, 0.5, 0.9718253158075502, 1.740051084818425, 1.3017082793177759, 1.0, 1.3017082793177759, 1.9436506316151, 1.7159383568311668, 1.5, 1.7159383568311668, 2.2422706745122847, 2.7851291611780673, 3.1896098681674396, 3.6180488910154014, 4.0628739144163015, 2.1666666666666665, 2.0, 2.1666666666666665, 2.6034165586355513, 2.6352313834736494, 2.5, 2.6352313834736494, 3.0046260628866577, 3.1135902820449006, 3.0, 3.1135902820449006, 3.431876713662333, 3.5978388574871505, 3.5, 3.5978388574871505, 3.8765677832043357, 8.310270831994597, 4.0858835573770875, 4.0, 4.0858835573770875, 4.333333333333333, 4.549114687985393, 4.8074017006186525, 5.101742621671322, 4.576510072581994, 4.5, 4.576510072581994, 4.7987266829626565, 8.216215525292599, 8.927702914446442, 12.14375704102984, 13.167172811838435], [1.7400510848184252, 0.9718253158075502, 0.5, 0.9718253158075498, 1.4240006242195882, 1.9002923751652296, 2.3863035105460586, 2.877112750272011, 1.666666666666667, 0.8333333333333335, 0.0, 0.833333333333333, 1.7400510848184252, 0.9718253158075502, 0.5, 0.9718253158075498, 1.9436506316151003, 1.3017082793177759, 1.0, 1.3017082793177757, 2.242270674512285, 1.7159383568311668, 1.5, 1.7159383568311666, 2.2000631304073472, 2.534484387624258, 2.9166666666666665, 3.330206867114681, 2.6034165586355518, 2.1666666666666665, 2.0, 2.1666666666666665, 3.0046260628866577, 2.6352313834736494, 2.5, 2.6352313834736494, 3.4318767136623336, 3.1135902820449006, 3.0, 3.1135902820449006, 3.8765677832043357, 3.5978388574871505, 3.5, 3.5978388574871505, 7.570127597181782, 4.333333333333333, 4.0858835573770875, 4.0, 4.0858835573770875, 4.216370213557839, 4.400126260814695, 4.630814663149935, 4.7987266829626565, 4.576510072581994, 4.5, 4.576510072581994, 7.759371722594145, 8.46015412297423, 11.69716137363038, 12.77575961096315], [2.5495097567963922, 1.740051084818425, 0.9718253158075498, 0.5, 0.7071067811865476, 1.118033988749895, 1.5811388300841898, 2.0615528128088303, 2.5, 1.6666666666666665, 0.833333333333333, 0.0, 2.5495097567963922, 1.740051084818425, 0.9718253158075498, 0.5, 2.692582403567252, 1.9436506316151, 1.3017082793177757, 1.0, 2.9154759474226504, 2.2422706745122847, 1.7159383568311666, 1.5, 1.8200274723201295, 2.0155644370746373, 2.3048861143232218, 2.6575364531836625, 3.2015621187164243, 2.6034165586355513, 2.1666666666666665, 2.0, 3.5355339059327378, 3.0046260628866577, 2.6352313834736494, 2.5, 3.905124837953327, 3.431876713662333, 3.1135902820449006, 3.0, 4.301162633521313, 3.8765677832043357, 3.5978388574871505, 3.5, 6.851419653109503, 4.716990566028302, 4.333333333333333, 4.0858835573770875, 4.0, 4.031128874149275, 4.123105625617661, 4.272001872658765, 5.1478150704935, 4.7987266829626565, 4.576510072581994, 4.5, 7.368744152813083, 8.051920586371246, 11.294477509775662, 12.427973137495357], [1.0, 1.3017082793177759, 1.9436506316151003, 2.692582403567252, 3.1622776601683795, 3.640054944640259, 4.123105625617661, 4.6097722286464435, 0.5, 0.9718253158075502, 1.7400510848184252, 2.5495097567963922, 0.0, 0.8333333333333335, 1.666666666666667, 2.5, 0.5, 0.9718253158075502, 1.7400510848184252, 2.5495097567963922, 1.0, 1.3017082793177759, 1.9436506316151003, 2.692582403567252, 3.25, 3.7165171868296265, 4.190763653560053, 4.670385423067351, 1.5, 1.7159383568311668, 2.242270674512285, 2.9154759474226504, 2.0, 2.1666666666666665, 2.6034165586355518, 3.2015621187164243, 2.5, 2.6352313834736494, 3.0046260628866577, 3.5355339059327378, 3.0, 3.1135902820449006, 3.4318767136623336, 3.905124837953327, 8.877481331246118, 3.5, 3.5978388574871505, 3.8765677832043357, 4.301162633521313, 4.6097722286464435, 4.949747468305833, 5.315072906367325, 4.0, 4.0858835573770875, 4.333333333333333, 4.716990566028302, 8.352965088095504, 9.071057442798235, 12.235154841595921, 13.180366720120821], [1.3017082793177759, 1.0, 1.3017082793177759, 1.9436506316151, 2.3863035105460586, 2.848001248439177, 3.3208098075285455, 3.8005847503304597, 0.9718253158075502, 0.5, 0.9718253158075502, 1.740051084818425, 0.8333333333333335, 0.0, 0.8333333333333335, 1.6666666666666665, 0.9718253158075502, 0.5, 0.9718253158075502, 1.740051084818425, 1.3017082793177759, 1.0, 1.3017082793177759, 1.9436506316151, 2.5013885033006056, 2.945099507845382, 3.404449702635916, 3.8738797663898197, 1.7159383568311668, 1.5, 1.7159383568311668, 2.2422706745122847, 2.1666666666666665, 2.0, 2.1666666666666665, 2.6034165586355513, 2.6352313834736494, 2.5, 2.6352313834736494, 3.0046260628866577, 3.1135902820449006, 3.0, 3.1135902820449006, 3.431876713662333, 8.103518768673734, 3.5978388574871505, 3.5, 3.5978388574871505, 3.8765677832043357, 4.1163630117428225, 4.400126260814695, 4.719934086168766, 4.0858835573770875, 4.0, 4.0858835573770875, 4.333333333333333, 7.815675840603158, 8.53027096272555, 11.732982324972964, 12.734942943267535], [1.9436506316151003, 1.3017082793177759, 1.0, 1.3017082793177757, 1.6666666666666663, 2.0883273476902775, 2.5385910352879693, 3.0046260628866577, 1.7400510848184252, 0.9718253158075502, 0.5, 0.9718253158075498, 1.666666666666667, 0.8333333333333335, 0.0, 0.833333333333333, 1.7400510848184252, 0.9718253158075502, 0.5, 0.9718253158075498, 1.9436506316151003, 1.3017082793177759, 1.0, 1.3017082793177757, 1.827642683288442, 2.2189211592823908, 2.6470633623780984, 3.0968173626770077, 2.242270674512285, 1.7159383568311668, 1.5, 1.7159383568311666, 2.6034165586355518, 2.1666666666666665, 2.0, 2.1666666666666665, 3.0046260628866577, 2.6352313834736494, 2.5, 2.6352313834736494, 3.4318767136623336, 3.1135902820449006, 3.0, 3.1135902820449006, 7.3425640596974375, 3.8765677832043357, 3.5978388574871505, 3.5, 3.5978388574871505, 3.745367509040705, 3.9510898637098992, 4.206476488041321, 4.333333333333333, 4.0858835573770875, 4.0, 4.0858835573770875, 7.33392397129411, 8.039642476713814, 11.270120823101976, 12.329816119820261], [2.692582403567252, 1.9436506316151, 1.3017082793177757, 1.0, 1.118033988749895, 1.4142135623730951, 1.8027756377319946, 2.23606797749979, 2.5495097567963922, 1.740051084818425, 0.9718253158075498, 0.5, 2.5, 1.6666666666666665, 0.833333333333333, 0.0, 2.5495097567963922, 1.740051084818425, 0.9718253158075498, 0.5, 2.692582403567252, 1.9436506316151, 1.3017082793177757, 1.0, 1.346291201783626, 1.6007810593582121, 1.9525624189766635, 2.358495283014151, 2.9154759474226504, 2.2422706745122847, 1.7159383568311666, 1.5, 3.2015621187164243, 2.6034165586355513, 2.1666666666666665, 2.0, 3.5355339059327378, 3.0046260628866577, 2.6352313834736494, 2.5, 3.905124837953327, 3.431876713662333, 3.1135902820449006, 3.0, 6.599118607523465, 4.301162633521313, 3.8765677832043357, 3.5978388574871505, 3.5, 3.5355339059327378, 3.640054944640259, 3.8078865529319543, 4.716990566028302, 4.333333333333333, 4.0858835573770875, 4.0, 6.919319451864159, 7.608880896566345, 10.85160178892473, 11.969078837478198], [1.5, 1.7159383568311668, 2.242270674512285, 2.9154759474226504, 3.3541019662496847, 3.8078865529319543, 4.272001872658765, 4.743416490252569, 1.0, 1.3017082793177759, 1.9436506316151003, 2.692582403567252, 0.5, 0.9718253158075502, 1.7400510848184252, 2.5495097567963922, 0.0, 0.8333333333333335, 1.666666666666667, 2.5, 0.5, 0.9718253158075502, 1.7400510848184252, 2.5495097567963922, 3.092329219213245, 3.5794552658190883, 4.0697051490249265, 4.562071897723665, 1.0, 1.3017082793177759, 1.9436506316151003, 2.692582403567252, 1.5, 1.7159383568311668, 2.242270674512285, 2.9154759474226504, 2.0, 2.1666666666666665, 2.6034165586355518, 3.2015621187164243, 2.5, 2.6352313834736494, 3.0046260628866577, 3.5355339059327378, 8.712983984822344, 3.0, 3.1135902820449006, 3.4318767136623336, 3.905124837953327, 4.242640687119285, 4.6097722286464435, 5.0, 3.5, 3.5978388574871505, 3.8765677832043357, 4.301162633521313, 7.990658111211558, 8.708945200163363, 11.848673055004696, 12.768179149288704], [1.7159383568311668, 1.5, 1.7159383568311668, 2.2422706745122847, 2.6352313834736494, 3.0595932917809696, 3.5039660069381062, 3.9616214413349042, 1.3017082793177759, 1.0, 1.3017082793177759, 1.9436506316151, 0.9718253158075502, 0.5, 0.9718253158075502, 1.740051084818425, 0.8333333333333335, 0.0, 0.8333333333333335, 1.6666666666666665, 0.9718253158075502, 0.5, 0.9718253158075502, 1.740051084818425, 2.2928027486996005, 2.7701283564324437, 3.254270698294439, 3.7425852621476032, 1.3017082793177759, 1.0, 1.3017082793177759, 1.9436506316151, 1.7159383568311668, 1.5, 1.7159383568311668, 2.2422706745122847, 2.1666666666666665, 2.0, 2.1666666666666665, 2.6034165586355513, 2.6352313834736494, 2.5, 2.6352313834736494, 3.0046260628866577, 7.9229686082550375, 3.1135902820449006, 3.0, 3.1135902820449006, 3.431876713662333, 3.7006005518624194, 4.013864859597431, 4.362084109434134, 3.5978388574871505, 3.5, 3.5978388574871505, 3.8765677832043357, 7.427205405313404, 8.144149192298844, 11.329382745970504, 12.307847239860505], [2.242270674512285, 1.7159383568311668, 1.5, 1.7159383568311666, 2.0069324297987157, 2.3687784005919825, 2.7738861628488727, 3.2058973436118907, 1.9436506316151003, 1.3017082793177759, 1.0, 1.3017082793177757, 1.7400510848184252, 0.9718253158075502, 0.5, 0.9718253158075498, 1.666666666666667, 0.8333333333333335, 0.0, 0.833333333333333, 1.7400510848184252, 0.9718253158075502, 0.5, 0.9718253158075498, 1.5297966458904846, 1.980810720667452, 2.4509068616421232, 2.9309175658448288, 1.9436506316151003, 1.3017082793177759, 1.0, 1.3017082793177757, 2.242270674512285, 1.7159383568311668, 1.5, 1.7159383568311666, 2.6034165586355518, 2.1666666666666665, 2.0, 2.1666666666666665, 3.0046260628866577, 2.6352313834736494, 2.5, 2.6352313834736494, 7.142804918511201, 3.4318767136623336, 3.1135902820449006, 3.0, 3.1135902820449006, 3.2829526005987013, 3.515837184954831, 3.8005847503304597, 3.8765677832043357, 3.5978388574871505, 3.5, 3.5978388574871505, 6.918455904611311, 7.628728237542889, 10.849316224255007, 11.888174690003586], [2.9154759474226504, 2.2422706745122847, 1.7159383568311666, 1.5, 1.5811388300841898, 1.8027756377319946, 2.1213203435596424, 2.5, 2.692582403567252, 1.9436506316151, 1.3017082793177757, 1.0, 2.5495097567963922, 1.740051084818425, 0.9718253158075498, 0.5, 2.5, 1.6666666666666665, 0.833333333333333, 0.0, 2.5495097567963922, 1.740051084818425, 0.9718253158075498, 0.5, 0.9013878188659973, 1.25, 1.6770509831248424, 2.1360009363293826, 2.692582403567252, 1.9436506316151, 1.3017082793177757, 1.0, 2.9154759474226504, 2.2422706745122847, 1.7159383568311666, 1.5, 3.2015621187164243, 2.6034165586355513, 2.1666666666666665, 2.0, 3.5355339059327378, 3.0046260628866577, 2.6352313834736494, 2.5, 6.376110219350802, 3.905124837953327, 3.431876713662333, 3.1135902820449006, 3.0, 3.0413812651491097, 3.1622776601683795, 3.3541019662496847, 4.301162633521313, 3.8765677832043357, 3.5978388574871505, 3.5, 6.4773121712848205, 7.173333386023227, 10.413899392252674, 11.513608475592296], [2.0, 2.1666666666666665, 2.6034165586355518, 3.2015621187164243, 3.605551275463989, 4.031128874149275, 4.47213595499958, 4.924428900898052, 1.5, 1.7159383568311668, 2.242270674512285, 2.9154759474226504, 1.0, 1.3017082793177759, 1.9436506316151003, 2.692582403567252, 0.5, 0.9718253158075502, 1.7400510848184252, 2.5495097567963922, 0.0, 0.8333333333333335, 1.666666666666667, 2.5, 3.010398644698074, 3.5089172119045497, 4.00780488547035, 4.5069390943299865, 0.5, 0.9718253158075502, 1.7400510848184252, 2.5495097567963922, 1.0, 1.3017082793177759, 1.9436506316151003, 2.692582403567252, 1.5, 1.7159383568311668, 2.242270674512285, 2.9154759474226504, 2.0, 2.1666666666666665, 2.6034165586355518, 3.2015621187164243, 8.57452652062596, 2.5, 2.6352313834736494, 3.0046260628866577, 3.5355339059327378, 3.905124837953327, 4.301162633521313, 4.716990566028302, 3.0, 3.1135902820449006, 3.4318767136623336, 3.905124837953327, 7.6439000737581475, 8.361062723622618, 11.470967366833563, 12.362472677413411], [2.1666666666666665, 2.0, 2.1666666666666665, 2.6034165586355513, 2.948634335492355, 3.3333333333333335, 3.745367509040705, 4.176654695380556, 1.7159383568311668, 1.5, 1.7159383568311668, 2.2422706745122847, 1.3017082793177759, 1.0, 1.3017082793177759, 1.9436506316151, 0.9718253158075502, 0.5, 0.9718253158075502, 1.740051084818425, 0.8333333333333335, 0.0, 0.8333333333333335, 1.6666666666666665, 2.1810420547170666, 2.6783597799980328, 3.176519758757653, 3.6751795118666575, 0.9718253158075502, 0.5, 0.9718253158075502, 1.740051084818425, 1.3017082793177759, 1.0, 1.3017082793177759, 1.9436506316151, 1.7159383568311668, 1.5, 1.7159383568311668, 2.2422706745122847, 2.1666666666666665, 2.0, 2.1666666666666665, 2.6034165586355513, 7.770447007768733, 2.6352313834736494, 2.5, 2.6352313834736494, 3.0046260628866577, 3.3082388735465345, 3.655285366576885, 4.034572812303401, 3.1135902820449006, 3.0, 3.1135902820449006, 3.431876713662333, 7.052798835926443, 7.771023705749784, 10.933752904252975, 11.886439146826277], [2.6034165586355518, 2.1666666666666665, 2.0, 2.1666666666666665, 2.403700850309326, 2.7131367660166177, 3.0731814857642954, 3.4681086744474685, 2.242270674512285, 1.7159383568311668, 1.5, 1.7159383568311666, 1.9436506316151003, 1.3017082793177759, 1.0, 1.3017082793177757, 1.7400510848184252, 0.9718253158075502, 0.5, 0.9718253158075498, 1.666666666666667, 0.8333333333333335, 0.0, 0.833333333333333, 1.3565683830083086, 1.8503002759312095, 2.34668797338812, 2.8443413609793353, 1.7400510848184252, 0.9718253158075502, 0.5, 0.9718253158075498, 1.9436506316151003, 1.3017082793177759, 1.0, 1.3017082793177757, 2.242270674512285, 1.7159383568311668, 1.5, 1.7159383568311666, 2.6034165586355518, 2.1666666666666665, 2.0, 2.1666666666666665, 6.973240081701984, 3.0046260628866577, 2.6352313834736494, 2.5, 2.6352313834736494, 2.833333333333333, 3.100179206289712, 3.419714088113865, 3.4318767136623336, 3.1135902820449006, 3.0, 3.1135902820449006, 6.514877081832002, 7.229048200917424, 10.435501986030626, 11.451333082724656], [3.2015621187164243, 2.6034165586355513, 2.1666666666666665, 2.0, 2.0615528128088303, 2.23606797749979, 2.5, 2.8284271247461903, 2.9154759474226504, 2.2422706745122847, 1.7159383568311666, 1.5, 2.692582403567252, 1.9436506316151, 1.3017082793177757, 1.0, 2.5495097567963922, 1.740051084818425, 0.9718253158075498, 0.5, 2.5, 1.6666666666666665, 0.833333333333333, 0.0, 0.5590169943749475, 1.0307764064044151, 1.5206906325745548, 2.0155644370746373, 2.5495097567963922, 1.740051084818425, 0.9718253158075498, 0.5, 2.692582403567252, 1.9436506316151, 1.3017082793177757, 1.0, 2.9154759474226504, 2.2422706745122847, 1.7159383568311666, 1.5, 3.2015621187164243, 2.6034165586355513, 2.1666666666666665, 2.0, 6.185563568702292, 3.5355339059327378, 3.0046260628866577, 2.6352313834736494, 2.5, 2.5495097567963922, 2.692582403567252, 2.9154759474226504, 3.905124837953327, 3.431876713662333, 3.1135902820449006, 3.0, 6.0443497790583915, 6.746729225034799, 9.982050877376192, 11.06198499550117], [3.75, 3.123610802331885, 2.6153924710792023, 2.3048861143232218, 2.25, 2.3048861143232218, 2.462214450449026, 2.704163456597992, 3.473110997362451, 2.7851291611780673, 2.2000631304073472, 1.8200274723201295, 3.25, 2.5013885033006056, 1.827642683288442, 1.346291201783626, 3.092329219213245, 2.2928027486996005, 1.5297966458904846, 0.9013878188659973, 3.010398644698074, 2.1810420547170666, 1.3565683830083086, 0.5590169943749475, 0.0, 0.5, 1.0, 1.5, 3.010398644698074, 2.1810420547170666, 1.3565683830083086, 0.5590169943749475, 3.092329219213245, 2.2928027486996005, 1.5297966458904846, 0.9013878188659973, 3.25, 2.5013885033006056, 1.827642683288442, 1.346291201783626, 3.473110997362451, 2.7851291611780673, 2.2000631304073472, 1.8200274723201295, 5.630243560534348, 3.75, 3.123610802331885, 2.6153924710792023, 2.3048861143232218, 2.25, 2.3048861143232218, 2.462214450449026, 4.0697051490249265, 3.5009919229333337, 3.056186803482041, 2.7950849718747373, 5.579601336840141, 6.273665116493521, 9.515067460576576, 10.623772129738295], [4.16082924427331, 3.48907023590972, 2.9023457945446665, 2.462214450449026, 2.3048861143232218, 2.25, 2.3048861143232218, 2.462214450449026, 3.913118960624632, 3.1896098681674396, 2.534484387624258, 2.0155644370746373, 3.7165171868296265, 2.945099507845382, 2.2189211592823908, 1.6007810593582121, 3.5794552658190883, 2.7701283564324437, 1.980810720667452, 1.25, 3.5089172119045497, 2.6783597799980328, 1.8503002759312095, 1.0307764064044151, 0.5, 0.0, 0.5, 1.0, 3.5089172119045497, 2.6783597799980328, 1.8503002759312095, 1.0307764064044151, 3.5794552658190883, 2.7701283564324437, 1.980810720667452, 1.25, 3.7165171868296265, 2.945099507845382, 2.2189211592823908, 1.6007810593582121, 3.913118960624632, 3.1896098681674396, 2.534484387624258, 2.0155644370746373, 5.16211011824102, 4.16082924427331, 3.48907023590972, 2.9023457945446665, 2.462214450449026, 2.3048861143232218, 2.25, 2.3048861143232218, 4.451123453691214, 3.830614978187068, 3.3050886691753236, 2.9261749776799064, 5.362177007603251, 6.039956214032106, 9.281603215869358, 10.429376325206803], [4.589389937671455, 3.8846206736022215, 3.2414417231294537, 2.704163456597992, 2.462214450449026, 2.3048861143232218, 2.25, 2.3048861143232218, 4.366062299143245, 3.6180488910154014, 2.9166666666666665, 2.3048861143232218, 4.190763653560053, 3.404449702635916, 2.6470633623780984, 1.9525624189766635, 4.0697051490249265, 3.254270698294439, 2.4509068616421232, 1.6770509831248424, 4.00780488547035, 3.176519758757653, 2.34668797338812, 1.5206906325745548, 1.0, 0.5, 0.0, 0.5, 4.00780488547035, 3.176519758757653, 2.34668797338812, 1.5206906325745548, 4.0697051490249265, 3.254270698294439, 2.4509068616421232, 1.6770509831248424, 4.190763653560053, 3.404449702635916, 2.6470633623780984, 1.9525624189766635, 4.366062299143245, 3.6180488910154014, 2.9166666666666665, 2.3048861143232218, 4.700544563638784, 4.589389937671455, 3.8846206736022215, 3.2414417231294537, 2.704163456597992, 2.462214450449026, 2.3048861143232218, 2.25, 4.8541219597369, 4.1940765107205396, 3.6065141680637334, 3.132491021535417, 5.184007469484361, 5.839800351120101, 9.069719275388278, 10.255693384699258], [5.031152949374527, 4.301969833046769, 3.6180488910154014, 3.010398644698074, 2.704163456597992, 2.462214450449026, 2.3048861143232218, 2.25, 4.828301978956992, 4.0628739144163015, 3.330206867114681, 2.6575364531836625, 4.670385423067351, 3.8738797663898197, 3.0968173626770077, 2.358495283014151, 4.562071897723665, 3.7425852621476032, 2.9309175658448288, 2.1360009363293826, 4.5069390943299865, 3.6751795118666575, 2.8443413609793353, 2.0155644370746373, 1.5, 1.0, 0.5, 0.0, 4.5069390943299865, 3.6751795118666575, 2.8443413609793353, 2.0155644370746373, 4.562071897723665, 3.7425852621476032, 2.9309175658448288, 2.1360009363293826, 4.670385423067351, 3.8738797663898197, 3.0968173626770077, 2.358495283014151, 4.828301978956992, 4.0628739144163015, 3.330206867114681, 2.6575364531836625, 4.247688491010369, 5.031152949374527, 4.301969833046769, 3.6180488910154014, 3.010398644698074, 2.704163456597992, 2.462214450449026, 2.3048861143232218, 5.273755777432247, 4.583333333333333, 3.948452580160711, 3.400367627183861, 5.0492499073100285, 5.676747767380531, 8.880960376663266, 10.103791519481394], [2.5, 2.6352313834736494, 3.0046260628866577, 3.5355339059327378, 3.905124837953327, 4.301162633521313, 4.716990566028302, 5.1478150704935, 2.0, 2.1666666666666665, 2.6034165586355518, 3.2015621187164243, 1.5, 1.7159383568311668, 2.242270674512285, 2.9154759474226504, 1.0, 1.3017082793177759, 1.9436506316151003, 2.692582403567252, 0.5, 0.9718253158075502, 1.7400510848184252, 2.5495097567963922, 3.010398644698074, 3.5089172119045497, 4.00780488547035, 4.5069390943299865, 0.0, 0.8333333333333335, 1.666666666666667, 2.5, 0.5, 0.9718253158075502, 1.7400510848184252, 2.5495097567963922, 1.0, 1.3017082793177759, 1.9436506316151003, 2.692582403567252, 1.5, 1.7159383568311668, 2.242270674512285, 2.9154759474226504, 8.463387039836075, 2.0, 2.1666666666666665, 2.6034165586355518, 3.2015621187164243, 3.605551275463989, 4.031128874149275, 4.47213595499958, 2.5, 2.6352313834736494, 3.0046260628866577, 3.5355339059327378, 7.314902571116621, 8.02925981876629, 11.102933463617923, 11.963906661757912], [2.6352313834736494, 2.5, 2.6352313834736494, 3.0046260628866577, 3.3082388735465345, 3.655285366576885, 4.034572812303401, 4.437842318564782, 2.1666666666666665, 2.0, 2.1666666666666665, 2.6034165586355513, 1.7159383568311668, 1.5, 1.7159383568311668, 2.2422706745122847, 1.3017082793177759, 1.0, 1.3017082793177759, 1.9436506316151, 0.9718253158075502, 0.5, 0.9718253158075502, 1.740051084818425, 2.1810420547170666, 2.6783597799980328, 3.176519758757653, 3.6751795118666575, 0.8333333333333335, 0.0, 0.8333333333333335, 1.6666666666666665, 0.9718253158075502, 0.5, 0.9718253158075502, 1.740051084818425, 1.3017082793177759, 1.0, 1.3017082793177759, 1.9436506316151, 1.7159383568311668, 1.5, 1.7159383568311668, 2.2422706745122847, 7.647631125628992, 2.1666666666666665, 2.0, 2.1666666666666665, 2.6034165586355513, 2.948634335492355, 3.3333333333333335, 3.745367509040705, 2.6352313834736494, 2.5, 2.6352313834736494, 3.0046260628866577, 6.6948161070618015, 7.412857263176481, 10.54698970028067, 11.471345496613136], [3.0046260628866577, 2.6352313834736494, 2.5, 2.6352313834736494, 2.833333333333333, 3.100179206289712, 3.419714088113865, 3.7785946829182113, 2.6034165586355518, 2.1666666666666665, 2.0, 2.1666666666666665, 2.242270674512285, 1.7159383568311668, 1.5, 1.7159383568311666, 1.9436506316151003, 1.3017082793177759, 1.0, 1.3017082793177757, 1.7400510848184252, 0.9718253158075502, 0.5, 0.9718253158075498, 1.3565683830083086, 1.8503002759312095, 2.34668797338812, 2.8443413609793353, 1.666666666666667, 0.8333333333333335, 0.0, 0.833333333333333, 1.7400510848184252, 0.9718253158075502, 0.5, 0.9718253158075498, 1.9436506316151003, 1.3017082793177759, 1.0, 1.3017082793177757, 2.242270674512285, 1.7159383568311668, 1.5, 1.7159383568311666, 6.836116761012966, 2.6034165586355518, 2.1666666666666665, 2.0, 2.1666666666666665, 2.403700850309326, 2.7131367660166177, 3.0731814857642954, 3.0046260628866577, 2.6352313834736494, 2.5, 2.6352313834736494, 6.125537909335686, 6.8425712462560915, 10.029543402718557, 11.019862126313852], [3.5355339059327378, 3.0046260628866577, 2.6352313834736494, 2.5, 2.5495097567963922, 2.692582403567252, 2.9154759474226504, 3.2015621187164243, 3.2015621187164243, 2.6034165586355513, 2.1666666666666665, 2.0, 2.9154759474226504, 2.2422706745122847, 1.7159383568311666, 1.5, 2.692582403567252, 1.9436506316151, 1.3017082793177757, 1.0, 2.5495097567963922, 1.740051084818425, 0.9718253158075498, 0.5, 0.5590169943749475, 1.0307764064044151, 1.5206906325745548, 2.0155644370746373, 2.5, 1.6666666666666665, 0.833333333333333, 0.0, 2.5495097567963922, 1.740051084818425, 0.9718253158075498, 0.5, 2.692582403567252, 1.9436506316151, 1.3017082793177757, 1.0, 2.9154759474226504, 2.2422706745122847, 1.7159383568311666, 1.5, 6.030556507952174, 3.2015621187164243, 2.6034165586355513, 2.1666666666666665, 2.0, 2.0615528128088303, 2.23606797749979, 2.5, 3.5355339059327378, 3.0046260628866577, 2.6352313834736494, 2.5, 5.622522168825301, 6.330876606350961, 9.556849841087438, 10.614699428253036], [3.0, 3.1135902820449006, 3.4318767136623336, 3.905124837953327, 4.242640687119285, 4.6097722286464435, 5.0, 5.408326913195984, 2.5, 2.6352313834736494, 3.0046260628866577, 3.5355339059327378, 2.0, 2.1666666666666665, 2.6034165586355518, 3.2015621187164243, 1.5, 1.7159383568311668, 2.242270674512285, 2.9154759474226504, 1.0, 1.3017082793177759, 1.9436506316151003, 2.692582403567252, 3.092329219213245, 3.5794552658190883, 4.0697051490249265, 4.562071897723665, 0.5, 0.9718253158075502, 1.7400510848184252, 2.5495097567963922, 0.0, 0.8333333333333335, 1.666666666666667, 2.5, 0.5, 0.9718253158075502, 1.7400510848184252, 2.5495097567963922, 1.0, 1.3017082793177759, 1.9436506316151003, 2.692582403567252, 8.380652439948367, 1.5, 1.7159383568311668, 2.242270674512285, 2.9154759474226504, 3.3541019662496847, 3.8078865529319543, 4.272001872658765, 2.0, 2.1666666666666665, 2.6034165586355518, 3.2015621187164243, 7.006168061947793, 7.715611226996736, 10.745565162619084, 11.573218848821519], [3.1135902820449006, 3.0, 3.1135902820449006, 3.431876713662333, 3.7006005518624194, 4.013864859597431, 4.362084109434134, 4.737556801183965, 2.6352313834736494, 2.5, 2.6352313834736494, 3.0046260628866577, 2.1666666666666665, 2.0, 2.1666666666666665, 2.6034165586355513, 1.7159383568311668, 1.5, 1.7159383568311668, 2.2422706745122847, 1.3017082793177759, 1.0, 1.3017082793177759, 1.9436506316151, 2.2928027486996005, 2.7701283564324437, 3.254270698294439, 3.7425852621476032, 0.9718253158075502, 0.5, 0.9718253158075502, 1.740051084818425, 0.8333333333333335, 0.0, 0.8333333333333335, 1.6666666666666665, 0.9718253158075502, 0.5, 0.9718253158075502, 1.740051084818425, 1.3017082793177759, 1.0, 1.3017082793177759, 1.9436506316151, 7.5559696245311, 1.7159383568311668, 1.5, 1.7159383568311668, 2.2422706745122847, 2.6352313834736494, 3.0595932917809696, 3.5039660069381062, 2.1666666666666665, 2.0, 2.1666666666666665, 2.6034165586355513, 6.356032881814165, 7.071923088745487, 10.170104763688167, 11.063277064872269], [3.4318767136623336, 3.1135902820449006, 3.0, 3.1135902820449006, 3.2829526005987013, 3.515837184954831, 3.8005847503304597, 4.126472801046649, 3.0046260628866577, 2.6352313834736494, 2.5, 2.6352313834736494, 2.6034165586355518, 2.1666666666666665, 2.0, 2.1666666666666665, 2.242270674512285, 1.7159383568311668, 1.5, 1.7159383568311666, 1.9436506316151003, 1.3017082793177759, 1.0, 1.3017082793177757, 1.5297966458904846, 1.980810720667452, 2.4509068616421232, 2.9309175658448288, 1.7400510848184252, 0.9718253158075502, 0.5, 0.9718253158075498, 1.666666666666667, 0.8333333333333335, 0.0, 0.833333333333333, 1.7400510848184252, 0.9718253158075502, 0.5, 0.9718253158075498, 1.9436506316151003, 1.3017082793177759, 1.0, 1.3017082793177757, 6.733417223323511, 2.242270674512285, 1.7159383568311668, 1.5, 1.7159383568311666, 2.0069324297987157, 2.3687784005919825, 2.7738861628488727, 2.6034165586355518, 2.1666666666666665, 2.0, 2.1666666666666665, 5.753329989322475, 6.471663204230722, 9.632433754435144, 10.594418020562939], [3.905124837953327, 3.431876713662333, 3.1135902820449006, 3.0, 3.0413812651491097, 3.1622776601683795, 3.3541019662496847, 3.605551275463989, 3.5355339059327378, 3.0046260628866577, 2.6352313834736494, 2.5, 3.2015621187164243, 2.6034165586355513, 2.1666666666666665, 2.0, 2.9154759474226504, 2.2422706745122847, 1.7159383568311666, 1.5, 2.692582403567252, 1.9436506316151, 1.3017082793177757, 1.0, 0.9013878188659973, 1.25, 1.6770509831248424, 2.1360009363293826, 2.5495097567963922, 1.740051084818425, 0.9718253158075498, 0.5, 2.5, 1.6666666666666665, 0.833333333333333, 0.0, 2.5495097567963922, 1.740051084818425, 0.9718253158075498, 0.5, 2.692582403567252, 1.9436506316151, 1.3017082793177757, 1.0, 5.913884250537173, 2.9154759474226504, 2.2422706745122847, 1.7159383568311666, 1.5, 1.5811388300841898, 1.8027756377319946, 2.1213203435596424, 3.2015621187164243, 2.6034165586355513, 2.1666666666666665, 2.0, 5.214532273009797, 5.928038627889082, 9.13922414932795, 10.172324014875736], [3.5, 3.5978388574871505, 3.8765677832043357, 4.301162633521313, 4.6097722286464435, 4.949747468305833, 5.315072906367325, 5.70087712549569, 3.0, 3.1135902820449006, 3.4318767136623336, 3.905124837953327, 2.5, 2.6352313834736494, 3.0046260628866577, 3.5355339059327378, 2.0, 2.1666666666666665, 2.6034165586355518, 3.2015621187164243, 1.5, 1.7159383568311668, 2.242270674512285, 2.9154759474226504, 3.25, 3.7165171868296265, 4.190763653560053, 4.670385423067351, 1.0, 1.3017082793177759, 1.9436506316151003, 2.692582403567252, 0.5, 0.9718253158075502, 1.7400510848184252, 2.5495097567963922, 0.0, 0.8333333333333335, 1.666666666666667, 2.5, 0.5, 0.9718253158075502, 1.7400510848184252, 2.5495097567963922, 8.327169414174293, 1.0, 1.3017082793177759, 1.9436506316151003, 2.692582403567252, 3.1622776601683795, 3.640054944640259, 4.123105625617661, 1.5, 1.7159383568311668, 2.242270674512285, 2.9154759474226504, 6.72048972914817, 7.42241874156001, 10.399962011019996, 11.19123435703944], [3.5978388574871505, 3.5, 3.5978388574871505, 3.8765677832043357, 4.1163630117428225, 4.400126260814695, 4.719934086168766, 5.068968775248516, 3.1135902820449006, 3.0, 3.1135902820449006, 3.431876713662333, 2.6352313834736494, 2.5, 2.6352313834736494, 3.0046260628866577, 2.1666666666666665, 2.0, 2.1666666666666665, 2.6034165586355513, 1.7159383568311668, 1.5, 1.7159383568311668, 2.2422706745122847, 2.5013885033006056, 2.945099507845382, 3.404449702635916, 3.8738797663898197, 1.3017082793177759, 1.0, 1.3017082793177759, 1.9436506316151, 0.9718253158075502, 0.5, 0.9718253158075502, 1.740051084818425, 0.8333333333333335, 0.0, 0.8333333333333335, 1.6666666666666665, 0.9718253158075502, 0.5, 0.9718253158075502, 1.740051084818425, 7.49660537176554, 1.3017082793177759, 1.0, 1.3017082793177759, 1.9436506316151, 2.3863035105460586, 2.848001248439177, 3.3208098075285455, 1.7159383568311668, 1.5, 1.7159383568311668, 2.2422706745122847, 6.039680892400825, 6.750832507330834, 9.804237352846929, 10.663040435335086], [3.8765677832043357, 3.5978388574871505, 3.5, 3.5978388574871505, 3.745367509040705, 3.9510898637098992, 4.206476488041321, 4.503085362035432, 3.4318767136623336, 3.1135902820449006, 3.0, 3.1135902820449006, 3.0046260628866577, 2.6352313834736494, 2.5, 2.6352313834736494, 2.6034165586355518, 2.1666666666666665, 2.0, 2.1666666666666665, 2.242270674512285, 1.7159383568311668, 1.5, 1.7159383568311666, 1.827642683288442, 2.2189211592823908, 2.6470633623780984, 3.0968173626770077, 1.9436506316151003, 1.3017082793177759, 1.0, 1.3017082793177757, 1.7400510848184252, 0.9718253158075502, 0.5, 0.9718253158075498, 1.666666666666667, 0.8333333333333335, 0.0, 0.833333333333333, 1.7400510848184252, 0.9718253158075502, 0.5, 0.9718253158075498, 6.666732530745252, 1.9436506316151003, 1.3017082793177759, 1.0, 1.3017082793177757, 1.6666666666666663, 2.0883273476902775, 2.5385910352879693, 2.242270674512285, 1.7159383568311668, 1.5, 1.7159383568311666, 5.401795743395533, 6.119155823959466, 9.245313364086028, 10.175756733820391], [4.301162633521313, 3.8765677832043357, 3.5978388574871505, 3.5, 3.5355339059327378, 3.640054944640259, 3.8078865529319543, 4.031128874149275, 3.905124837953327, 3.431876713662333, 3.1135902820449006, 3.0, 3.5355339059327378, 3.0046260628866577, 2.6352313834736494, 2.5, 3.2015621187164243, 2.6034165586355513, 2.1666666666666665, 2.0, 2.9154759474226504, 2.2422706745122847, 1.7159383568311666, 1.5, 1.346291201783626, 1.6007810593582121, 1.9