totalHoles = 60;
zeroHoleID = 13;
C = [[0.0, 3.0, 8.0, 5.5901699437494745, 3.2607845757398195, 8.10140210391897, 1.5, 5.220153254455275, 5.953005258265633, 3.5355339059327378, 7.905694150420948, 3.9409217446595997, 8.398265546976402, 7.440436635247285, 9.12143965135838, 6.549196539167379, 3.5999999999999996, 6.161168720299744, 4.867693955503411, 8.870988921447509, 4.622810676685332, 5.235456045083369, 8.798295289429651, 7.321960878829598, 5.926504601375372, 9.493337494797256, 9.154916711800277, 5.699999999999999, 7.582216034906945, 8.221659139878378, 7.058179739463136, 10.238061400214784, 7.151223671512449, 10.0568384694197, 9.211171424544528, 8.232726023485645, 11.080513425729775, 7.800000000000001, 9.264987857520376, 8.584228217390796, 10.264556060108546, 9.148223871331528, 11.562439189029277, 9.43414471055819, 12.00012860013396, 9.9, 11.090987332063815, 11.364065087311053, 12.980517214675762, 11.183022847155415, 13.231024147812596, 12.497530620284083, 11.5, 14.0089257261219, 12.0, 13.0, 13.656500283747663, 13.238202294873727, 15.008331019803634, 15.330743743676788], [3.0, 0.0, 5.0, 2.692582403567252, 1.2777777777777777, 5.160689493602838, 3.3541019662496847, 2.5, 3.382051390049872, 2.5495097567963922, 5.1478150704935, 2.5555555555555554, 5.615235008219234, 4.748896955354479, 6.388550101270539, 4.346489998681922, 4.686149805543993, 4.1182520563948, 3.833333333333333, 6.300352723811933, 4.20796824861296, 4.62709412050371, 6.435060217278467, 5.441609239104835, 5.111111111111111, 7.150066908087187, 6.914658342969665, 6.441273166075166, 6.040695324215582, 6.60270240222484, 6.388888888888888, 8.112823259172352, 6.71863081289633, 8.070935509592427, 7.800364030758159, 7.666666666666666, 9.153020145163987, 8.357032966310472, 8.052328855678958, 8.491429084157167, 9.020039418489871, 8.814193099768124, 9.88382517044894, 8.944444444444443, 10.247101366716008, 10.34456378974, 10.1, 10.253876111434248, 11.37953545451192, 10.91146186356347, 11.792370414806346, 11.497315843488785, 11.884864324004713, 12.539936203984453, 12.36931687685298, 12.165525060596439, 12.747548783981962, 13.009611831257688, 13.756816492197604, 13.98807018377944], [8.0, 5.0, 0.0, 2.692582403567252, 5.160689493602838, 1.2777777777777777, 8.139410298049853, 3.3541019662496847, 3.382051390049872, 6.041522986797286, 2.5495097567963922, 5.615235008219234, 2.5555555555555554, 2.805690154249077, 3.1887966698367634, 4.346489998681922, 8.772684879784522, 4.686149805543993, 6.300352723811933, 3.833333333333333, 7.183408696162267, 7.170076708097341, 4.62709412050371, 5.441609239104835, 7.150066908087187, 5.111111111111111, 5.273755777432247, 9.822932352408825, 6.441273166075166, 6.60270240222484, 8.112823259172352, 6.388888888888888, 8.668333173107733, 6.71863081289633, 7.800364030758159, 9.153020145163987, 7.666666666666666, 11.173182178770737, 8.357032966310472, 10.462473778364911, 9.020039418489871, 10.377379245262265, 8.814193099768124, 10.247101366716008, 8.944444444444443, 12.7283148923964, 10.34456378974, 10.253876111434248, 10.222222222222221, 12.209013064126028, 10.91146186356347, 11.497315843488785, 14.0089257261219, 11.5, 14.422205101855956, 12.36931687685298, 12.747548783981962, 14.115594213493104, 13.009611831257688, 13.040582055763338], [5.5901699437494745, 2.692582403567252, 2.692582403567252, 0.0, 2.5153847605937267, 2.5153847605937267, 5.522680508593631, 0.7071067811865476, 1.2777777777777777, 3.3541019662496847, 2.5, 2.9444444444444446, 2.9444444444444446, 2.1780617181313535, 3.736861906906653, 2.5555555555555554, 6.0835844697020525, 2.647640458974745, 3.7785946829182113, 3.7785946829182113, 4.60199847785956, 4.686149805543993, 4.1182520563948, 3.833333333333333, 4.811572982705472, 4.811572982705472, 4.697073557013984, 7.234638899074368, 4.726520919238588, 5.111111111111111, 5.940549087145912, 5.940549087145912, 6.441273166075166, 6.040695324215582, 6.388888888888888, 7.120003121097942, 7.120003121097942, 8.745856161634492, 6.818357573492315, 8.290467319012905, 7.666666666666666, 8.357032966310472, 8.052328855678958, 8.328517126767776, 8.328517126767776, 10.462313319720453, 8.914033879226622, 8.944444444444443, 9.555071047148177, 10.34456378974, 10.1, 10.222222222222221, 11.853269591129697, 10.793516572461451, 12.298373876248844, 11.01135777277262, 11.5, 12.36931687685298, 12.165525060596439, 12.309775160846915], [3.2607845757398195, 1.2777777777777777, 5.160689493602838, 2.5153847605937267, 0.0, 5.0, 3.0082191934846407, 2.0123078084749815, 2.692582403567252, 1.320540480444968, 4.663027681720732, 1.2777777777777777, 5.160689493602838, 4.185365582169769, 5.8673549790698365, 3.382051390049872, 3.7937733260413324, 3.064753831775517, 2.5555555555555554, 5.615235008219234, 2.9713604444720647, 3.359636958635138, 5.593492691854273, 4.346489998681922, 3.833333333333333, 6.300352723811933, 6.002378643730838, 5.343786053231926, 4.853457466869989, 5.441609239104835, 5.111111111111111, 7.150066908087187, 5.445226701172366, 7.0463106536087725, 6.60270240222484, 6.388888888888888, 8.112823259172352, 7.179093446672038, 6.821977918173687, 7.229650293768, 7.800364030758159, 7.538821337615969, 8.76549069707417, 7.666666666666665, 9.153020145163985, 9.12922318981099, 8.851142075991254, 9.02003941848987, 10.247101366716008, 9.635204226887316, 10.62248372527947, 10.253876111434248, 10.653348166679516, 11.37953545451192, 11.13400419358265, 10.907155879637736, 11.497315843488785, 11.732880883532419, 12.556292997025853, 12.805204230883296], [8.10140210391897, 5.160689493602838, 1.2777777777777777, 2.5153847605937267, 5.0, 0.0, 8.003085824608492, 3.0082191934846407, 2.692582403567252, 5.634166057234542, 1.320540480444968, 5.160689493602838, 1.2777777777777777, 1.6843871305274385, 1.9444038303639055, 3.382051390049872, 8.330229051435664, 3.7937733260413324, 5.615235008219234, 2.5555555555555554, 6.536309861514989, 6.4255085786128365, 3.359636958635138, 4.346489998681922, 6.300352723811933, 3.833333333333333, 4.003567082329963, 9.140899812530277, 5.343786053231926, 5.441609239104835, 7.150066908087187, 5.111111111111111, 7.723373215581421, 5.445226701172366, 6.60270240222484, 8.112823259172352, 6.388888888888888, 10.321791642735741, 7.179093446672038, 9.467144925577237, 7.800364030758159, 9.31846699626574, 7.538821337615969, 9.153020145163985, 7.666666666666665, 11.761918042963178, 9.12922318981099, 9.02003941848987, 8.944444444444443, 11.08319270308999, 9.635204226887316, 10.253876111434248, 12.980517214675762, 10.222222222222221, 13.377819305952523, 11.13400419358265, 11.497315843488785, 12.948378038471091, 11.732880883532419, 11.762819741940655], [1.5, 3.3541019662496847, 8.139410298049853, 5.522680508593631, 3.0082191934846407, 8.003085824608492, 0.0, 5.0, 5.5547221597128456, 2.692582403567252, 7.566372975210778, 3.1802826180803803, 8.069336870577668, 7.055713071295131, 8.71982621568822, 5.8715678180512665, 2.0999999999999996, 5.423098745182499, 3.8005847503304597, 8.333333333333334, 3.358823541023341, 3.982461550347975, 8.115417426109392, 6.431260460524912, 4.694690986293999, 8.777250335770885, 8.38525491562421, 4.199999999999999, 6.529931086925803, 7.177210159874959, 5.735959777395691, 9.375565826546216, 5.769748694700662, 9.12633551870629, 8.057854078207114, 6.85768020381366, 10.10088004966784, 6.300000000000001, 8.043009387039158, 7.122917418375506, 9.033886821911768, 7.716216689544171, 10.466135867644754, 8.026191692603643, 10.927934529746219, 8.4, 9.77547952787995, 10.077630771927925, 11.835419743035189, 9.726767191621274, 12.025389806571761, 11.170121079839358, 10.0, 12.806248474865697, 10.5, 11.629703349613008, 12.298373876248844, 11.76860229593982, 13.729530217745982, 14.076945145720124], [5.220153254455275, 2.5, 3.3541019662496847, 0.7071067811865476, 2.0123078084749815, 3.0082191934846407, 5.0, 0.0, 0.9246287209496242, 2.692582403567252, 2.692582403567252, 2.2614591596719578, 3.1802826180803803, 2.2589736371901568, 3.9230372209452407, 2.115492529406641, 5.423098745182499, 2.0999999999999996, 3.0731814857642954, 3.8005847503304597, 3.8956461972948007, 3.982461550347975, 3.982461550347975, 3.3706247360261137, 4.127968441835538, 4.694690986293999, 4.5069390943299865, 6.529931086925803, 4.199999999999999, 4.638140325498178, 5.282161921779872, 5.735959777395691, 5.769748694700662, 5.769748694700662, 5.910077186101634, 6.482883446258907, 6.85768020381366, 8.043009387039158, 6.300000000000001, 7.62200381925254, 7.1840873540841015, 7.716216689544171, 7.716216689544171, 7.7084209204233085, 8.026191692603643, 9.77547952787995, 8.4, 8.459234124630232, 9.223728123368943, 9.726767191621274, 9.726767191621274, 9.735070874845832, 11.180339887498949, 10.44030650891055, 11.629703349613008, 10.5, 11.01135777277262, 11.76860229593982, 11.76860229593982, 11.939474759065858], [5.953005258265633, 3.382051390049872, 3.382051390049872, 1.2777777777777777, 2.692582403567252, 2.692582403567252, 5.5547221597128456, 0.9246287209496242, 0.0, 3.0082191934846407, 2.0123078084749815, 2.5153847605937267, 2.5153847605937267, 1.5049156678635207, 3.183076266886701, 1.2777777777777777, 5.656701477445869, 1.4136023503582154, 2.9444444444444446, 2.9444444444444446, 3.854339328006249, 3.7937733260413324, 3.064753831775517, 2.5555555555555554, 3.7785946829182113, 3.7785946829182113, 3.5824719033471295, 6.477777777777777, 3.458555325315991, 3.833333333333333, 4.811572982705472, 4.811572982705472, 5.343786053231926, 4.853457466869989, 5.111111111111111, 5.940549087145912, 5.940549087145912, 7.793903917267967, 5.544811833741966, 7.172926836521203, 6.388888888888888, 7.179093446672038, 6.821977918173687, 7.120003121097941, 7.120003121097941, 9.399376128495884, 7.638604035092949, 7.666666666666665, 8.328517126767776, 9.12922318981099, 8.851142075991254, 8.944444444444443, 10.737755012852983, 9.555071047148177, 11.170121079839358, 9.735070874845832, 10.222222222222221, 11.13400419358265, 10.907155879637736, 11.063149099350117], [3.5355339059327378, 2.5495097567963922, 6.041522986797286, 3.3541019662496847, 1.320540480444968, 5.634166057234542, 2.692582403567252, 2.692582403567252, 3.0082191934846407, 0.0, 5.0, 0.5030769521187454, 5.500280576457267, 4.469341953784608, 6.098027037218657, 3.1802826180803803, 2.7313000567495322, 2.7313000567495322, 1.4240006242195882, 5.659308948783215, 1.6592434386248027, 2.0999999999999996, 5.423098745182499, 3.8005847503304597, 2.6585524697789773, 6.088341419021103, 5.706356105256663, 4.06078810084939, 4.06078810084939, 4.694690986293999, 3.920899997465308, 6.735982243899063, 4.199999999999999, 6.529931086925803, 5.735959777395691, 5.1908038341324785, 7.54615428178118, 5.860034129593445, 5.860034129593445, 5.946716154765415, 6.85768020381366, 6.300000000000001, 8.043009387039158, 6.463811893730421, 8.472358833142684, 7.810889834071404, 7.810889834071404, 8.026191692603643, 9.480649558410157, 8.4, 9.77547952787995, 9.223728123368943, 9.340770846134703, 10.547511554864494, 9.82344135219425, 9.82344135219425, 10.44030650891055, 10.5, 11.629703349613008, 11.917417575963244], [7.905694150420948, 5.1478150704935, 2.5495097567963922, 2.5, 4.663027681720732, 1.320540480444968, 7.566372975210778, 2.692582403567252, 2.0123078084749815, 5.0, 0.0, 4.500342922461919, 0.5030769521187454, 0.5430400067530807, 1.2412838320738624, 2.2614591596719578, 7.58023746329889, 2.7313000567495322, 4.693375946776241, 1.4240006242195882, 5.625606856454184, 5.423098745182499, 2.0999999999999996, 3.0731814857642954, 5.202682119308069, 2.6585524697789773, 2.75, 8.154140052758475, 4.06078810084939, 4.127968441835538, 5.947558893371587, 3.920899997465308, 6.529931086925803, 4.199999999999999, 5.282161921779872, 6.851601597031489, 5.1908038341324785, 9.183681179135085, 5.860034129593445, 8.229363444219187, 6.482883446258907, 8.043009387039158, 6.300000000000001, 7.860080419278854, 6.463811893730421, 10.53612832116238, 7.810889834071404, 7.7084209204233085, 7.738392342688674, 9.77547952787995, 8.4, 8.94858427315892, 11.715374513859981, 9.013878188659973, 12.103718436910205, 9.82344135219425, 10.198039027185569, 11.629703349613008, 10.5, 10.555354781656323], [3.9409217446595997, 2.5555555555555554, 5.615235008219234, 2.9444444444444446, 1.2777777777777777, 5.160689493602838, 3.1802826180803803, 2.2614591596719578, 2.5153847605937267, 0.5030769521187454, 4.500342922461919, 0.0, 5.0, 3.9683724521537758, 5.59495921371665, 2.692582403567252, 3.1766120628006913, 2.2562943508174778, 1.2777777777777777, 5.160689493602838, 1.793432769684177, 2.1046978610764424, 4.94264636469369, 3.382051390049872, 2.5555555555555554, 5.615235008219234, 5.24500055902738, 4.345978700384705, 3.726597759914199, 4.346489998681922, 3.833333333333333, 6.300352723811933, 4.174496347235965, 6.117713605023237, 5.441609239104835, 5.111111111111111, 7.150066908087187, 6.041870366936402, 5.612860013474789, 5.974675802740652, 6.60270240222484, 6.2644302549995, 7.696953060773666, 6.3888888888888875, 8.11282325917235, 7.933527853201933, 7.611889660099578, 7.800364030758158, 9.153020145163987, 8.359411049016538, 9.480493293411465, 9.020039418489871, 9.43414471055819, 10.24710136671601, 9.909466729557021, 9.653886826775913, 10.25387611143425, 10.456405680399284, 11.372617102192724, 11.642415360297408], [8.398265546976402, 5.615235008219234, 2.5555555555555554, 2.9444444444444446, 5.160689493602838, 1.2777777777777777, 8.069336870577668, 3.1802826180803803, 2.5153847605937267, 5.500280576457267, 0.5030769521187454, 5.0, 0.0, 1.0333706344231666, 0.8114310865816357, 2.692582403567252, 8.067890938623977, 3.1766120628006913, 5.160689493602838, 1.2777777777777777, 6.0918605379754, 5.867687200798945, 2.1046978610764424, 3.382051390049872, 5.615235008219234, 2.5555555555555554, 2.7404435524559765, 8.59578564554733, 4.345978700384705, 4.346489998681922, 6.300352723811933, 3.833333333333333, 6.886684235035495, 4.174496347235965, 5.441609239104835, 7.150066908087187, 5.111111111111111, 9.565782640791301, 6.041870366936402, 8.547265095898089, 6.60270240222484, 8.321243081400345, 6.2644302549995, 8.11282325917235, 6.3888888888888875, 10.860058204150237, 7.933527853201933, 7.800364030758158, 7.666666666666666, 9.993985845818463, 8.359411049016538, 9.020039418489871, 12.000128600133962, 8.944444444444445, 12.37729901328224, 9.909466729557021, 10.25387611143425, 11.80408487571512, 10.456405680399284, 10.485061197172211], [7.440436635247285, 4.748896955354479, 2.805690154249077, 2.1780617181313535, 4.185365582169769, 1.6843871305274385, 7.055713071295131, 2.2589736371901568, 1.5049156678635207, 4.469341953784608, 0.5430400067530807, 3.9683724521537758, 1.0333706344231666, 0.0, 1.6819966814128484, 1.7467173742590247, 7.03812989467273, 2.2034398932943793, 4.152602422623683, 1.6012438382255367, 5.084928448008634, 4.89154402716568, 2.060843982152799, 2.665089886375506, 4.691019712228102, 2.706573643850799, 2.694044064477277, 7.6228247968930125, 3.6643325221931162, 3.7973436397235774, 5.480205935857757, 3.918230729358056, 6.0580020171291835, 4.125440993229261, 5.000236537665256, 6.428458629957419, 5.161875173437379, 8.689053075794165, 5.551532968743246, 7.786398506744206, 6.233004431718431, 7.634891872802279, 6.2138111379778405, 7.47548899494226, 6.418941553136156, 10.085228248473559, 7.551933777045733, 7.480892671186106, 7.682844402808915, 9.418267323622924, 8.308046360504886, 8.737425145233338, 11.296150572350376, 8.950688111633205, 11.693759630403306, 9.594992925621428, 9.999343642363288, 11.310877280258342, 10.404605701233445, 10.488533577496996], [9.12143965135838, 6.388550101270539, 3.1887966698367634, 3.736861906906653, 5.8673549790698365, 1.9444038303639055, 8.71982621568822, 3.9230372209452407, 3.183076266886701, 6.098027037218657, 1.2412838320738624, 5.59495921371665, 0.8114310865816357, 1.6819966814128484, 0.0, 3.092772902931956, 8.576943530046497, 3.5942749091749615, 5.607737052916755, 0.8953025520871212, 6.527102369528891, 6.238150754226181, 1.8081417636819554, 3.501991724171885, 5.903837159417897, 2.05186378934904, 2.3647233951474136, 8.93938204818484, 4.389465025322288, 4.269435553090363, 6.444323366650458, 3.299114344649989, 7.033001913710502, 3.7172527117985683, 5.240004384213919, 7.1741721614243446, 4.563288069678954, 9.750955978221434, 5.868219005314178, 8.598856839118714, 6.320810395031289, 8.296487630561414, 5.760777621916745, 8.041991099741432, 5.833392893800198, 10.911907879697996, 7.643597672571042, 7.464119120971713, 7.1062493200540375, 9.849888227277578, 7.834229374672384, 8.645168393556075, 11.969409148102281, 8.380603692029814, 12.323892431404055, 9.551605962660748, 9.850392426324532, 11.577084657877576, 9.918857846586096, 9.914805963237079], [6.549196539167379, 4.346489998681922, 4.346489998681922, 2.5555555555555554, 3.382051390049872, 3.382051390049872, 5.8715678180512665, 2.115492529406641, 1.2777777777777777, 3.1802826180803803, 2.2614591596719578, 2.692582403567252, 2.692582403567252, 1.7467173742590247, 3.092772902931956, 0.0, 5.500179570581489, 0.5019714221367341, 2.5153847605937267, 2.5153847605937267, 3.4349534813989915, 3.1766120628006913, 2.2562943508174778, 1.2777777777777777, 2.9444444444444446, 2.9444444444444446, 2.621286320741907, 5.903273835365308, 2.2019632093449335, 2.5555555555555554, 3.7785946829182113, 3.7785946829182113, 4.345978700384705, 3.726597759914199, 3.833333333333333, 4.811572982705472, 4.811572982705472, 6.947323847495186, 4.2737932380936865, 6.118442819485735, 5.111111111111111, 6.041870366936402, 5.612860013474789, 5.940549087145911, 5.940549087145911, 8.396545438967266, 6.364116223690606, 6.3888888888888875, 7.120003121097942, 7.933527853201933, 7.611889660099578, 7.666666666666666, 9.662515072736715, 8.328517126767778, 10.077630771927925, 8.459234124630234, 8.944444444444445, 9.909466729557021, 9.653886826775913, 9.824530705182024], [3.5999999999999996, 4.686149805543993, 8.772684879784522, 6.0835844697020525, 3.7937733260413324, 8.330229051435664, 2.0999999999999996, 5.423098745182499, 5.656701477445869, 2.7313000567495322, 7.58023746329889, 3.1766120628006913, 8.067890938623977, 7.03812989467273, 8.576943530046497, 5.500179570581489, 0.0, 5.0, 3.0090603922893346, 8.003402054404392, 2.1719897370595285, 2.692582403567252, 7.566372975210778, 5.636586831683791, 3.3590857074691405, 8.141465272917612, 7.679355441702123, 2.0999999999999996, 5.423098745182499, 6.04612925865348, 4.096083645943756, 8.472183970769752, 3.982461550347975, 8.115417426109392, 6.678748311798078, 5.05349164219926, 8.974284248773145, 4.200000000000001, 6.529931086925804, 5.114853115588517, 7.478041930285702, 5.769748694700663, 9.12633551870629, 6.128873177000245, 9.620971178615653, 6.300000000000001, 8.043009387039158, 8.396545438967264, 10.385269720161043, 7.716216689544171, 10.466135867644754, 9.399376128495883, 7.9, 11.243220179290272, 8.4, 9.77547952787995, 10.462313319720453, 9.726767191621274, 12.025389806571761, 12.413723772400978], [6.161168720299744, 4.1182520563948, 4.686149805543993, 2.647640458974745, 3.064753831775517, 3.7937733260413324, 5.423098745182499, 2.0999999999999996, 1.4136023503582154, 2.7313000567495322, 2.7313000567495322, 2.2562943508174778, 3.1766120628006913, 2.2034398932943793, 3.5942749091749615, 0.5019714221367341, 5.0, 0.0, 2.0135651080718606, 3.0090603922893346, 2.9346044252431684, 2.692582403567252, 2.692582403567252, 1.3308309851784754, 2.506682427058413, 3.3590857074691405, 2.995413160150032, 5.423098745182499, 2.0999999999999996, 2.560406024900285, 3.431894700390427, 4.096083645943756, 3.982461550347975, 3.982461550347975, 3.8217376953874895, 4.53186250649529, 5.05349164219926, 6.529931086925804, 4.200000000000001, 5.7897074248832885, 5.091277944790591, 5.769748694700663, 5.769748694700663, 5.706407488057007, 6.128873177000245, 8.043009387039158, 6.300000000000001, 6.364116223690605, 7.270063765916625, 7.716216689544171, 7.716216689544171, 7.638604035092948, 9.34933152690608, 8.450443775329198, 9.77547952787995, 8.4, 8.914033879226622, 9.726767191621274, 9.726767191621274, 9.924273816467908], [4.867693955503411, 3.833333333333333, 6.300352723811933, 3.7785946829182113, 2.5555555555555554, 5.615235008219234, 3.8005847503304597, 3.0731814857642954, 2.9444444444444446, 1.4240006242195882, 4.693375946776241, 1.2777777777777777, 5.160689493602838, 4.152602422623683, 5.607737052916755, 2.5153847605937267, 3.0090603922893346, 2.0135651080718606, 0.0, 5.0, 0.9323365307367956, 0.9153020145163987, 4.564841484408607, 2.692582403567252, 1.2777777777777777, 5.160689493602838, 4.7177266182393875, 3.5333333333333328, 2.735771270491092, 3.382051390049872, 2.5555555555555554, 5.615235008219234, 2.909944634830322, 5.33552038490884, 4.346489998681922, 3.833333333333333, 6.300352723811933, 4.9733735476479595, 4.442346727175227, 4.731922508272406, 5.441609239104835, 4.99177100614379, 6.702072647903616, 5.11111111111111, 7.150066908087186, 6.767898081712257, 6.387835661978512, 6.602702402224839, 8.112823259172352, 7.084333262755062, 8.37781461825086, 7.800364030758159, 8.232726023485647, 9.153020145163987, 8.700255424092125, 8.407998837086293, 9.020039418489873, 9.180292902613608, 10.211649121360262, 10.506371759437792], [8.870988921447509, 6.300352723811933, 3.833333333333333, 3.7785946829182113, 5.615235008219234, 2.5555555555555554, 8.333333333333334, 3.8005847503304597, 2.9444444444444446, 5.659308948783215, 1.4240006242195882, 5.160689493602838, 1.2777777777777777, 1.6012438382255367, 0.8953025520871212, 2.5153847605937267, 8.003402054404392, 3.0090603922893346, 5.0, 0.0, 5.896067767700028, 5.553177268715431, 0.9153020145163987, 2.692582403567252, 5.160689493602838, 1.2777777777777777, 1.502313031443329, 8.214891627066327, 3.5333333333333328, 3.382051390049872, 5.615235008219234, 2.5555555555555554, 6.202239738818371, 2.909944634830322, 4.346489998681922, 6.300352723811933, 3.833333333333333, 8.929414563365532, 4.9733735476479595, 7.729817610784756, 5.441609239104835, 7.410652992670604, 4.99177100614379, 7.150066908087186, 5.11111111111111, 10.040141654600518, 6.767898081712257, 6.602702402224839, 6.388888888888888, 8.954762854357329, 7.084333262755062, 7.800364030758159, 11.080513425729775, 7.666666666666667, 11.432167093095012, 8.700255424092125, 9.020039418489873, 10.690078473883052, 9.180292902613608, 9.207307990627301], [4.622810676685332, 4.20796824861296, 7.183408696162267, 4.60199847785956, 2.9713604444720647, 6.536309861514989, 3.358823541023341, 3.8956461972948007, 3.854339328006249, 1.6592434386248027, 5.625606856454184, 1.793432769684177, 6.0918605379754, 5.084928448008634, 6.527102369528891, 3.4349534813989915, 2.1719897370595285, 2.9346044252431684, 0.9323365307367956, 5.896067767700028, 0.0, 0.6236446318046869, 5.411404285538429, 3.465156747118357, 1.3369868408032373, 5.973432641894097, 5.508088027620979, 2.6407164285570803, 3.2966266047000423, 3.9346091602076725, 2.443613782327549, 6.313922079971055, 2.616252370268997, 5.978222158777894, 4.713853975660023, 3.66338571824572, 6.878572427140066, 4.248438194702921, 4.684398660337896, 4.302086492824346, 5.676717490140488, 4.703256350986782, 7.142477442586877, 4.912735859261893, 7.617698952941272, 6.15995705604917, 6.468340950130475, 6.745017103066045, 8.485832200711902, 6.798269201881965, 8.666650325011487, 7.875964834685681, 7.682695431603226, 9.447475379084132, 8.164613571414712, 8.399718952756347, 9.046094214218801, 8.895634208948577, 10.39358800868021, 10.728837711968604], [5.235456045083369, 4.62709412050371, 7.170076708097341, 4.686149805543993, 3.359636958635138, 6.4255085786128365, 3.982461550347975, 3.982461550347975, 3.7937733260413324, 2.0999999999999996, 5.423098745182499, 2.1046978610764424, 5.867687200798945, 4.89154402716568, 6.238150754226181, 3.1766120628006913, 2.692582403567252, 2.692582403567252, 0.9153020145163987, 5.553177268715431, 0.6236446318046869, 0.0, 5.0, 3.0090603922893346, 0.7150066908087186, 5.523697544933215, 5.042072986381693, 2.7313000567495322, 2.7313000567495322, 3.3590857074691405, 1.8574507952541093, 5.783608169368852, 2.0999999999999996, 5.423098745182499, 4.096083645943756, 3.1071601896980536, 6.297177498248278, 4.060788100849392, 4.060788100849392, 3.871589191843104, 5.05349164219926, 4.200000000000001, 6.529931086925804, 4.37312217195726, 7.008865637951992, 5.860034129593445, 5.860034129593445, 6.128873177000245, 7.865073598895905, 6.300000000000001, 8.043009387039158, 7.270063765916625, 7.338937252763509, 8.823831367382313, 7.810889834071404, 7.810889834071404, 8.450443775329198, 8.4, 9.77547952787995, 10.107670104516542], [8.798295289429651, 6.435060217278467, 4.62709412050371, 4.1182520563948, 5.593492691854273, 3.359636958635138, 8.115417426109392, 3.982461550347975, 3.064753831775517, 5.423098745182499, 2.0999999999999996, 4.94264636469369, 2.1046978610764424, 2.060843982152799, 1.8081417636819554, 2.2562943508174778, 7.566372975210778, 2.692582403567252, 4.564841484408607, 0.9153020145163987, 5.411404285538429, 5.0, 0.0, 2.0135651080718606, 4.528933049615685, 0.7150066908087186, 0.6500000000000004, 7.58023746329889, 2.7313000567495322, 2.506682427058413, 4.842532752268189, 1.8574507952541093, 5.423098745182499, 2.0999999999999996, 3.431894700390427, 5.445589448759835, 3.1071601896980536, 8.154140052758477, 4.060788100849392, 6.881002291970224, 4.53186250649529, 6.529931086925804, 4.200000000000001, 6.254933855035095, 4.37312217195726, 9.183681179135085, 5.860034129593445, 5.706407488057007, 5.644411635950144, 8.043009387039158, 6.300000000000001, 6.917646070773918, 10.191172650877817, 6.918092222571191, 10.53612832116238, 7.810889834071404, 8.149233092751734, 9.77547952787995, 8.4, 8.45905832989079], [7.321960878829598, 5.441609239104835, 5.441609239104835, 3.833333333333333, 4.346489998681922, 4.346489998681922, 6.431260460524912, 3.3706247360261137, 2.5555555555555554, 3.8005847503304597, 3.0731814857642954, 3.382051390049872, 3.382051390049872, 2.665089886375506, 3.501991724171885, 1.2777777777777777, 5.636586831683791, 1.3308309851784754, 2.692582403567252, 2.692582403567252, 3.465156747118357, 3.0090603922893346, 2.0135651080718606, 0.0, 2.5153847605937267, 2.5153847605937267, 2.0429417786885438, 5.567864142659293, 1.000555401320242, 1.2777777777777777, 2.9444444444444446, 2.9444444444444446, 3.5333333333333328, 2.735771270491092, 2.5555555555555554, 3.7785946829182113, 3.7785946829182113, 6.24908882246933, 3.0085064585456878, 5.165775621076905, 3.833333333333333, 4.9733735476479595, 4.442346727175227, 4.811572982705471, 4.811572982705471, 7.478041930285703, 5.091277944790592, 5.11111111111111, 5.940549087145912, 6.767898081712257, 6.387835661978512, 6.388888888888888, 8.642594774976116, 7.120003121097943, 9.033886821911768, 7.184087354084102, 7.666666666666667, 8.700255424092125, 8.407998837086293, 8.597381651319369], [5.926504601375372, 5.111111111111111, 7.150066908087187, 4.811572982705472, 3.833333333333333, 6.300352723811933, 4.694690986293999, 4.127968441835538, 3.7785946829182113, 2.6585524697789773, 5.202682119308069, 2.5555555555555554, 5.615235008219234, 4.691019712228102, 5.903837159417897, 2.9444444444444446, 3.3590857074691405, 2.506682427058413, 1.2777777777777777, 5.160689493602838, 1.3369868408032373, 0.7150066908087186, 4.528933049615685, 2.5153847605937267, 0.0, 5.0, 4.502142836856333, 3.0572520542894055, 2.0848957104509545, 2.692582403567252, 1.2777777777777777, 5.160689493602838, 1.6657034253535552, 4.772270727990457, 3.382051390049872, 2.5555555555555554, 5.615235008219234, 4.028662738029845, 3.3511376362050735, 3.514379376148913, 4.346489998681922, 3.722620210895534, 5.8187542682749465, 3.833333333333332, 6.300352723811932, 5.650969544257292, 5.189745349255921, 5.441609239104835, 7.150066908087187, 5.810441856511537, 7.332205300446875, 6.60270240222484, 7.058179739463136, 8.112823259172352, 7.513773361198539, 7.173338840697322, 7.80036403075816, 7.90471807854237, 9.082101513484343, 9.406768402171936], [9.493337494797256, 7.150066908087187, 5.111111111111111, 4.811572982705472, 6.300352723811933, 3.833333333333333, 8.777250335770885, 4.694690986293999, 3.7785946829182113, 6.088341419021103, 2.6585524697789773, 5.615235008219234, 2.5555555555555554, 2.706573643850799, 2.05186378934904, 2.9444444444444446, 8.141465272917612, 3.3590857074691405, 5.160689493602838, 1.2777777777777777, 5.973432641894097, 5.523697544933215, 0.7150066908087186, 2.5153847605937267, 5.0, 0.0, 0.5189317136741503, 8.021645100816714, 3.0572520542894055, 2.692582403567252, 5.160689493602838, 1.2777777777777777, 5.724907676219291, 1.6657034253535552, 3.382051390049872, 5.615235008219234, 2.5555555555555554, 8.439794041135727, 4.028662738029845, 7.050521404208624, 4.346489998681922, 6.622529821342288, 3.722620210895534, 6.300352723811932, 3.833333333333332, 9.323811280271789, 5.650969544257292, 5.441609239104835, 5.111111111111111, 7.985063216274574, 5.810441856511537, 6.60270240222484, 10.238061400214784, 6.388888888888889, 10.557309795750847, 7.513773361198539, 7.80036403075816, 9.616889720758712, 7.90471807854237, 7.929562702876984], [9.154916711800277, 6.914658342969665, 5.273755777432247, 4.697073557013984, 6.002378643730838, 4.003567082329963, 8.38525491562421, 4.5069390943299865, 3.5824719033471295, 5.706356105256663, 2.75, 5.24500055902738, 2.7404435524559765, 2.694044064477277, 2.3647233951474136, 2.621286320741907, 7.679355441702123, 2.995413160150032, 4.7177266182393875, 1.502313031443329, 5.508088027620979, 5.042072986381693, 0.6500000000000004, 2.0429417786885438, 4.502142836856333, 0.5189317136741503, 0.0, 7.513487871820916, 2.5401771591761073, 2.177501399696223, 4.641881935296778, 1.2438118431798946, 5.206006146750116, 1.4499999999999993, 2.928283742913645, 5.1078643069073175, 2.4678488158268075, 7.921647555906537, 3.5710642671338197, 6.544416185453364, 3.958991173406567, 6.132087735836793, 3.5500000000000007, 5.822277883533764, 3.728125501252125, 8.824539648049637, 5.279441258315126, 5.1027256091206095, 4.997298652988481, 7.544700126578922, 5.65, 6.298209132095006, 9.762812094883317, 6.269968101992227, 10.090218035305282, 7.198090024443984, 7.520804478245662, 9.222933372848358, 7.75, 7.810607928904793], [5.699999999999999, 6.441273166075166, 9.822932352408825, 7.234638899074368, 5.343786053231926, 9.140899812530277, 4.199999999999999, 6.529931086925803, 6.477777777777777, 4.06078810084939, 8.154140052758475, 4.345978700384705, 8.59578564554733, 7.6228247968930125, 8.93938204818484, 5.903273835365308, 2.0999999999999996, 5.423098745182499, 3.5333333333333328, 8.214891627066327, 2.6407164285570803, 2.7313000567495322, 7.58023746329889, 5.567864142659293, 3.0572520542894055, 8.021645100816714, 7.513487871820916, 0.0, 5.0, 5.515343357006797, 3.078078605434658, 8.029605712688175, 2.692582403567252, 7.566372975210778, 5.753463798357677, 3.587168490296738, 8.23819020038854, 2.1000000000000014, 5.4230987451825, 3.2260645125437155, 6.2490888224693295, 3.9824615503479763, 8.115417426109394, 4.418870868568849, 8.632868570358662, 4.200000000000001, 6.529931086925804, 6.947323847495185, 9.189694980093762, 5.769748694700663, 9.12633551870629, 7.793903917267966, 5.800000000000001, 9.8812954616285, 6.300000000000001, 8.043009387039158, 8.745856161634492, 7.716216689544171, 10.466135867644754, 10.902325034566385], [7.582216034906945, 6.040695324215582, 6.441273166075166, 4.726520919238588, 4.853457466869989, 5.343786053231926, 6.529931086925803, 4.199999999999999, 3.458555325315991, 4.06078810084939, 4.06078810084939, 3.726597759914199, 4.345978700384705, 3.6643325221931162, 4.389465025322288, 2.2019632093449335, 5.423098745182499, 2.0999999999999996, 2.735771270491092, 3.5333333333333328, 3.2966266047000423, 2.7313000567495322, 2.7313000567495322, 1.000555401320242, 2.0848957104509545, 3.0572520542894055, 2.5401771591761073, 5.0, 0.0, 0.647311629494645, 2.115317446917736, 3.078078605434658, 2.692582403567252, 2.692582403567252, 1.7613476882808647, 2.8049559315215236, 3.587168490296738, 5.4230987451825, 2.1000000000000014, 4.215030475666463, 3.008506458545687, 3.9824615503479763, 3.9824615503479763, 3.8113540576921494, 4.418870868568849, 6.529931086925804, 4.200000000000001, 4.273793238093685, 5.426830919345147, 5.769748694700663, 5.769748694700663, 5.544811833741965, 7.657675887630659, 6.529931086925804, 8.043009387039158, 6.300000000000001, 6.818357573492315, 7.716216689544171, 7.716216689544171, 7.953072616674028], [8.221659139878378, 6.60270240222484, 6.60270240222484, 5.111111111111111, 5.441609239104835, 5.441609239104835, 7.177210159874959, 4.638140325498178, 3.833333333333333, 4.694690986293999, 4.127968441835538, 4.346489998681922, 4.346489998681922, 3.7973436397235774, 4.269435553090363, 2.5555555555555554, 6.04612925865348, 2.560406024900285, 3.382051390049872, 3.382051390049872, 3.9346091602076725, 3.3590857074691405, 2.506682427058413, 1.2777777777777777, 2.692582403567252, 2.692582403567252, 2.177501399696223, 5.515343357006797, 0.647311629494645, 0.0, 2.5153847605937267, 2.5153847605937267, 3.0572520542894055, 2.0848957104509545, 1.2777777777777777, 2.9444444444444446, 2.9444444444444446, 5.753463798357678, 1.7613476882808656, 4.381844942267335, 2.5555555555555554, 4.028662738029845, 3.3511376362050735, 3.7785946829182104, 3.7785946829182104, 6.678748311798079, 3.82173769538749, 3.833333333333332, 4.811572982705472, 5.650969544257292, 5.189745349255921, 5.111111111111111, 7.700008016670511, 5.940549087145912, 8.057854078207114, 5.910077186101635, 6.388888888888889, 7.513773361198539, 7.173338840697322, 7.387419782209949], [7.058179739463136, 6.388888888888888, 8.112823259172352, 5.940549087145912, 5.111111111111111, 7.150066908087187, 5.735959777395691, 5.282161921779872, 4.811572982705472, 3.920899997465308, 5.947558893371587, 3.833333333333333, 6.300352723811933, 5.480205935857757, 6.444323366650458, 3.7785946829182113, 4.096083645943756, 3.431894700390427, 2.5555555555555554, 5.615235008219234, 2.443613782327549, 1.8574507952541093, 4.842532752268189, 2.9444444444444446, 1.2777777777777777, 5.160689493602838, 4.641881935296778, 3.078078605434658, 2.115317446917736, 2.5153847605937267, 0.0, 5.0, 0.5888888888888888, 4.5107416378525595, 2.692582403567252, 1.2777777777777777, 5.160689493602838, 3.315303088391955, 2.4476998524944267, 2.361369575791145, 3.382051390049872, 2.462408737420224, 5.105238171733368, 2.5555555555555545, 5.615235008219234, 4.618214074138174, 4.0407797805086965, 4.346489998681921, 6.300352723811933, 4.53873588753412, 6.371822616550945, 5.441609239104835, 5.926504601375372, 7.150066908087187, 6.3627484549709, 5.956892470175584, 6.602702402224841, 6.629991713679346, 7.997298926728749, 8.358000245002042], [10.238061400214784, 8.112823259172352, 6.388888888888888, 5.940549087145912, 7.150066908087187, 5.111111111111111, 9.375565826546216, 5.735959777395691, 4.811572982705472, 6.735982243899063, 3.920899997465308, 6.300352723811933, 3.833333333333333, 3.918230729358056, 3.299114344649989, 3.7785946829182113, 8.472183970769752, 4.096083645943756, 5.615235008219234, 2.5555555555555554, 6.313922079971055, 5.783608169368852, 1.8574507952541093, 2.9444444444444446, 5.160689493602838, 1.2777777777777777, 1.2438118431798946, 8.029605712688175, 3.078078605434658, 2.5153847605937267, 5.0, 0.0, 5.508792074807034, 0.5888888888888888, 2.692582403567252, 5.160689493602838, 1.2777777777777777, 8.12349891166985, 3.315303088391955, 6.552484715371351, 3.382051390049872, 6.005285737591797, 2.462408737420224, 5.615235008219234, 2.5555555555555545, 8.736584071281401, 4.618214074138174, 4.346489998681921, 3.833333333333333, 7.11337637530801, 4.53873588753412, 5.441609239104835, 9.493337494797258, 5.111111111111112, 9.77162053608482, 6.3627484549709, 6.602702402224841, 8.599813377245857, 6.629991713679346, 6.65182989726974], [7.151223671512449, 6.71863081289633, 8.668333173107733, 6.441273166075166, 5.445226701172366, 7.723373215581421, 5.769748694700662, 5.769748694700662, 5.343786053231926, 4.199999999999999, 6.529931086925803, 4.174496347235965, 6.886684235035495, 6.0580020171291835, 7.033001913710502, 4.345978700384705, 3.982461550347975, 3.982461550347975, 2.909944634830322, 6.202239738818371, 2.616252370268997, 2.0999999999999996, 5.423098745182499, 3.5333333333333328, 1.6657034253535552, 5.724907676219291, 5.206006146750116, 2.692582403567252, 2.692582403567252, 3.0572520542894055, 0.5888888888888888, 5.508792074807034, 0.0, 5.0, 3.078078605434658, 1.0883218478209673, 5.584303398316074, 2.731300056749533, 2.731300056749533, 1.8533679384959445, 3.587168490296738, 2.1000000000000014, 5.4230987451825, 2.2994631686977565, 5.940330871609555, 4.060788100849392, 4.060788100849392, 4.418870868568849, 6.531159880351732, 4.200000000000001, 6.529931086925804, 5.426830919345147, 5.412023651093924, 7.300000000000001, 5.860034129593445, 5.860034129593445, 6.529931086925804, 6.300000000000001, 8.043009387039158, 8.433572683246242], [10.0568384694197, 8.070935509592427, 6.71863081289633, 6.040695324215582, 7.0463106536087725, 5.445226701172366, 9.12633551870629, 5.769748694700662, 4.853457466869989, 6.529931086925803, 4.199999999999999, 6.117713605023237, 4.174496347235965, 4.125440993229261, 3.7172527117985683, 3.726597759914199, 8.115417426109392, 3.982461550347975, 5.33552038490884, 2.909944634830322, 5.978222158777894, 5.423098745182499, 2.0999999999999996, 2.735771270491092, 4.772270727990457, 1.6657034253535552, 1.4499999999999993, 7.566372975210778, 2.692582403567252, 2.0848957104509545, 4.5107416378525595, 0.5888888888888888, 5.0, 0.0, 2.115317446917736, 4.602656237917888, 1.0883218478209673, 7.58023746329889, 2.731300056749533, 5.9828055615361455, 2.8049559315215236, 5.4230987451825, 2.1000000000000014, 5.028670884458191, 2.2994631686977565, 8.154140052758477, 4.060788100849392, 3.8113540576921494, 3.557534171686345, 6.529931086925804, 4.200000000000001, 4.944744060834746, 8.904493247793498, 4.825971404805462, 9.183681179135085, 5.860034129593445, 6.135144660071187, 8.043009387039158, 6.300000000000001, 6.365203931560603], [9.211171424544528, 7.800364030758159, 7.800364030758159, 6.388888888888888, 6.60270240222484, 6.60270240222484, 8.057854078207114, 5.910077186101634, 5.111111111111111, 5.735959777395691, 5.282161921779872, 5.441609239104835, 5.441609239104835, 5.000236537665256, 5.240004384213919, 3.833333333333333, 6.678748311798078, 3.8217376953874895, 4.346489998681922, 4.346489998681922, 4.713853975660023, 4.096083645943756, 3.431894700390427, 2.5555555555555554, 3.382051390049872, 3.382051390049872, 2.928283742913645, 5.753463798357677, 1.7613476882808647, 1.2777777777777777, 2.692582403567252, 2.692582403567252, 3.078078605434658, 2.115317446917736, 0.0, 2.5153847605937267, 2.5153847605937267, 5.515343357006798, 0.6473116294946456, 3.8705716021797887, 1.2777777777777777, 3.315303088391955, 2.4476998524944267, 2.9444444444444438, 2.9444444444444438, 6.0461292586534805, 2.560406024900286, 2.5555555555555545, 3.7785946829182113, 4.618214074138174, 4.0407797805086965, 3.833333333333333, 6.8666756562328795, 4.8115729827054725, 7.17721015987496, 4.638140325498179, 5.111111111111112, 6.3627484549709, 5.956892470175584, 6.204708125085036], [8.232726023485645, 7.666666666666666, 9.153020145163987, 7.120003121097942, 6.388888888888888, 8.112823259172352, 6.85768020381366, 6.482883446258907, 5.940549087145912, 5.1908038341324785, 6.851601597031489, 5.111111111111111, 7.150066908087187, 6.428458629957419, 7.1741721614243446, 4.811572982705472, 5.05349164219926, 4.53186250649529, 3.833333333333333, 6.300352723811933, 3.66338571824572, 3.1071601896980536, 5.445589448759835, 3.7785946829182113, 2.5555555555555554, 5.615235008219234, 5.1078643069073175, 3.587168490296738, 2.8049559315215236, 2.9444444444444446, 1.2777777777777777, 5.160689493602838, 1.0883218478209673, 4.602656237917888, 2.5153847605937267, 0.0, 5.0, 3.002961501214722, 2.004439517116388, 1.4376029515164161, 2.692582403567252, 1.2387269450708043, 4.640522001288696, 1.2777777777777768, 5.160689493602838, 3.7400237670070737, 2.9979622709063207, 3.382051390049