totalHoles = 60;
zeroHoleID = 14;
C = [[0.0, 1.666666666666667, 3.0, 0.44999999999999996, 1.7263481044614897, 0.8999999999999999, 1.8941430193567164, 8.4489864951279, 1.3017082793177759, 2.692582403567252, 1.35, 2.1448258152534856, 1.672406781989491, 2.890069203323685, 5.771698190307598, 1.7999999999999998, 2.4531159323965466, 2.0747155092793914, 3.1400636936215163, 2.25, 2.8000496027352404, 2.4933801243381333, 3.4311076928595523, 2.7, 3.1729761703766037, 2.9213771486140647, 3.753664875824692, 3.15, 3.563744909190019, 3.355137023199566, 4.100304866714182, 3.5999999999999996, 3.9670868124831573, 3.7926830139684027, 4.465422712353221, 4.05, 4.379529401405793, 4.232841178740876, 4.844842618702903, 4.5, 4.7987266829626565, 5.408326913195984, 4.674873735668637, 5.235456045083369, 5.0, 5.270462766947299, 5.830951894845301, 5.118295072037606, 5.634935669552936, 5.562773089426212, 6.041522986797286, 6.057593948462083, 6.5, 6.857680203813661, 6.844944257917532, 7.923242882669809, 9.013878188659973, 10.366979737925428, 13.532808742246546, 15.58108436625847], [1.666666666666667, 0.0, 1.333333333333333, 1.7263481044614897, 0.44999999999999996, 1.8941430193567164, 0.8999999999999999, 6.796605115329875, 1.3017082793177759, 1.3017082793177757, 2.1448258152534856, 1.35, 1.672406781989491, 1.6724067819894908, 4.213898959923511, 2.4531159323965466, 1.7999999999999998, 2.0747155092793914, 2.0747155092793914, 2.8000496027352404, 2.25, 2.4933801243381333, 2.4933801243381333, 3.1729761703766037, 2.7, 2.9213771486140647, 2.9213771486140647, 3.563744909190019, 3.15, 3.355137023199566, 3.355137023199566, 3.9670868124831573, 3.5999999999999996, 3.7926830139684027, 3.7926830139684027, 4.379529401405793, 4.05, 4.232841178740876, 4.232841178740876, 4.7987266829626565, 4.5, 4.693375946776241, 4.674873735668637, 4.674873735668637, 5.270462766947299, 5.0, 5.174724898753341, 5.118295072037606, 5.118295072037606, 5.562773089426212, 5.562773089426212, 6.057593948462083, 6.057593948462083, 6.309164410249234, 7.007667256046502, 7.4535599249993, 8.603939666093538, 9.966018973912062, 13.448402952947124, 14.819861321678108], [3.0, 1.333333333333333, 0.0, 3.033562262423503, 1.4072234285207794, 3.132091952673165, 1.6086571349351535, 5.480932013155055, 2.3863035105460586, 1.118033988749895, 3.289756829919196, 1.8974397955607913, 2.6070950202177987, 1.5337861650177969, 3.0516389039334255, 3.49857113690718, 2.240039682188192, 2.8817432995401315, 1.96468827043885, 3.75, 2.6153924710792023, 3.1963955394231864, 2.402602755346793, 4.036087214122113, 3.011275108285156, 3.5404017348945644, 2.8442925306655784, 4.35, 3.4205668795943422, 3.906013881752655, 3.2882366094914763, 4.686149805543993, 3.8389813463701246, 4.287708530724126, 3.733630940518894, 5.0400892849234324, 4.263833694901547, 4.681553635754315, 4.1800119617053735, 5.408326913195984, 4.693375946776241, 4.5, 5.08472658502347, 4.62709412050371, 5.830951894845301, 5.174724898753341, 5.0, 5.49517465095009, 5.074692108887001, 5.9113826169894, 5.522680508593631, 6.379219736334879, 6.020797289396148, 6.166666666666667, 7.410176189095695, 7.333333333333334, 8.5, 9.838665886685568, 13.529140608676032, 14.321828418397429], [0.44999999999999996, 1.7263481044614897, 3.033562262423503, 0.0, 1.666666666666667, 0.44999999999999996, 1.7263481044614897, 8.408146804348632, 0.9984710533833441, 2.5597851472340407, 0.9000000000000001, 1.8941430193567166, 1.3017082793177759, 2.692582403567252, 5.651548460377917, 1.3499999999999999, 2.1448258152534856, 1.672406781989491, 2.890069203323685, 1.8, 2.4531159323965466, 2.0747155092793914, 3.1400636936215163, 2.25, 2.8000496027352404, 2.493380124338133, 3.431107692859552, 2.7, 3.1729761703766037, 2.9213771486140647, 3.753664875824692, 3.1499999999999995, 3.5637449091900186, 3.355137023199566, 4.100304866714182, 3.5999999999999996, 3.9670868124831573, 3.7926830139684027, 4.465422712353221, 4.05, 4.379529401405793, 5.0400892849234324, 4.232841178740875, 4.844842618702902, 4.55, 4.845645238539216, 5.449999999999999, 4.674873735668637, 5.235456045083369, 5.118295072037606, 5.634935669552936, 5.612213863035197, 6.087076473973363, 6.4560264697240655, 6.395071121130436, 7.5086801621708315, 8.590838143045183, 9.941103284623772, 13.08574048056429, 15.19278906776708], [1.7263481044614897, 0.44999999999999996, 1.4072234285207794, 1.666666666666667, 0.0, 1.7263481044614897, 0.44999999999999996, 6.745769117183951, 0.9984710533833441, 0.9984710533833437, 1.8941430193567166, 0.9000000000000001, 1.3017082793177759, 1.3017082793177757, 4.047770305297034, 2.1448258152534856, 1.3499999999999999, 1.672406781989491, 1.6724067819894908, 2.4531159323965466, 1.8, 2.0747155092793914, 2.0747155092793914, 2.8000496027352404, 2.25, 2.493380124338133, 2.493380124338133, 3.1729761703766037, 2.7, 2.9213771486140647, 2.9213771486140647, 3.5637449091900186, 3.1499999999999995, 3.355137023199566, 3.355137023199566, 3.9670868124831573, 3.5999999999999996, 3.7926830139684027, 3.7926830139684027, 4.379529401405793, 4.05, 4.263833694901547, 4.232841178740875, 4.232841178740875, 4.845645238539216, 4.55, 4.741337129732263, 4.674873735668637, 4.674873735668637, 5.118295072037606, 5.118295072037606, 5.612213863035197, 5.612213863035197, 5.87009842809774, 6.568947641881812, 7.011280593126734, 8.159673876925337, 9.522226620773967, 12.998431961405627, 14.411070023525998], [0.8999999999999999, 1.8941430193567164, 3.132091952673165, 0.44999999999999996, 1.7263481044614897, 0.0, 1.666666666666667, 8.391274788260876, 0.8393118874676115, 2.5019992006393608, 0.4500000000000002, 1.7263481044614897, 0.9984710533833441, 2.5597851472340407, 5.565294241996554, 0.8999999999999999, 1.8941430193567164, 1.3017082793177759, 2.692582403567252, 1.35, 2.1448258152534856, 1.672406781989491, 2.8900692033236854, 1.8000000000000003, 2.453115932396547, 2.0747155092793914, 3.1400636936215163, 2.25, 2.8000496027352404, 2.4933801243381333, 3.4311076928595523, 2.6999999999999997, 3.1729761703766037, 2.921377148614065, 3.753664875824692, 3.15, 3.563744909190019, 3.3551370231995663, 4.100304866714182, 3.6, 3.9670868124831578, 4.686149805543993, 3.7926830139684022, 4.465422712353221, 4.1, 4.425808149680438, 5.080354318352215, 4.232841178740876, 4.844842618702903, 4.674873735668637, 5.235456045083369, 5.167634317987723, 5.67978872846517, 6.061169670763044, 5.945217186498304, 7.098434882266497, 8.170679286326198, 9.517447144300759, 12.638880306227025, 14.807987347606076], [1.8941430193567164, 0.8999999999999999, 1.6086571349351535, 1.7263481044614897, 0.44999999999999996, 1.666666666666667, 0.0, 6.724727568532217, 0.8393118874676115, 0.8393118874676112, 1.7263481044614897, 0.4500000000000002, 0.9984710533833441, 0.9984710533833437, 3.9264417026672436, 1.8941430193567164, 0.8999999999999999, 1.3017082793177759, 1.3017082793177757, 2.1448258152534856, 1.35, 1.672406781989491, 1.672406781989491, 2.453115932396547, 1.8000000000000003, 2.0747155092793914, 2.0747155092793914, 2.8000496027352404, 2.25, 2.4933801243381333, 2.4933801243381333, 3.1729761703766037, 2.6999999999999997, 2.921377148614065, 2.921377148614065, 3.563744909190019, 3.15, 3.3551370231995663, 3.3551370231995663, 3.9670868124831578, 3.6, 3.838981346370125, 3.7926830139684022, 3.7926830139684022, 4.425808149680438, 4.1, 4.311354517756314, 4.232841178740876, 4.232841178740876, 4.674873735668637, 4.674873735668637, 5.167634317987723, 5.167634317987723, 5.43282206183449, 6.131863164822168, 6.5700498898832995, 7.716072691322819, 9.079045403916512, 12.5484630503399, 14.004805919832245], [8.4489864951279, 6.796605115329875, 5.480932013155055, 8.408146804348632, 6.745769117183951, 8.391274788260876, 6.724727568532217, 0.0, 7.557466214656781, 5.890801444823201, 8.39851489614248, 6.733759778875524, 7.571450024552972, 5.908730959432458, 2.9890440636898634, 8.42980500067182, 6.772745429161372, 7.612057235920373, 5.960676256900732, 8.484879034964266, 6.841172453377473, 7.678865492476881, 6.045760607913997, 8.563278118022364, 6.9381698181491105, 7.771199079947491, 6.162611558165024, 8.664369106589652, 7.062560464456199, 7.88816170148668, 6.309464407178603, 8.787368884020385, 7.2129272977567345, 8.028677034071412, 6.484281069947396, 8.931372335339859, 7.387684352444193, 8.19153311694766, 6.684868052751876, 9.095381887589914, 7.585146009140054, 6.432823223054788, 8.375426836566286, 6.90898116738837, 9.299786998851896, 7.829080822350054, 6.71872615619874, 8.579005454206172, 7.15440987503174, 8.800903048660619, 7.419039058299678, 9.067301749409241, 7.733188675539495, 7.473902207453023, 10.10217185205721, 8.324624284217002, 9.24455228566543, 10.21561723091336, 14.228417871388762, 12.527222304510953], [1.3017082793177759, 1.3017082793177759, 2.3863035105460586, 0.9984710533833441, 0.9984710533833441, 0.8393118874676115, 0.8393118874676115, 7.557466214656781, 0.0, 1.6666666666666665, 0.9038497908637501, 0.9038497908637501, 0.44999999999999996, 1.7263481044614895, 4.72655030416241, 1.155181563410897, 1.155181563410897, 0.8999999999999999, 1.8941430193567161, 1.5023130314433288, 1.5023130314433288, 1.35, 2.144825815253485, 1.8932629094883904, 1.8932629094883904, 1.7999999999999998, 2.4531159323965466, 2.3058500481263833, 2.3058500481263833, 2.25, 2.8000496027352404, 2.73028285063003, 2.73028285063003, 2.7, 3.1729761703766037, 3.161794497503663, 3.161794497503663, 3.1500000000000004, 3.5637449091900195, 3.5978388574871505, 3.5978388574871505, 4.1163630117428225, 3.5999999999999996, 3.967086812483157, 4.0858835573770875, 4.0858835573770875, 4.549114687985393, 4.05, 4.379529401405793, 4.5, 4.7987266829626565, 5.0, 5.270462766947299, 5.602578771323871, 5.882142799288146, 6.693695209341068, 7.806692285753579, 9.167008638574012, 12.466300682617492, 14.300373541679223], [2.692582403567252, 1.3017082793177757, 1.118033988749895, 2.5597851472340407, 0.9984710533833437, 2.5019992006393608, 0.8393118874676112, 5.890801444823201, 1.6666666666666665, 0.0, 2.524381112272868, 0.9038497908637497, 1.7263481044614895, 0.44999999999999996, 3.092329219213245, 2.6248809496813372, 1.1551815634108968, 1.8941430193567161, 0.8999999999999999, 2.7950849718747373, 1.5023130314433286, 2.144825815253485, 1.35, 3.023243291566195, 1.8932629094883902, 2.4531159323965466, 1.7999999999999998, 3.297347418759509, 2.3058500481263833, 2.8000496027352404, 2.25, 3.6069377593742864, 2.73028285063003, 3.1729761703766037, 2.7, 3.943665807342199, 3.161794497503663, 3.5637449091900195, 3.1500000000000004, 4.301162633521313, 3.5978388574871505, 3.5355339059327378, 3.967086812483157, 3.5999999999999996, 4.716990566028302, 4.0858835573770875, 4.031128874149275, 4.379529401405793, 4.05, 4.7987266829626565, 4.5, 5.270462766947299, 5.0, 5.190803834132479, 6.295357032485392, 6.353039517515307, 7.516648189186454, 8.868996023185895, 12.486354953220717, 13.569692729558898], [1.35, 2.1448258152534856, 3.289756829919196, 0.9000000000000001, 1.8941430193567166, 0.4500000000000002, 1.7263481044614897, 8.39851489614248, 0.9038497908637501, 2.524381112272868, 0.0, 1.666666666666667, 0.8393118874676115, 2.5019992006393608, 5.514526271584895, 0.44999999999999973, 1.7263481044614897, 0.998471053383344, 2.5597851472340407, 0.8999999999999999, 1.8941430193567164, 1.3017082793177759, 2.692582403567252, 1.35, 2.1448258152534856, 1.6724067819894908, 2.890069203323685, 1.7999999999999998, 2.4531159323965466, 2.0747155092793914, 3.1400636936215163, 2.2499999999999996, 2.8000496027352404, 2.4933801243381333, 3.4311076928595523, 2.6999999999999997, 3.1729761703766037, 2.921377148614065, 3.753664875824692, 3.15, 3.563744909190019, 4.35, 3.3551370231995654, 4.100304866714181, 3.65, 4.012515143619744, 4.724669300596603, 3.7926830139684022, 4.465422712353221, 4.232841178740876, 4.844842618702903, 4.72408133338583, 5.279441258315126, 5.674528859542241, 5.495387169704525, 6.69330096273713, 7.753870001489579, 9.096321551790032, 12.192251099185404, 14.42695875491645], [2.1448258152534856, 1.35, 1.8974397955607913, 1.8941430193567166, 0.9000000000000001, 1.7263481044614897, 0.4500000000000002, 6.733759778875524, 0.9038497908637501, 0.9038497908637497, 1.666666666666667, 0.0, 0.8393118874676115, 0.8393118874676112, 3.854146396343092, 1.7263481044614897, 0.44999999999999973, 0.998471053383344, 0.9984710533833436, 1.8941430193567164, 0.8999999999999999, 1.3017082793177759, 1.3017082793177757, 2.1448258152534856, 1.35, 1.6724067819894908, 1.6724067819894903, 2.4531159323965466, 1.7999999999999998, 2.0747155092793914, 2.0747155092793914, 2.8000496027352404, 2.2499999999999996, 2.4933801243381333, 2.4933801243381333, 3.1729761703766037, 2.6999999999999997, 2.921377148614065, 2.921377148614065, 3.563744909190019, 3.15, 3.4205668795943422, 3.3551370231995654, 3.3551370231995654, 4.012515143619744, 3.65, 3.885907587395482, 3.7926830139684022, 3.7926830139684022, 4.232841178740876, 4.232841178740876, 4.72408133338583, 4.72408133338583, 4.997805073785447, 5.696790203476097, 6.13009425339901, 7.273257714241795, 8.636569404305083, 12.09849645188195, 13.601295470703043], [1.672406781989491, 1.672406781989491, 2.6070950202177987, 1.3017082793177759, 1.3017082793177759, 0.9984710533833441, 0.9984710533833441, 7.571450024552972, 0.44999999999999996, 1.7263481044614895, 0.8393118874676115, 0.8393118874676115, 0.0, 1.6666666666666665, 4.676299581696811, 0.90384979086375, 0.90384979086375, 0.44999999999999996, 1.7263481044614895, 1.1551815634108973, 1.1551815634108973, 0.9000000000000001, 1.8941430193567161, 1.5023130314433293, 1.5023130314433293, 1.3499999999999999, 2.144825815253485, 1.8932629094883902, 1.8932629094883902, 1.8, 2.4531159323965466, 2.305850048126383, 2.305850048126383, 2.25, 2.8000496027352404, 2.73028285063003, 2.73028285063003, 2.7, 3.1729761703766037, 3.161794497503663, 3.161794497503663, 3.741249048706119, 3.1499999999999995, 3.5637449091900186, 3.646497558540859, 3.646497558540859, 4.158959538688065, 3.5999999999999996, 3.967086812483157, 4.05, 4.379529401405793, 4.55, 4.845645238539216, 5.190509501859031, 5.435372725171264, 6.269613668764253, 7.375428424467588, 8.734146381226486, 12.017002295909068, 13.908678336231588], [2.890069203323685, 1.6724067819894908, 1.5337861650177969, 2.692582403567252, 1.3017082793177757, 2.5597851472340407, 0.9984710533833437, 5.908730959432458, 1.7263481044614895, 0.44999999999999996, 2.5019992006393608, 0.8393118874676112, 1.6666666666666665, 0.0, 3.014962686336267, 2.5243811122728674, 0.9038497908637496, 1.7263481044614895, 0.44999999999999996, 2.6248809496813377, 1.1551815634108968, 1.8941430193567161, 0.9000000000000001, 2.7950849718747373, 1.5023130314433288, 2.144825815253485, 1.3499999999999999, 3.023243291566195, 1.89326290948839, 2.4531159323965466, 1.8, 3.297347418759509, 2.305850048126383, 2.8000496027352404, 2.25, 3.6069377593742864, 2.73028285063003, 3.1729761703766037, 2.7, 3.943665807342199, 3.161794497503663, 3.090711892105118, 3.5637449091900186, 3.1499999999999995, 4.341946568072896, 3.646497558540859, 3.5850383540486703, 3.967086812483157, 3.5999999999999996, 4.379529401405793, 4.05, 4.845645238539216, 4.55, 4.7430943954811235, 5.880067424509823, 5.904541566549525, 7.067708256570866, 8.420828705554364, 12.037805094296633, 13.156261262373988], [5.771698190307598, 4.213898959923511, 3.0516389039334255, 5.651548460377917, 4.047770305297034, 5.565294241996554, 3.9264417026672436, 2.9890440636898634, 4.72655030416241, 3.092329219213245, 5.514526271584895, 3.854146396343092, 4.676299581696811, 3.014962686336267, 0.0, 5.500227268031749, 3.8336594064215515, 4.66907675860847, 3.003747659175118, 5.522680508593631, 3.865804501581067, 4.70507999695837, 3.059411708155671, 5.581442465886395, 3.9492967025084913, 4.783333333333332, 3.1784430150625633, 5.675385449465085, 4.0809857197060175, 4.9018137232842465, 3.3541019662496847, 5.802801047769948, 4.2564004093182355, 5.057694907542148, 3.578058132562969, 5.961543424315552, 4.47039645271473, 5.24764497444118, 3.8418745424597094, 6.149186938124422, 4.717726618239387, 3.7165171868296265, 5.468114645632237, 4.137934267240117, 6.388466169590319, 5.025628761104867, 4.100304866714182, 5.715573267641468, 4.459820624195552, 5.986675018553936, 4.802343178074636, 6.311915539499698, 5.202163011671203, 5.075129992861704, 7.381514569727752, 6.117484050744318, 7.198090024443984, 8.384188137056746, 12.357222407308171, 11.970403336598993], [1.7999999999999998, 2.4531159323965466, 3.49857113690718, 1.3499999999999999, 2.1448258152534856, 0.8999999999999999, 1.8941430193567164, 8.42980500067182, 1.155181563410897, 2.6248809496813372, 0.44999999999999973, 1.7263481044614897, 0.90384979086375, 2.5243811122728674, 5.500227268031749, 0.0, 1.666666666666667, 0.8393118874676115, 2.5019992006393608, 0.4500000000000002, 1.7263481044614897, 0.9984710533833442, 2.5597851472340407, 0.9000000000000004, 1.8941430193567166, 1.3017082793177759, 2.692582403567252, 1.35, 2.1448258152534856, 1.672406781989491, 2.8900692033236854, 1.7999999999999998, 2.4531159323965466, 2.074715509279392, 3.1400636936215167, 2.25, 2.8000496027352404, 2.4933801243381337, 3.4311076928595527, 2.7, 3.1729761703766037, 4.036087214122113, 2.9213771486140647, 3.753664875824692, 3.2, 3.6080157673959494, 4.386342439892262, 3.355137023199566, 4.100304866714182, 3.7926830139684027, 4.465422712353221, 4.281873940746556, 4.887739763939975, 5.297903149150406, 5.045587467805055, 6.294265467691825, 7.340980860893182, 8.678094917812373, 11.745879206600163, 14.050010268510809], [2.4531159323965466, 1.7999999999999998, 2.240039682188192, 2.1448258152534856, 1.3499999999999999, 1.8941430193567164, 0.8999999999999999, 6.772745429161372, 1.155181563410897, 1.1551815634108968, 1.7263481044614897, 0.44999999999999973, 0.90384979086375, 0.9038497908637496, 3.8336594064215515, 1.666666666666667, 0.0, 0.8393118874676115, 0.8393118874676112, 1.7263481044614897, 0.4500000000000002, 0.9984710533833442, 0.9984710533833439, 1.8941430193567166, 0.9000000000000004, 1.3017082793177759, 1.3017082793177757, 2.1448258152534856, 1.35, 1.672406781989491, 1.672406781989491, 2.4531159323965466, 1.7999999999999998, 2.074715509279392, 2.0747155092793914, 2.8000496027352404, 2.25, 2.4933801243381337, 2.4933801243381337, 3.1729761703766037, 2.7, 3.011275108285156, 2.9213771486140647, 2.9213771486140647, 3.6080157673959494, 3.2, 3.466666666666667, 3.355137023199566, 3.355137023199566, 3.7926830139684027, 3.7926830139684027, 4.281873940746556, 4.281873940746556, 4.565693326928075, 5.264227519089534, 5.691709370264399, 6.83138183516174, 8.194912855203516, 11.64853243403024, 13.200791192597732], [2.0747155092793914, 2.0747155092793914, 2.8817432995401315, 1.672406781989491, 1.672406781989491, 1.3017082793177759, 1.3017082793177759, 7.612057235920373, 0.8999999999999999, 1.8941430193567161, 0.998471053383344, 0.998471053383344, 0.44999999999999996, 1.7263481044614895, 4.66907675860847, 0.8393118874676115, 0.8393118874676115, 0.0, 1.6666666666666665, 0.9038497908637501, 0.9038497908637501, 0.4500000000000002, 1.7263481044614895, 1.1551815634108975, 1.1551815634108975, 0.8999999999999999, 1.8941430193567161, 1.5023130314433288, 1.5023130314433288, 1.35, 2.144825815253485, 1.8932629094883902, 1.8932629094883902, 1.8000000000000003, 2.4531159323965466, 2.3058500481263833, 2.3058500481263833, 2.2500000000000004, 2.8000496027352404, 2.7302828506300303, 2.7302828506300303, 3.384441526226217, 2.6999999999999997, 3.1729761703766033, 3.210053651334265, 3.210053651334265, 3.782121685568095, 3.15, 3.563744909190019, 3.6, 3.9670868124831573, 4.1, 4.425808149680438, 4.785278350199588, 4.989183240957783, 5.849406427626273, 6.946541905469544, 8.30310656547854, 11.567758454010791, 13.520613251252943], [3.1400636936215163, 2.0747155092793914, 1.96468827043885, 2.890069203323685, 1.6724067819894908, 2.692582403567252, 1.3017082793177757, 5.960676256900732, 1.8941430193567161, 0.8999999999999999, 2.5597851472340407, 0.9984710533833436, 1.7263481044614895, 0.44999999999999996, 3.003747659175118, 2.5019992006393608, 0.8393118874676112, 1.6666666666666665, 0.0, 2.524381112272868, 0.9038497908637497, 1.7263481044614895, 0.4500000000000002, 2.6248809496813377, 1.155181563410897, 1.8941430193567161, 0.8999999999999999, 2.7950849718747373, 1.5023130314433286, 2.144825815253485, 1.35, 3.0232432915661946, 1.89326290948839, 2.4531159323965466, 1.8000000000000003, 3.297347418759509, 2.3058500481263833, 2.8000496027352404, 2.2500000000000004, 3.606937759374287, 2.7302828506300303, 2.6476404589747453, 3.1729761703766033, 2.6999999999999997, 3.9824615503479754, 3.210053651334265, 3.1400636936215167, 3.563744909190019, 3.15, 3.9670868124831573, 3.6, 4.425808149680438, 4.1, 4.295863643604677, 5.470271078027113, 5.4562909665001476, 6.618912297349165, 7.972867847725151, 11.589367668631809, 12.745307373031109], [2.25, 2.8000496027352404, 3.75, 1.8, 2.4531159323965466, 1.35, 2.1448258152534856, 8.484879034964266, 1.5023130314433288, 2.7950849718747373, 0.8999999999999999, 1.8941430193567164, 1.1551815634108973, 2.6248809496813377, 5.522680508593631, 0.4500000000000002, 1.7263481044614897, 0.9038497908637501, 2.524381112272868, 0.0, 1.666666666666667, 0.8393118874676115, 2.5019992006393608, 0.4500000000000002, 1.7263481044614897, 0.998471053383344, 2.5597851472340407, 0.8999999999999999, 1.8941430193567164, 1.3017082793177759, 2.692582403567252, 1.3499999999999996, 2.144825815253485, 1.672406781989491, 2.8900692033236854, 1.7999999999999998, 2.4531159323965466, 2.074715509279392, 3.1400636936215167, 2.25, 2.8000496027352404, 3.75, 2.493380124338133, 3.431107692859552, 2.75, 3.2156302302624566, 4.0697051490249265, 2.9213771486140647, 3.753664875824692, 3.355137023199566, 4.100304866714182, 3.84147685720537, 4.5069390943299865, 4.9335867052052285, 4.59582698168564, 5.902565355654928, 6.932712311931024, 8.263207430021474, 11.299795122323966, 13.677479233194175], [2.8000496027352404, 2.25, 2.6153924710792023, 2.4531159323965466, 1.8, 2.1448258152534856, 1.35, 6.841172453377473, 1.5023130314433288, 1.5023130314433286, 1.8941430193567164, 0.8999999999999999, 1.1551815634108973, 1.1551815634108968, 3.865804501581067, 1.7263481044614897, 0.4500000000000002, 0.9038497908637501, 0.9038497908637497, 1.666666666666667, 0.0, 0.8393118874676115, 0.8393118874676112, 1.7263481044614897, 0.4500000000000002, 0.998471053383344, 0.9984710533833436, 1.8941430193567164, 0.8999999999999999, 1.3017082793177759, 1.3017082793177757, 2.144825815253485, 1.3499999999999996, 1.672406781989491, 1.672406781989491, 2.4531159323965466, 1.7999999999999998, 2.074715509279392, 2.0747155092793914, 2.8000496027352404, 2.25, 2.6153924710792023, 2.493380124338133, 2.493380124338133, 3.2156302302624566, 2.75, 3.056186803482041, 2.9213771486140647, 2.9213771486140647, 3.355137023199566, 3.355137023199566, 3.84147685720537, 3.84147685720537, 4.137397195768803, 4.834848924532995, 5.255288341809187, 6.390639856679281, 7.754215778102964, 11.198571307854804, 12.8035751936623], [2.4933801243381333, 2.4933801243381333, 3.1963955394231864, 2.0747155092793914, 2.0747155092793914, 1.672406781989491, 1.672406781989491, 7.678865492476881, 1.35, 2.144825815253485, 1.3017082793177759, 1.3017082793177759, 0.9000000000000001, 1.8941430193567161, 4.70507999695837, 0.9984710533833442, 0.9984710533833442, 0.4500000000000002, 1.7263481044614895, 0.8393118874676115, 0.8393118874676115, 0.0, 1.6666666666666665, 0.9038497908637501, 0.9038497908637501, 0.44999999999999973, 1.7263481044614892, 1.155181563410897, 1.155181563410897, 0.8999999999999999, 1.8941430193567161, 1.5023130314433286, 1.5023130314433286, 1.35, 2.144825815253485, 1.8932629094883902, 1.8932629094883902, 1.8000000000000003, 2.4531159323965466, 2.3058500481263833, 2.3058500481263833, 3.0523670232205764, 2.2499999999999996, 2.80004960273524, 2.7779388842169377, 2.7779388842169377, 3.42300225598004, 2.6999999999999997, 3.1729761703766033, 3.15, 3.563744909190019, 3.65, 4.012515143619744, 4.388779886128819, 4.543745389232578, 5.433972355059931, 6.520501855259643, 7.874188483056143, 11.118575768541245, 13.136500002632188], [3.4311076928595523, 2.4933801243381333, 2.402602755346793, 3.1400636936215163, 2.0747155092793914, 2.8900692033236854, 1.672406781989491, 6.045760607913997, 2.144825815253485, 1.35, 2.692582403567252, 1.3017082793177757, 1.8941430193567161, 0.9000000000000001, 3.059411708155671, 2.5597851472340407, 0.9984710533833439, 1.7263481044614895, 0.4500000000000002, 2.5019992006393608, 0.8393118874676112, 1.6666666666666665, 0.0, 2.524381112272868, 0.9038497908637497, 1.7263481044614892, 0.44999999999999973, 2.6248809496813372, 1.1551815634108968, 1.8941430193567161, 0.8999999999999999, 2.795084971874737, 1.5023130314433284, 2.144825815253485, 1.35, 3.0232432915661946, 1.89326290948839, 2.4531159323965466, 1.8000000000000003, 3.297347418759509, 2.3058500481263833, 2.2073740054644113, 2.80004960273524, 2.2499999999999996, 3.643144246389374, 2.7779388842169377, 2.6967573120323602, 3.1729761703766033, 2.6999999999999997, 3.563744909190019, 3.15, 4.012515143619744, 3.65, 3.849278431660205, 5.0673009006194025, 5.008354131959034, 6.170291727301069, 7.525150320511256, 11.141056252850657, 12.337078651862438], [2.7, 3.1729761703766037, 4.036087214122113, 2.25, 2.8000496027352404, 1.8000000000000003, 2.453115932396547, 8.563278118022364, 1.8932629094883904, 3.023243291566195, 1.35, 2.1448258152534856, 1.5023130314433293, 2.7950849718747373, 5.581442465886395, 0.9000000000000004, 1.8941430193567166, 1.1551815634108975, 2.6248809496813377, 0.4500000000000002, 1.7263481044614897, 0.9038497908637501, 2.524381112272868, 0.0, 1.666666666666667, 0.8393118874676115, 2.5019992006393608, 0.44999999999999973, 1.7263481044614897, 0.998471053383344, 2.5597851472340407, 0.8999999999999995, 1.8941430193567164, 1.3017082793177759, 2.692582403567252, 1.3499999999999996, 2.144825815253485, 1.672406781989491, 2.8900692033236854, 1.7999999999999998, 2.4531159323965466, 3.49857113690718, 2.074715509279391, 3.140063693621516, 2.3, 2.8403833857030247, 3.7802116342871597, 2.493380124338133, 3.431107692859552, 2.9213771486140647, 3.753664875824692, 3.4035928728983498, 4.1400483088968905, 4.584514999187785, 4.146118473452978, 5.519762474760828, 6.529931086925803, 7.852188399456754, 10.854034331848728, 13.309736579048314], [3.1729761703766037, 2.7, 3.011275108285156, 2.8000496027352404, 2.25, 2.453115932396547, 1.8000000000000003, 6.9381698181491105, 1.8932629094883904, 1.8932629094883902, 2.1448258152534856, 1.35, 1.5023130314433293, 1.5023130314433288, 3.9492967025084913, 1.8941430193567166, 0.9000000000000004, 1.1551815634108975, 1.155181563410897, 1.7263481044614897, 0.4500000000000002, 0.9038497908637501, 0.9038497908637497, 1.666666666666667, 0.0, 0.8393118874676115, 0.8393118874676111, 1.7263481044614897, 0.44999999999999973, 0.998471053383344, 0.9984710533833436, 1.8941430193567164, 0.8999999999999995, 1.3017082793177759, 1.3017082793177757, 2.144825815253485, 1.3499999999999996, 1.672406781989491, 1.672406781989491, 2.4531159323965466, 1.7999999999999998, 2.240039682188192, 2.074715509279391, 2.074715509279391, 2.8403833857030247, 2.3, 2.6585292508787215, 2.493380124338133, 2.493380124338133, 2.9213771486140647, 2.9213771486140647, 3.4035928728983498, 3.4035928728983498, 3.714236873915765, 4.4095846599624515, 4.821364491049765, 5.9512837083924826, 7.314651595420119, 10.748613436511858, 12.409963229960168], [2.9213771486140647, 2.9213771486140647, 3.5404017348945644, 2.493380124338133, 2.493380124338133, 2.0747155092793914, 2.0747155092793914, 7.771199079947491, 1.7999999999999998, 2.4531159323965466, 1.6724067819894908, 1.6724067819894908, 1.3499999999999999, 2.144825815253485, 4.783333333333332, 1.3017082793177759, 1.3017082793177759, 0.8999999999999999, 1.8941430193567161, 0.998471053383344, 0.998471053383344, 0.44999999999999973, 1.7263481044614892, 0.8393118874676115, 0.8393118874676115, 0.0, 1.6666666666666665, 0.9038497908637501, 0.9038497908637501, 0.4500000000000002, 1.7263481044614895, 1.155181563410897, 1.155181563410897, 0.9000000000000004, 1.8941430193567164, 1.5023130314433288, 1.5023130314433288, 1.3500000000000005, 2.1448258152534856, 1.8932629094883904, 1.8932629094883904, 2.7539870087646463, 1.7999999999999998, 2.4531159323965466, 2.3525399984791853, 2.3525399984791853, 3.0877895725655344, 2.25, 2.8000496027352404, 2.7, 3.1729761703766037, 3.2, 3.608015767395949, 4.003609482565563, 4.099304198579392, 5.024495552347077, 6.097904922548763, 7.4477587162645875, 10.669461963531568, 12.7566955732413], [3.753664875824692, 2.9213771486140647, 2.8442925306655784, 3.431107692859552, 2.493380124338133, 3.1400636936215163, 2.0747155092793914, 6.162611558165024, 2.4531159323965466, 1.7999999999999998, 2.890069203323685, 1.6724067819894903, 2.144825815253485, 1.3499999999999999, 3.1784430150625633, 2.692582403567252, 1.3017082793177757, 1.8941430193567161, 0.8999999999999999, 2.5597851472340407, 0.9984710533833436, 1.7263481044614892, 0.44999999999999973, 2.5019992006393608, 0.8393118874676111, 1.6666666666666665, 0.0, 2.524381112272868, 0.9038497908637497, 1.7263481044614895, 0.4500000000000002, 2.6248809496813372, 1.1551815634108968, 1.8941430193567164, 0.9000000000000004, 2.7950849718747373, 1.5023130314433286, 2.1448258152534856, 1.3500000000000005, 3.023243291566195, 1.8932629094883902, 1.7720045146669352, 2.4531159323965466, 1.7999999999999998, 3.3301651610693423, 2.3525399984791853, 2.2561028345356955, 2.8000496027352404, 2.25, 3.1729761703766037, 2.7, 3.608015767395949, 3.2, 3.4035928728983507, 4.672923193006336, 4.560823512383605, 5.721887800367987, 7.077722301368696, 10.69288669628726, 11.931854813541719], [3.15, 3.563744909190019, 4.35, 2.7, 3.1729761703766037, 2.25, 2.8000496027352404, 8.664369106589652, 2.3058500481263833, 3.297347418759509, 1.7999999999999998, 2.4531159323965466, 1.8932629094883902, 3.023243291566195, 5.675385449465085, 1.35, 2.1448258152534856, 1.5023130314433288, 2.7950849718747373, 0.8999999999999999, 1.8941430193567164, 1.155181563410897, 2.6248809496813372, 0.44999999999999973, 1.7263481044614897, 0.9038497908637501, 2.524381112272868, 0.0, 1.666666666666667, 0.8393118874676115, 2.5019992006393608, 0.44999999999999973, 1.7263481044614897, 0.9984710533833442, 2.5597851472340407, 0.8999999999999999, 1.8941430193567164, 1.301708279317776, 2.6925824035672523, 1.35, 2.1448258152534856, 3.289756829919196, 1.6724067819894908, 2.890069203323685, 1.85, 2.4900356980930574, 3.5245567097154216, 2.0747155092793914, 3.1400636936215163, 2.4933801243381333, 3.4311076928595523, 2.9693340068851204, 3.791108017453473, 4.254442122978967, 3.6964809138187587, 5.147842050585641, 6.1337182850209215, 7.445678497596063, 10.40863837143962, 12.947190329675989], [3.563744909190019, 3.15, 3.4205668795943422, 3.1729761703766037, 2.7, 2.8000496027352404, 2.25, 7.062560464456199, 2.3058500481263833, 2.3058500481263833, 2.4531159323965466, 1.7999999999999998, 1.8932629094883902, 1.89326290948839, 4.0809857197060175, 2.1448258152534856, 1.35, 1.5023130314433288, 1.5023130314433286, 1.8941430193567164, 0.8999999999999999, 1.155181563410897, 1.1551815634108968, 1.7263481044614897, 0.44999999999999973, 0.9038497908637501, 0.9038497908637497, 1.666666666666667, 0.0, 0.8393118874676115, 0.8393118874676112, 1.7263481044614897, 0.44999999999999973, 0.9984710533833442, 0.9984710533833439, 1.8941430193567164, 0.8999999999999999, 1.301708279317776, 1.3017082793177759, 2.1448258152534856, 1.35, 1.8974397955607913, 1.6724067819894908, 1.6724067819894903, 2.4900356980930574, 1.85, 2.2804117561918016, 2.0747155092793914, 2.0747155092793914, 2.4933801243381333, 2.4933801243381333, 2.9693340068851204, 2.9693340068851204, 3.2981897391683757, 3.989750571614031, 4.390678256893296, 5.513644690926118, 6.876437565439188, 10.298659246621261, 12.020309355343652], [3.355137023199566, 3.355137023199566, 3.906013881752655, 2.9213771486140647, 2.9213771486140647, 2.4933801243381333, 2.4933801243381333, 7.88816170148668, 2.25, 2.8000496027352404, 2.0747155092793914, 2.0747155092793914, 1.8, 2.4531159323965466, 4.9018137232842465, 1.672406781989491, 1.672406781989491, 1.35, 2.144825815253485, 1.3017082793177759, 1.3017082793177759, 0.8999999999999999, 1.8941430193567161, 0.998471053383344, 0.998471053383344, 0.4500000000000002, 1.7263481044614895, 0.8393118874676115, 0.8393118874676115, 0.0, 1.6666666666666665, 0.9038497908637498, 0.9038497908637498, 0.4500000000000002, 1.7263481044614895, 1.155181563410897, 1.155181563410897, 0.9000000000000004, 1.8941430193567164, 1.5023130314433288, 1.5023130314433288, 2.5013885033006056, 1.3499999999999996, 2.144825815253485, 1.9382838916021679, 1.9382838916021679, 2.7851291611780673, 1.7999999999999998, 2.4531159323965466, 2.25, 2.8000496027352404, 2.75, 3.215630230262456, 3.6333715594319402, 3.6562231418239426, 4.622559416119555, 5.679519737129579, 7.02427046209756, 10.220426119379821, 12.381596487430565], [4.100304866714182, 3.355137023199566, 3.2882366094914763, 3.753664875824692, 2.9213771486140647, 3.4311076928595523, 2.4933801243381333, 6.309464407178603, 2.8000496027352404, 2.25, 3.1400636936215163, 2.0747155092793914, 2.4531159323965466, 1.8, 3.3541019662496847, 2.8900692033236854, 1.672406781989491, 2.144825815253485, 1.35, 2.692582403567252, 1.3017082793177757, 1.8941430193567161, 0.8999999999999999, 2.5597851472340407, 0.9984710533833436, 1.7263481044614895, 0.4500000000000002, 2.5019992006393608, 0.8393118874676112, 1.6666666666666665, 0.0, 2.5243811122728674, 0.9038497908637495, 1.7263481044614895, 0.4500000000000002, 2.6248809496813372, 1.1551815634108968, 1.8941430193567164, 0.9000000000000004, 2.7950849718747373, 1.5023130314433286, 1.346291201783626, 2.144825815253485, 1.3499999999999996, 3.0516389039334255, 1.9382838916021676, 1.8200274723201295, 2.4531159323965466, 1.7999999999999998, 2.8000496027352404, 2.25, 3.215630230262456, 2.75, 2.9592134840941178, 4.289508587012601, 4.113831682399161, 5.273755777432247, 6.630642397557941, 10.24487761615977, 11.529952685099685], [3.5999999999999996, 3.9670868124831573, 4.686149805543993, 3.1499999999999995, 3.5637449091900186, 2.6999999999999997, 3.1729761703766037, 8.787368884020385, 2.73028285063003, 3.6069377593742864, 2.2499999999999996, 2.8000496027352404, 2.305850048126383, 3.297347418759509, 5.802801047769948, 1.7999999999999998, 2.4531159323965466, 1.8932629094883902, 3.0232432915661946, 1.3499999999999996, 2.144825815253485, 1.5023130314433286, 2.795084971874737, 0.8999999999999995, 1.8941430193567164, 1.155181563410897, 2.6248809496813372, 0.44999999999999973, 1.7263481044614897, 0.9038497908637498, 2.5243811122728674, 0.0, 1.666666666666667, 0.8393118874676117, 2.5019992006393608, 0.4500000000000002, 1.7263481044614897, 0.9984710533833444, 2.559785147234041, 0.9000000000000004, 1.8941430193567166, 3.132091952673165, 1.3017082793177759, 2.692582403567252, 1.4000000000000004, 2.1766436956419346, 3.3105890714493698, 1.672406781989491, 2.8900692033236854, 2.074715509279392, 3.1400636936215167, 2.5405598683054973, 3.4655446902326914, 3.9481359877514075, 3.2469437778539807, 4.78934001484315, 5.745432968889291, 7.04445838362081, 9.963656167183792, 12.590289395484689], [3.9670868124831573, 3.5999999999999996, 3.8389813463701246, 3.5637449091900186, 3.1499999999999995, 3.1729761703766037, 2.6999999999999997, 7.2129272977567345, 2.73028285063003, 2.73028285063003, 2.8000496027352404, 2.2499999999999996, 2.305850048126383, 2.305850048126383, 4.2564004093182355, 2.4531159323965466, 1.7999999999999998, 1.8932629094883902, 1.89326290948839, 2.144825815253485, 1.3499999999999996, 1.5023130314433286, 1.5023130314433284, 1.8941430193567164, 0.8999999999999995, 1.155181563410897, 1.1551815634108968, 1.7263481044614897, 0.44999999999999973, 0.9038497908637498, 0.9038497908637495, 1.666666666666667, 0.0, 0.8393118874676117, 0.8393118874676112, 1.7263481044614897, 0.4500000000000002, 0.9984710533833444, 0.9984710533833441, 1.8941430193567166, 0.9000000000000004, 1.608657134935154, 1.3017082793177759, 1.3017082793177757, 2.1766436956419346, 1.4000000000000004, 1.9333333333333333, 1.672406781989491, 1.672406781989491, 2.074715509279392, 2.0747155092793914, 2.5405598683054973, 2.5405598683054973, 2.892327013938009, 3.5772590588344038, 3.9642849992849354, 5.078166773332458, 6.439849316589976, 9.848709242762324, 11.635011243112784], [3.7926830139684027, 3.7926830139684027, 4.287708530724126, 3.355137023199566, 3.355137023199566, 2.921377148614065, 2.921377148614065, 8.028677034071412, 2.7, 3.1729761703766037, 2.4933801243381333, 2.4933801243381333, 2.25, 2.8000496027352404, 5.057694907542148, 2.074715509279392, 2.074715509279392, 1.8000000000000003, 2.4531159323965466, 1.672406781989491, 1.672406781989491, 1.35, 2.144825815253485, 1.3017082793177759, 1.3017082793177759, 0.9000000000000004, 1.8941430193567164, 0.9984710533833442, 0.9984710533833442, 0.4500000000000002, 1.7263481044614895, 0.8393118874676117, 0.8393118874676117, 0.0, 1.6666666666666665, 0.9038497908637498, 0.9038497908637498, 0.4500000000000002, 1.7263481044614895, 1.155181563410897, 1.155181563410897, 2.3096416268426676, 0.8999999999999995, 1.894143019356716, 1.5441646429200626, 1.5441646429200626, 2.52674582109963, 1.3499999999999996, 2.144825815253485, 1.7999999999999998, 2.4531159323965466, 2.3, 2.8403833857030243, 3.2831218205983297, 3.2150646048139144, 4.230313883809989, 5.266350201462531, 6.604289602500591, 9.771478983867063, 12.011643568086415], [4.465422712353221, 3.7926830139684027, 3.733630940518894, 4.100304866714182, 3.355137023199566, 3.753664875824692, 2.921377148614065, 6.484281069947396, 3.1729761703766037, 2.7, 3.4311076928595523, 2.4933801243381333, 2.8000496027352404, 2.25, 3.578058132562969, 3.1400636936215167, 2.0747155092793914, 2.4531159323965466, 1.8000000000000003, 2.8900692033236854, 1.672406781989491, 2.144825815253485, 1.35, 2.692582403567252, 1.3017082793177757, 1.8941430193567164, 0.9000000000000004, 2.5597851472340407, 0.9984710533833439, 1.7263481044614895, 0.4500000000000002, 2.5019992006393608, 0.8393118874676112, 1.6666666666666665, 0.0, 2.5243811122728674, 0.9038497908637495, 1.7263481044614895, 0.4500000000000002, 2.6248809496813372, 1.1551815634108968, 0.9433981132056602, 1.894143019356716, 0.8999999999999995, 2.817800560721074, 1.5441646429200622, 1.3928388277184118, 2.144825815253485, 1.3499999999999996, 2.4531159323965466, 1.7999999999999998, 2.8403833857030243, 2.3, 2.5168322241350225, 3.920275075600327, 3.6675756449064707, 4.825971404805461, 6.183986111990716, 9.797051027760642, 11.131732055248015], [4.05, 4.379529401405793, 5.0400892849234324, 3.5999999999999996, 3.9670868124831573, 3.15, 3.563744909190019, 8.931372335339859, 3.161794497503663, 3.943665807342199, 2.6999999999999997, 3.1729761703766037, 2.73028285063003, 3.6069377593742864, 5.961543424315552, 2.25, 2.8000496027352404, 2.3058500481263833, 3.297347418759509, 1.7999999999999998, 2.4531159323965466, 1.8932629094883902, 3.0232432915661946, 1.3499999999999996, 2.144825815253485, 1.5023130314433288, 2.7950849718747373, 0.8999999999999999, 1.8941430193567164, 1.155181563410897, 2.6248809496813372, 0.4500000000000002, 1.7263481044614897, 0.9038497908637498, 2.5243811122728674, 0.0, 1.666666666666667, 0.8393118874676117, 2.5019992006393608, 0.4500000000000002, 1.7263481044614897, 3.033562262423503, 0.998471053383344, 2.5597851472340407, 0.9500000000000002, 1.918405008797094, 3.1468237955119127, 1.3017082793177759, 2.692582403567252, 1.672406781989491, 2.8900692033236854, 2.1206000199105075, 3.170567772497538, 3.671549778741639, 2.7975554769946904, 4.447502420210447, 5.366796064692602, 6.6494856603775485, 9.51914574362185, 12.23952763350175], [4.379529401405793, 4.05, 4.263833694901547, 3.9670868124831573, 3.5999999999999996, 3.563744909190019, 3.15, 7.387684352444193, 3.161794497503663, 3.161794497503663, 3.1729761703766037, 2.6999999999999997, 2.73028285063003, 2.73028285063003, 4.47039645271473, 2.8000496027352404, 2.25, 2.3058500481263833, 2.3058500481263833, 