totalHoles = 60;
zeroHoleID = 20;
C = [[0.0, 3.3333333333333335, 4.333333333333333, 5.166666666666667, 7.0, 2.3863035105460586, 6.576473218982953, 2.1, 4.815368913985488, 2.5, 3.3082388735465345, 5.002777006601211, 6.96419413859206, 5.795262672601169, 7.47600327715284, 3.782121685568095, 7.201388754955532, 9.658671544874856, 4.2, 6.03471439073779, 9.867228663622017, 5.856242661181591, 4.625, 5.107354446721359, 6.337854745714655, 7.977507442804425, 5.633333333333334, 8.324061508662703, 7.36593133584915, 8.75, 6.300000000000001, 7.646422547687107, 6.75, 7.089213245801289, 8.021239167222094, 9.370832406995657, 7.6147517651230405, 9.774456506629923, 9.418602308434327, 10.536395256443258, 8.4, 9.451866364786257, 8.875, 9.135648277185613, 9.876406369615305, 11.0007102043459, 9.646473160924902, 11.428473213863697, 10.5, 11.359039474259157, 11.702326454361305, 12.619429464123963, 11.0, 11.211353372561426, 11.8227652339788, 12.776932339180638, 11.702326454361305, 13.209844813622906, 13.782672337676331, 14.320009146982596], [3.3333333333333335, 0.0, 0.9999999999999996, 1.8333333333333335, 3.6666666666666665, 1.5365907428821481, 3.3208098075285455, 3.939684138495257, 2.325940669922601, 4.166666666666667, 2.758824226207808, 2.692582403567252, 4.034572812303401, 3.2018332422396876, 4.509442254253229, 3.3122667632772447, 4.431453235427153, 6.686007193179978, 5.362006258026105, 4.317406628984581, 7.009819748410813, 4.389213705519316, 5.701029390479505, 4.769877997508019, 4.731873307686925, 5.605212108188037, 5.329269284912437, 6.088331280225952, 5.560900206900957, 6.403666484479375, 7.127489818380039, 6.378871373526826, 7.52818777071289, 6.850081102520693, 6.823672031978091, 7.4558887986461935, 7.392638981521492, 7.957246871737598, 8.085588173479472, 8.686775549330399, 9.037207041509623, 8.459314393022641, 9.480334177185481, 8.951353870287505, 8.931160338948125, 9.42302513940071, 9.472122840795041, 9.919061335518487, 11.016401913107162, 10.547511554864494, 10.65885130354632, 11.121800413801914, 11.49395976637778, 11.061695670696745, 11.045361017187261, 11.446736555795184, 11.559027256266468, 11.928024890055259, 12.489232244878627, 13.071875015788416], [4.333333333333333, 0.9999999999999996, 0.0, 0.8333333333333339, 2.666666666666667, 2.3863035105460586, 2.386303510546059, 4.815368913985488, 2.1, 5.002777006601211, 3.3082388735465345, 2.5, 3.308238873546535, 2.7541004782767904, 3.741889377187828, 3.782121685568095, 3.782121685568095, 5.870251474445665, 6.03471439073779, 4.2, 6.245279630252393, 4.369143616302232, 6.337854745714655, 5.107354446721359, 4.625, 5.107354446721359, 5.633333333333334, 5.633333333333334, 5.315726144605687, 5.888430275643171, 7.646422547687107, 6.300000000000001, 8.021239167222094, 7.089213245801289, 6.75, 7.089213245801289, 7.6147517651230405, 7.6147517651230405, 7.918968963472735, 8.314248980582137, 9.451866364786257, 8.4, 9.876406369615305, 9.135648277185613, 8.875, 9.135648277185613, 9.646473160924902, 9.646473160924902, 11.359039474259157, 10.5, 10.533016872883307, 10.833333333333334, 11.8227652339788, 11.211353372561426, 11.0, 11.211353372561426, 11.702326454361305, 11.702326454361305, 12.252343244844214, 12.843310558393627], [5.166666666666667, 1.8333333333333335, 0.8333333333333339, 0.0, 1.833333333333333, 3.16227766016838, 1.6666666666666663, 5.5771358639040205, 2.259301760377406, 5.7397251192408545, 3.9051248379533274, 2.63523138347365, 2.833333333333333, 2.625, 3.2018332422396876, 4.313930922024599, 3.3745781629379663, 5.239458970732587, 6.658411555652327, 4.281873940746557, 5.664472561517616, 4.524456822678527, 6.934339870848879, 5.512769267799987, 4.699475443540954, 4.813356705852764, 6.003332407921454, 5.368219237119305, 5.25, 5.560900206900957, 8.14766496883889, 6.354875643507468, 8.50040848691664, 7.386643351347079, 6.801245800913568, 6.880427150822671, 7.892401408950258, 7.420766657009085, 7.875, 8.085588173479472, 9.861766801361936, 8.441234770129572, 10.269375319095337, 9.368330961275866, 8.914037774456895, 8.974597638767866, 9.867117106835208, 9.494091730006499, 11.702326454361305, 10.533016872883307, 10.5, 10.65885130354632, 12.152960316089429, 11.40175425099138, 11.031520495581942, 11.080513425729775, 11.884864324004713, 11.577036657874837, 12.114599465234518, 12.709930314636512], [7.0, 3.6666666666666665, 2.666666666666667, 1.833333333333333, 0.0, 4.935697631653617, 1.118033988749895, 7.308214556237385, 3.394276227874083, 7.433034373659253, 5.441609239104837, 3.655285366576885, 2.5495097567963922, 3.2018332422396876, 2.625, 5.742047640964948, 3.1400636936215167, 4.113804886835078, 8.16333265278342, 4.97504885514817, 4.664455822213761, 5.329019079536886, 8.389912097274918, 6.689673841908222, 5.338701725242863, 4.651948516482099, 7.099373994311831, 5.223983154643591, 5.560900206900957, 5.25, 9.417536832951598, 6.841133759188686, 9.724325169388361, 8.302024518821366, 7.257658789934335, 6.768493185340442, 8.755062027827737, 7.317103251970687, 8.085588173479472, 7.875, 10.934349546269317, 8.813121530485729, 11.3033457436283, 10.105777363029086, 9.266970168890753, 8.889073348780514, 10.569820770056186, 9.413288479590967, 12.619429464123963, 10.833333333333334, 10.65885130354632, 10.5, 13.038404810405298, 12.015036875145707, 11.31861789756643, 11.01135777277262, 12.47441826744282, 11.510864433221338, 12.011175652775508, 12.606861742704293], [2.3863035105460586, 1.5365907428821481, 2.3863035105460586, 3.16227766016838, 4.935697631653617, 0.0, 4.333333333333334, 2.429906262481013, 2.429906262481013, 2.6352313834736494, 1.5, 2.6352313834736494, 4.585605497399202, 3.4118360159890457, 5.099189750451646, 2.1, 4.8153689139854885, 7.276058100292698, 3.864510893301304, 3.864510893301304, 7.481232734797554, 3.7813652927290065, 4.223158704624353, 3.625, 4.223158704624353, 5.649637402327497, 4.2, 6.034714390737791, 5.202163011671203, 6.43611770488321, 5.725770205347439, 5.725770205347439, 6.1446679686085925, 5.75, 6.1446679686085925, 7.200019290097616, 6.300000000000001, 7.6464225476871075, 7.501041594338749, 8.403971448732504, 7.710670816760657, 7.710670816760657, 8.16762324329694, 7.875, 8.16762324329694, 8.988515048537094, 8.4, 9.451866364786257, 9.74394398816231, 9.74394398816231, 9.962429422585638, 10.65885130354632, 10.232030318780552, 10.0, 10.232030318780552, 10.89852181618121, 10.5, 11.359039474259157, 11.930164877526375, 12.49407101494769], [6.576473218982953, 3.3208098075285455, 2.386303510546059, 1.6666666666666663, 1.118033988749895, 4.333333333333334, 0.0, 6.592419889539804, 2.429906262481013, 6.670832032063167, 4.585605497399202, 2.63523138347365, 1.5, 2.1019997092715728, 1.7001838135919305, 4.8153689139854885, 2.1, 3.5900857396542794, 7.244998274671983, 3.8645108933013046, 4.0482017204958805, 4.227332384384341, 7.442487823302098, 5.649637402327497, 4.223158704624353, 3.625, 6.034714390737791, 4.2, 4.454242671630922, 4.2793106921559225, 8.386894538504702, 5.725770205347439, 8.678277478854891, 7.200019290097616, 6.1446679686085925, 5.75, 7.6464225476871075, 6.300000000000001, 7.003099512200135, 6.893157839481119, 9.849365461794989, 7.710670816760657, 10.211054059204661, 8.988515048537094, 8.16762324329694, 7.875, 9.451866364786257, 8.4, 11.510864433221338, 9.74394398816231, 9.59311095410544, 9.513148795220223, 11.926860441876563, 10.89852181618121, 10.232030318780552, 10.0, 11.359039474259157, 10.5, 11.012014802227291, 11.608942778479605], [2.1, 3.939684138495257, 4.815368913985488, 5.5771358639040205, 7.308214556237385, 2.429906262481013, 6.592419889539804, 0.0, 4.333333333333333, 0.3999999999999999, 2.203280382621432, 4.351755712098023, 6.512296062065975, 5.1932715550454756, 7.019659892046053, 2.3863035105460586, 6.576473218982953, 9.082793438497044, 2.1, 4.815368913985488, 9.158662593572764, 4.52072859094079, 2.525, 3.3271713878976, 5.015316817288592, 6.973207655017883, 3.782121685568095, 7.201388754955532, 6.051193637989487, 7.676099269811458, 4.200000000000001, 6.034714390737791, 4.65, 5.1300043318153685, 6.356121284067648, 7.9920272772307275, 5.633333333333334, 8.324061508662703, 7.748875366428631, 9.074724513724922, 6.300000000000001, 7.646422547687107, 6.775, 7.113021119358809, 8.042288404290023, 9.388856426636845, 7.6147517651230405, 9.774456506629923, 8.4, 9.451866364786257, 9.861766801361936, 10.934349546269317, 8.9, 9.159936923606212, 9.898877601919208, 11.020889256316842, 9.646473160924902, 11.428473213863697, 11.99728599169064, 12.5112287540555], [4.815368913985488, 2.325940669922601, 2.1, 2.259301760377406, 3.394276227874083, 2.429906262481013, 2.429906262481013, 4.333333333333333, 0.0, 4.351755712098023, 2.203280382621432, 0.3999999999999999, 2.203280382621432, 0.9849210346238145, 2.7178550570461097, 2.3863035105460586, 2.386303510546059, 4.8648795471071224, 4.815368913985488, 2.1, 5.0519715619499035, 2.287099653749437, 5.015316817288592, 3.3271713878976, 2.525, 3.3271713878976006, 3.782121685568095, 3.782121685568095, 3.2583653024859633, 4.12717955886476, 6.034714390737791, 4.200000000000001, 6.356121284067648, 5.1300043318153685, 4.65, 5.1300043318153685, 5.633333333333334, 5.633333333333335, 5.8348152879456645, 6.36095402523168, 7.646422547687107, 6.300000000000001, 8.042288404290023, 7.113021119358809, 6.775, 7.113021119358809, 7.6147517651230405, 7.6147517651230405, 9.451866364786257, 8.4, 8.441234770129572, 8.813121530485729, 9.898877601919208, 9.159936923606212, 8.9, 9.159936923606212, 9.646473160924902, 9.646473160924902, 10.20258444650902, 10.789754819549199], [2.5, 4.166666666666667, 5.002777006601211, 5.7397251192408545, 7.433034373659253, 2.6352313834736494, 6.670832032063167, 0.3999999999999999, 4.351755712098023, 0.0, 2.1666666666666665, 4.333333333333333, 6.5, 5.168178542237531, 7.001115982470223, 2.2482091638556327, 6.527633568147036, 9.024486984793947, 1.7000000000000002, 4.6548660322052, 9.072666187043337, 4.335580163282179, 2.125, 3.034809622438357, 4.826323940410318, 6.838539683294965, 3.461855635991259, 7.0384657419071095, 5.852943229217625, 7.520804478245662, 3.8000000000000007, 5.763486599080264, 4.25, 4.77042392712057, 6.069619244876714, 7.766112283504533, 5.266350201462532, 8.080222769206305, 7.455539513975125, 8.825566554051926, 5.9, 7.320367325331276, 6.375, 6.733132216468383, 7.708333333333333, 9.104428867315072, 7.232181167838957, 9.479451460923254, 8.0, 9.098229375970787, 9.523363084774434, 10.63014581273465, 8.5, 8.771798244627178, 9.54084785424114, 10.700467279516348, 9.257129384665877, 11.10180165558726, 11.66909543172624, 12.17730221809836], [3.3082388735465345, 2.758824226207808, 3.3082388735465345, 3.9051248379533274, 5.441609239104837, 1.5, 4.585605497399202, 2.203280382621432, 2.203280382621432, 2.1666666666666665, 0.0, 2.1666666666666665, 4.333333333333334, 3.0026030373660793, 4.834949442456572, 0.6000000000000001, 4.374674591072779, 6.879816790801849, 2.7539870087646463, 2.7539870087646463, 6.959848085769963, 2.549456770454665, 3.034809622438357, 2.125, 3.034809622438357, 4.826323940410318, 2.7, 5.1056613457786035, 4.069705149024927, 5.560900206900958, 4.374293593763963, 4.374293593763963, 4.77042392712057, 4.25, 4.77042392712057, 6.069619244876715, 4.800000000000001, 6.466666666666668, 6.155536126122565, 7.228536235719588, 6.285256116057996, 6.285256116057996, 6.733132216468383, 6.375, 6.733132216468383, 7.708333333333334, 6.9, 8.147869523855778, 8.288211172770904, 8.288211172770904, 8.54400374531753, 9.346716595206635, 8.771798244627178, 8.5, 8.771798244627178, 9.540847854241141, 9.0, 9.988882709181132, 10.561830942651724, 11.11468519263136], [5.002777006601211, 2.692582403567252, 2.5, 2.63523138347365, 3.655285366576885, 2.6352313834736494, 2.63523138347365, 4.351755712098023, 0.3999999999999999, 4.333333333333333, 2.1666666666666665, 0.0, 2.166666666666667, 0.8426561840065291, 2.6695947466068914, 2.2482091638556327, 2.248209163855633, 4.7551321432923, 4.6548660322052, 1.7000000000000002, 4.894342438097382, 1.8950179908056866, 4.826323940410318, 3.034809622438357, 2.125, 3.0348096224383574, 3.461855635991259, 3.461855635991259, 2.873489941594445, 3.830614978187068, 5.763486599080264, 3.8000000000000007, 6.069619244876714, 4.77042392712057, 4.25, 4.770423927120571, 5.266350201462532, 5.266350201462532, 5.439215885074286, 6.000144674181708, 7.320367325331276, 5.9, 7.708333333333333, 6.733132216468383, 6.375, 6.733132216468383, 7.232181167838957, 7.232181167838957, 9.098229375970787, 8.0, 8.043285674675769, 8.432740427115679, 9.54084785424114, 8.771798244627178, 8.5, 8.771798244627178, 9.257129384665877, 9.257129384665877, 9.814562976336006, 10.400704468476318], [6.96419413859206, 4.034572812303401, 3.308238873546535, 2.833333333333333, 2.5495097567963922, 4.585605497399202, 1.5, 6.512296062065975, 2.203280382621432, 6.5, 4.333333333333334, 2.166666666666667, 0.0, 1.3391798899990162, 0.5153882032022076, 4.374674591072779, 0.6000000000000001, 2.698068422822722, 6.71863081289633, 2.7539870087646467, 2.976336559365411, 3.1735383147878022, 6.838539683294965, 4.826323940410318, 3.0348096224383574, 2.125, 5.1056613457786035, 2.7, 3.056186803482041, 2.7950849718747373, 7.529276193632427, 4.374293593763963, 7.766112283504533, 6.069619244876715, 4.770423927120571, 4.25, 6.466666666666668, 4.800000000000001, 5.537905992139788, 5.398205720422296, 8.778382538941898, 6.285256116057996, 9.104428867315072, 7.708333333333334, 6.733132216468383, 6.375, 8.147869523855778, 6.9, 10.307764064044152, 8.288211172770904, 8.110350040397625, 8.0156097709407, 10.700467279516348, 9.540847854241141, 8.771798244627178, 8.5, 9.988882709181132, 9.0, 9.512513277818037, 10.109498941033458], [5.795262672601169, 3.2018332422396876, 2.7541004782767904, 2.625, 3.2018332422396876, 3.4118360159890457, 2.1019997092715728, 5.1932715550454756, 0.9849210346238145, 5.168178542237531, 3.0026030373660793, 0.8426561840065291, 1.3391798899990162, 0.0, 1.833333333333333, 3.0373713964545073, 1.4154161147089492, 3.9165107046039473, 5.401395138706707, 1.78187245459501, 4.07590458101846, 2.127344741259649, 5.540256712864887, 3.6055512754639896, 2.166666666666667, 2.403700850309326, 3.953558523659414, 2.899724603781845, 2.625, 3.2018332422396876, 6.340352470048053, 3.768297950593139, 6.611359122332143, 5.100551440775791, 4.208333333333334, 4.335135843059335, 5.5547839741973775, 4.861419831466707, 5.25, 5.560900206900957, 7.748875366428631, 5.8348152879456645, 8.109065571596055, 6.932712311931024, 6.305310812675648, 6.390639856679281, 7.409495596867576, 6.90495494393539, 9.418602308434327, 7.918968963472735, 7.875, 8.085588173479472, 9.840481159193612, 8.896101674329042, 8.416357255038811, 8.480471848769842, 9.368330961275866, 8.974597638767866, 9.518805765504178, 10.112155176381348], [7.47600327715284, 4.509442254253229, 3.741889377187828, 3.2018332422396876, 2.625, 5.099189750451646, 1.7001838135919305, 7.019659892046053, 2.7178550570461097, 7.001115982470223, 4.834949442456572, 2.6695947466068914, 0.5153882032022076, 1.833333333333333, 0.0, 4.856617764567345, 0.6896557112066861, 2.1932889550251478, 7.175, 3.0970528105137496, 2.50677020701244, 3.528927664029255, 7.280109889280518, 5.230784942158406, 3.3333333333333335, 2.0615528128088303, 5.476471136700267, 2.6230945465232476, 3.2018332422396876, 2.625, 7.906049898653563, 4.540565615769815, 8.125, 6.354269124857013, 4.911897404375535, 4.155192534648665, 6.724339083591125, 4.701661940207952, 5.560900206900957, 5.25, 9.074724513724922, 6.36095402523168, 9.38416218956173, 7.900861415764177, 6.795116710632064, 6.269968101992227, 8.32236361324781, 6.79342513022702, 10.536395256443258, 8.314248980582137, 8.085588173479472, 7.875, 10.915155747858114, 9.669629574658542, 8.78929667897899, 8.389912097274918, 10.105777363029086, 8.889073348780514, 9.386824998910027, 9.982300171201079], [3.782121685568095, 3.3122667632772447, 3.782121685568095, 4.313930922024599, 5.742047640964948, 2.1, 4.8153689139854885, 2.3863035105460586, 2.3863035105460586, 2.2482091638556327, 0.6000000000000001, 2.2482091638556327, 4.374674591072779, 3.0373713964545073, 4.856617764567345, 0.0, 4.333333333333334, 6.807952857758687, 2.429906262481013, 2.429906262481013, 6.832842910159106, 2.154096646708725, 2.6495413649242097, 1.525, 2.6495413649242097, 4.59384400886423, 2.1, 4.8153689139854885, 3.6908671067921155, 5.289953791018511, 3.8645108933013046, 3.8645108933013046, 4.244637139314083, 3.65, 4.244637139314083, 5.665710703678558, 4.200000000000001, 6.034714390737791, 5.6392042878406174, 6.794242865184547, 5.725770205347439, 5.725770205347439, 6.1680685343504775, 5.775, 6.1680685343504775, 7.2200001923668795, 6.300000000000001, 7.6464225476871075, 7.710670816760657, 7.710670816760657, 7.984985911070852, 8.838614773317769, 8.191730247294796, 7.9, 8.191730247294796, 9.010426059725354, 8.4, 9.451866364786257, 10.025051042445222, 10.572132873417546], [7.201388754955532, 4.431453235427153, 3.782121685568095, 3.3745781629379663, 3.1400636936215167, 4.8153689139854885, 2.1, 6.576473218982953, 2.386303510546059, 6.527633568147036, 4.374674591072779, 2.248209163855633, 0.6000000000000001, 1.4154161147089492, 0.6896557112066861, 4.333333333333334, 0.0, 2.509166445794045, 6.592419889539804, 2.429906262481013, 2.6658649951809013, 2.865614763775976, 6.6764979592597795, 4.59384400886423, 2.64954136492421, 1.525, 4.8153689139854885, 2.1, 2.5298770281928284, 2.2073740054644113, 7.244998274671983, 3.8645108933013046, 7.45469650623015, 5.665710703678558, 4.244637139314083, 3.65, 6.034714390737791, 4.200000000000001, 4.957661018845256, 4.801106643264655, 8.386894538504702, 5.725770205347439, 8.69486198855393, 7.2200001923668795, 6.1680685343504775, 5.775, 7.6464225476871075, 6.300000000000001, 9.849365461794989, 7.710670816760657, 7.519160709665527, 7.416872656315464, 10.230347012687302, 9.010426059725354, 8.191730247294796, 7.9, 9.451866364786257, 8.4, 8.912759640153048, 9.50977052302808], [9.658671544874856, 6.686007193179978, 5.870251474445665, 5.239458970732587, 4.113804886835078, 7.276058100292698, 3.5900857396542794, 9.082793438497044, 4.8648795471071224, 9.024486984793947, 6.879816790801849, 4.7551321432923, 2.698068422822722, 3.9165107046039473, 2.1932889550251478, 6.807952857758687, 2.509166445794045, 0.0, 8.973535383617465, 4.657709055156936, 0.6423787447316439, 5.086181852510509, 9.011004675762546, 6.862122048091112, 4.729494859715013, 2.652623822205515, 6.969607072718977, 2.919437769045339, 4.124006776493516, 2.5453668170859847, 9.34727435756886, 5.342420263992774, 9.486110646335176, 7.4750791922759765, 5.581774946732431, 3.9780023969363443, 7.721568712556024, 4.423835159898946, 5.6971095904723095, 4.682789556109645, 10.150799897066934, 6.648958934431038, 10.382949249727298, 8.584646111442007, 6.998253459533238, 5.800331283463938, 8.915706591031011, 6.2799297891447665, 11.29273833863708, 8.28829629938385, 7.854166631740041, 7.152579522109257, 11.604146890241944, 10.027299675715067, 8.707820703928627, 7.777816719737584, 10.400818460678154, 8.25376997445516, 8.670511947186332, 9.241400592209008], [4.2, 5.362006258026105, 6.03471439073779, 6.658411555652327, 8.16333265278342, 3.864510893301304, 7.244998274671983, 2.1, 4.815368913985488, 1.7000000000000002, 2.7539870087646463, 4.6548660322052, 6.71863081289633, 5.401395138706707, 7.175, 2.429906262481013, 6.592419889539804, 8.973535383617465, 0.0, 4.333333333333333, 8.900561752249914, 3.9240789848390856, 0.4249999999999998, 2.207955942595876, 4.354124800436682, 6.513879412454608, 2.3863035105460586, 6.576473218982953, 5.272280763051646, 7.078311945654839, 2.1000000000000005, 4.815368913985488, 2.55, 3.34618356406884, 5.027949659431544, 6.982299048307799, 3.782121685568095, 7.201388754955532, 6.340352470048053, 7.906049898653562, 4.2, 6.03471439073779, 4.675, 5.15267594987735, 6.374433526030197, 8.006598840956128, 5.633333333333334, 8.324061508662703, 6.3, 7.646422547687106, 8.14766496883889, 9.417536832951598, 6.8, 7.13683714571409, 8.063360203896249, 9.406912352095134, 7.61475176512304, 9.774456506629921, 10.33090923225466, 10.808285150889809], [6.03471439073779, 4.317406628984581, 4.2, 4.281873940746557, 4.97504885514817, 3.864510893301304, 3.8645108933013046, 4.815368913985488, 2.1, 4.6548660322052, 2.7539870087646463, 1.7000000000000002, 2.7539870087646467, 1.78187245459501, 3.0970528105137496, 2.429906262481013, 2.429906262481013, 4.657709055156936, 4.333333333333333, 0.0, 4.567418928175475, 0.43844465156624085, 4.354124800436682, 2.207955942595876, 0.4249999999999998, 2.2079559425958766, 2.3863035105460586, 2.386303510546059, 1.3405015645065264, 2.865939830336832, 4.815368913985488, 2.1000000000000005, 5.027949659431544, 3.34618356406884, 2.55, 3.34618356406884, 3.782121685568095, 3.7821216855680952, 3.768297950593138, 4.540565615769814, 6.03471439073779, 4.2, 6.374433526030197, 5.15267594987735, 4.675, 5.15267594987735, 5.633333333333334, 5.633333333333334, 7.646422547687106, 6.3, 6.354875643507467, 6.841133759188685, 8.063360203896249, 7.13683714571409, 6.8, 7.13683714571409, 7.61475176512304, 7.61475176512304, 8.178358257426478, 8.758252795656514], [9.867228663622017, 7.009819748410813, 6.245279630252393, 5.664472561517616, 4.664455822213761, 7.481232734797554, 4.0482017204958805, 9.158662593572764, 5.0519715619499035, 9.072666187043337, 6.959848085769963, 4.894342438097382, 2.976336559365411, 4.07590458101846, 2.50677020701244, 6.832842910159106, 2.6658649951809013, 0.6423787447316439, 8.900561752249914, 4.567418928175475, 0.0, 4.979948251147746, 8.90785083208277, 6.743591037578868, 4.5816069895266285, 2.4279855888644306, 6.799017667105787, 2.5779323449687217, 3.862770625723019, 2.1428708836853714, 9.131204658111608, 5.002021058348383, 9.242163770013812, 7.179401422627952, 5.201817693037452, 3.4587423617337523, 7.388202774716033, 3.873581569806037, 5.197138218320727, 4.084255669951117, 9.816200767660785, 6.164342111763894, 10.025798015962328, 8.163506568402482, 6.492914755078469, 5.2021085561500735, 8.471389451738526, 5.673053250291774, 10.869990640001916, 7.732917474897221, 7.2719147694201745, 6.523162050026749, 11.164538080995218, 9.52749306992499, 8.141758208263981, 7.154873732994036, 9.887534487713902, 7.627740961998587, 8.03820790694509, 8.606885595968839], [5.856242661181591, 4.389213705519316, 4.369143616302232, 4.524456822678527, 5.329019079536886, 3.7813652927290065, 4.227332384384341, 4.52072859094079, 2.287099653749437, 4.335580163282179, 2.549456770454665, 1.8950179908056866, 3.1735383147878022, 2.127344741259649, 3.528927664029255, 2.154096646708725, 2.865614763775976, 5.086181852510509, 3.9240789848390856, 0.43844465156624085, 4.979948251147746, 0.0, 3.9308785291596333, 1.7760294150659235, 0.49562470099814193, 2.5934332638779196, 1.9497541510836751, 2.7153557521395046, 1.5367926847977562, 3.207719839049817, 4.379475398442375, 1.993399758902688, 4.597565298043137, 2.973227394926544, 2.435455707460469, 3.5230238081725695, 3.43263020670364, 3.91849023821463, 3.7388658526257275, 4.680475688828711, 5.6374829180999075, 4.071246920182998, 5.987875861149156, 4.8535689755791, 4.544061527066293, 5.208526414612201, 5.3464342343547555, 5.670623831051536, 7.294012787086029, 6.164126894492503, 6.275169636895366, 6.877898573081709, 7.7202952007870165, 6.877894478651605, 6.663092061537671, 7.1328148770646855, 7.362456649012391, 7.601143566569167, 8.169677318960666, 8.741409560251428], [4.625, 5.701029390479505, 6.337854745714655, 6.934339870848879, 8.389912097274918, 4.223158704624353, 7.442487823302098, 2.525, 5.015316817288592, 2.125, 3.034809622438357, 4.826323940410318, 6.838539683294965, 5.540256712864887, 7.280109889280518, 2.6495413649242097, 6.6764979592597795, 9.011004675762546, 0.4249999999999998, 4.354124800436682, 8.90785083208277, 3.9308785291596333, 0.0, 2.1666666666666665, 4.333333333333333, 6.5, 2.2416666666666667, 6.525383130514253, 5.204331796152552, 7.027846398435298, 1.6750000000000007, 4.6457940954994745, 2.125, 3.034809622438357, 4.826323940410318, 6.838539683294965, 3.4423929822791073, 7.028913500677043, 6.103846692409996, 7.7176745202165655, 3.7750000000000004, 5.7470342593182595, 4.25, 4.77042392712057, 6.069619244876714, 7.766112283504533, 5.243574109750376, 8.06539676643375, 5.875, 7.300233063250636, 7.8236864357184235, 9.13868836321712, 6.375, 6.733132216468383, 7.708333333333333, 9.104428867315072, 7.208333333333333, 9.46126973508313, 10.013530092213841, 10.481184930672466], [5.107354446721359, 4.769877997508019, 5.107354446721359, 5.512769267799987, 6.689673841908222, 3.625, 5.649637402327497, 3.3271713878976, 3.3271713878976, 3.034809622438357, 2.125, 3.034809622438357, 4.826323940410318, 3.6055512754639896, 5.230784942158406, 1.525, 4.59384400886423, 6.862122048091112, 2.207955942595876, 2.207955942595876, 6.743591037578868, 1.7760294150659235, 2.1666666666666665, 0.0, 2.1666666666666665, 4.333333333333334, 0.5750000000000002, 4.37131590917172, 3.064412668032816, 4.873575290391144, 2.738625466259387, 2.738625466259387, 3.034809622438357, 2.125, 3.034809622438357, 4.826323940410318, 2.6750000000000007, 5.092484931521917, 4.422951503238534, 5.824397918335518, 4.352593415935429, 4.352593415935429, 4.77042392712057, 4.25, 4.77042392712057, 6.069619244876715, 4.775, 6.4481317277004955, 6.26179442687513, 6.26179442687513, 6.596637400979381, 7.6076761307978344, 6.733132216468383, 6.375, 6.733132216468383, 7.708333333333334, 6.875, 8.126709221928504, 8.69800376949179, 9.225224938794238], [6.337854745714655, 4.731873307686925, 4.625, 4.699475443540954, 5.338701725242863, 4.223158704624353, 4.223158704624353, 5.015316817288592, 2.525, 4.826323940410318, 3.034809622438357, 2.125, 3.0348096224383574, 2.166666666666667, 3.3333333333333335, 2.6495413649242097, 2.64954136492421, 4.729494859715013, 4.354124800436682, 0.4249999999999998, 4.5816069895266285, 0.49562470099814193, 4.333333333333333, 2.1666666666666665, 0.0, 2.166666666666667, 2.2416666666666667, 2.241666666666667, 1.0416666666666672, 2.7389297382574664, 4.6457940954994745, 1.6750000000000007, 4.826323940410318, 3.034809622438357, 2.125, 3.0348096224383574, 3.4423929822791073, 3.4423929822791077, 3.355137023199566, 4.203999418543146, 5.7470342593182595, 3.7750000000000004, 6.069619244876714, 4.77042392712057, 4.25, 4.770423927120571, 5.243574109750376, 5.2435741097503765, 7.300233063250636, 5.875, 5.933807331254061, 6.451878494757253, 7.708333333333333, 6.733132216468383, 6.375, 6.733132216468383, 7.208333333333333, 7.208333333333333, 7.773586246347528, 8.351239529592934], [7.977507442804425, 5.605212108188037, 5.107354446721359, 4.813356705852764, 4.651948516482099, 5.649637402327497, 3.625, 6.973207655017883, 3.3271713878976006, 6.838539683294965, 4.826323940410318, 3.0348096224383574, 2.125, 2.403700850309326, 2.0615528128088303, 4.59384400886423, 1.525, 2.652623822205515, 6.513879412454608, 2.2079559425958766, 2.4279855888644306, 2.5934332638779196, 6.5, 4.333333333333334, 2.166666666666667, 0.0, 4.37131590917172, 0.5750000000000002, 1.4725497539226906, 0.8003905296791061, 6.712348694756553, 2.7386254662593874, 6.838539683294965, 4.826323940410318, 3.0348096224383574, 2.125, 5.092484931521917, 2.6750000000000007, 3.5128731513929985, 3.2882366094914763, 7.5166897634530585, 4.352593415935429, 7.766112283504533, 6.069619244876715, 4.770423927120571, 4.25, 6.4481317277004955, 4.775, 8.761599454437528, 6.26179442687513, 6.024400615644495, 5.896238207535378, 9.104428867315072, 7.708333333333334, 6.733132216468383, 6.375, 8.126709221928504, 6.875, 7.388565867176284, 7.985644437289263], [5.633333333333334, 5.329269284912437, 5.633333333333334, 6.003332407921454, 7.099373994311831, 4.2, 6.034714390737791, 3.782121685568095, 3.782121685568095, 3.461855635991259, 2.7, 3.461855635991259, 5.1056613457786035, 3.953558523659414, 5.476471136700267, 2.1, 4.8153689139854885, 6.969607072718977, 2.3863035105460586, 2.3863035105460586, 6.799017667105787, 1.9497541510836751, 2.2416666666666667, 0.5750000000000002, 2.2416666666666667, 4.37131590917172, 0.0, 4.333333333333334, 3.0004166377355, 4.8335919471042565, 2.429906262481013, 2.429906262481013, 2.664009092410242, 1.5499999999999998, 2.664009092410242, 4.602203578480398, 2.1000000000000005, 4.8153689139854885, 4.019406050649772, 5.524195517096685, 3.864510893301304, 3.864510893301304, 4.26615394054697, 3.675, 4.26615394054697, 5.681848535272458, 4.2, 6.034714390737791, 5.725770205347438, 5.725770205347438, 6.090155991434045, 7.172942988140302, 6.191481603335703, 5.8, 6.191481603335703, 7.240012277460432, 6.3, 7.646422547687107, 8.21550137254569, 8.732592768464352], [8.324061508662703, 6.088331280225952, 5.633333333333334, 5.368219237119305, 5.223983154643591, 6.034714390737791, 4.2, 7.201388754955532, 3.782121685568095, 7.0384657419071095, 5.1056613457786035, 3.461855635991259, 2.7, 2.899724603781845, 2.6230945465232476, 4.8153689139854885, 2.1, 2.919437769045339, 6.576473218982953, 2.386303510546059, 2.5779323449687217, 2.7153557521395046, 6.525383130514253, 4.37131590917172, 2.241666666666667, 0.5750000000000002, 4.333333333333334, 0.0, 1.3342705039750287, 0.5024937810560445, 6.592419889539804, 2.4299062624810133, 6.682252614201292, 4.602203578480398, 2.6640090924102426, 1.5499999999999998, 4.8153689139854885, 2.1000000000000005, 2.98887985335272, 2.7213278009089605, 7.244998274671983, 3.8645108933013046, 7.466968929893842, 5.681848535272458, 4.26615394054697, 3.675, 6.034714390737791, 4.2, 8.386894538504702, 5.725770205347438, 5.465142063823938, 5.323532661682466, 8.711486669908874, 7.240012277460432, 6.191481603335703, 5.8, 7.646422547687107, 6.3, 6.813963516325075, 7.411067289351359], [7.36593133584915, 5.560900206900957, 5.315726144605687, 5.25, 5.560900206900957, 5.202163011671203, 4.454242671630922, 6.051193637989487, 3.2583653024859633, 5.852943229217625, 4.069705149024927, 2.873489941594445, 3.056186803482041, 2.625, 3.2018332422396876, 3.6908671067921155, 2.5298770281928284, 4.124006776493516, 5.272280763051646, 1.3405015645065264, 3.862770625723019, 1.5367926847977562, 5.204331796152552, 3.064412668032816, 1.0416666666666672, 1.4725497539226906, 3.0004166377355, 1.3342705039750287, 0.0, 1.833333333333333, 5.272280763051646, 1.340501564506527, 5.380004130522991, 3.354101966249685, 1.715938356831167, 2.0069324297987157, 3.6335244598048337, 2.4454606473582396, 2.625, 3.2018332422396876, 6.0511936379894875, 3.258365302485964, 6.3115029465607035, 4.7053825561796785, 3.7195523177453014, 3.8624348250524276, 5.120790954530365, 4.358930806720586, 7.36593133584915, 5.315726144605687, 5.25, 5.560900206900957, 7.730261602587873, 6.485560885536423, 5.810072671184453, 5.902565355654927, 6.932712311931024, 6.390639856679281, 6.945002246200552, 7.533278570417801], [8.75, 6.403666484479375, 5.888430275643171, 5.560900206900957, 5.25, 6.43611770488321, 4.2793106921559225, 7.676099269811458, 4.12717955886476, 7.520804478245662, 5.560900206900958, 3.830614978187068, 2.7950849718747373, 3.2018332422396876, 2.625, 5.289953791018511, 2.2073740054644113, 2.5453668170859847, 7.078311945654839, 2.865939830336832, 2.1428708836853714, 3.207719839049817, 7.027846398435298, 4.873575290391144, 2.7389297382574664, 0.8003905296791061, 4.8335919471042565, 0.5024937810560445, 1.833333333333333, 0.0, 7.078311945654839, 2.8659398303368326, 7.158910531638177, 5.060742150229659, 3.05959329178097, 1.5811388300841898, 5.250105819039376, 2.11009478460092, 3.2018332422396876, 2.625, 7.676099269811458, 4.12717955886476, 7.882932512713781, 6.041666666666667, 4.500192897100202, 3.659320292076112, 6.370526753033153, 4.1800119617053735, 8.75, 5.888430275643171, 5.560900206900957, 5.25, 9.058835465996719, 7.511565157216644, 6.338265623268807, 5.771698190307598, 7.900861415764177, 6.269968101992227, 6.762978379271767, 7.358051400762368], [6.300000000000001, 7.127489818380039, 7.646422547687107, 8.14766496883889, 9.417536832951598, 5.725770205347439, 8.386894538504702, 4.200000000000001, 6.034714390737791, 3.8000000000000007, 4.374293593763963, 5.763486599080264, 7.529276193632427, 6.340352470048053, 7.906049898653563, 3.8645108933013046, 7.244998274671983, 9.34727435756886, 2.1000000000000005, 4.815368913985488, 9.131204658111608, 4.379475398442375, 1.6750000000000007, 2.738625466259387, 4.6457940954994745, 6.712348694756553, 2.429906262481013, 6.592419889539804, 5.272280763051646, 7.078311945654839, 0.0, 4.333333333333333, 0.4499999999999993, 2.2129040748402184, 4.356636062121528, 6.515558303015943, 2.3863035105460586, 6.576473218982953, 5.4013951387067065, 7.175, 2.0999999999999996, 4.815368913985488, 2.5749999999999993, 3.3652740519078743, 5.040674833569189, 6.991468014659009, 3.7821216855680944, 7.201388754955532, 4.199999999999999, 6.03471439073779, 6.658411555652327, 8.16333265278342, 4.699999999999999, 5.175369015291995, 6.392791078846373, 8.02122185206219, 5.633333333333333, 8.324061508662703, 8.851016888683054, 9.26969313783283], [7.646422547687107, 6.378871373526826, 6.300000000000001, 6.354875643507468, 6.841133759188686, 5.725770205347439, 5.725770205347439, 6.034714390737791, 4.200000000000001, 5.763486599080264, 4.374293593763963, 3.8000000000000007, 4.374293593763963, 3.768297950593139, 4.540565615769815, 3.8645108933013046, 3.8645108933013046, 5.342420263992774, 4.815368913985488, 2.1000000000000005, 5.002021058348383, 1.993399758902688, 4.6457940954994745, 2.738625466259387, 1.6750000000000007, 2.7386254662593874, 2.429906262481013, 2.4299062624810133, 1.340501564506527, 2.8659398303368326, 4.333333333333333, 0.0, 4.356636062121528, 2.2129040748402184, 0.4499999999999993, 2.212904074840219, 2.3863035105460586, 2.386303510546059, 1.7818724545950093, 3.0970528105137487, 4.815368913985488, 2.0999999999999996, 5.040674833569189, 3.3652740519078743, 2.5749999999999993, 3.3652740519078743, 3.7821216855680944, 3.7821216855680944, 6.03471439073779, 4.199999999999999, 4.281873940746556, 4.975048855148169, 6.392791078846373, 5.175369015291995, 4.699999999999999, 5.175369015291995, 5.633333333333333, 5.633333333333333, 6.204704520400948, 6.768690789160418], [6.75, 7.52818777071289, 8.021239167222094, 8.50040848691664, 9.724325169388361, 6.1446679686085925, 8.678277478854891, 4.65, 6.356121284067648, 4.25, 4.77042392712057, 6.069619244876714, 7.766112283504533, 6.611359122332143, 8.125, 4.244637139314083, 7.45469650623015, 9.486110646335176, 2.55, 5.027949659431544, 9.242163770013812, 4.597565298043137, 2.125, 3.034809622438357, 4.826323940410318, 6.838539683294965, 2.664009092410242, 6.682252614201292, 5.380004130522991, 7.158910531638177, 0.4499999999999993, 4.356636062121528, 0.0, 2.1666666666666665, 4.333333333333333, 6.5, 2.235384630090411, 6.523227728663166, 5.2877281931321365, 7.0898254562436165, 1.6500000000000004, 4.636839201199215, 2.125, 3.034809622438357, 4.826323940410318, 6.838539683294965, 3.42300225598004, 7.019437299385187, 3.75, 5.730643748984731, 6.384116575098268, 7.941190087134295, 4.25, 4.77042392712057, 6.069619244876714, 7.766112283504533, 5.220818369225695, 8.050621094052309, 8.567673641112277, 8.969673115058761], [7.089213245801289, 6.850081102520693, 7.089213245801289, 7.386643351347079, 8.302024518821366, 5.75, 7.200019290097616, 5.1300043318153685, 5.1300043318153685, 4.77042392712057, 4.25, 4.77042392712057, 6.069619244876715, 5.100551440775791, 6.354269124857013, 3.65, 5.665710703678558, 7.4750791922759765, 3.34618356406884, 3.34618356406884, 7.179401422627952, 2.973227394926544, 3.034809622438357, 2.125, 3.034809622438357, 4.826323940410318, 1.5499999999999998, 4.602203578480398, 3.354101966249685, 5.060742150229659, 2.2129040748402184, 2.2129040748402184, 2.1666666666666665, 0.0, 2.1666666666666665, 4.333333333333334, 0.5500000000000007, 4.368097729879425, 3.2040014044940746, 4.962533235265142, 2.7234067717556343, 2.7234067717556343, 3.034809622438357, 2.125, 3.034809622438357, 4.826323940410318, 2.6500000000000004, 5.079397383329816, 4.330928820062094, 4.330928820062094, 4.802343178074637, 6.117484050744318, 4.77042392712057, 4.25, 4.77042392712057, 6.069619244876715, 4.75, 6.429640563653445, 6.984949268751444, 7.463549652236763], [8.021239167222094, 6.823672031978091, 6.75, 6.801245800913568, 7.257658789934335, 6.1446679686085925, 6.1446679686085925, 6.356121284067648, 4.65, 6.069619244876714, 4.77042392712057, 4.25, 4.770423927120571, 4.208333333333334, 4.911897404375535, 4.244637139314083, 4.244637139314083, 5.581774946732431, 5.027949659431544, 2.55, 5.201817693037452, 2.435455707460469, 4.826323940410318, 3.034809622438357, 2.125, 3.0348096224383574, 2.664009092410242, 2.6640090924102426, 1.715938356831167, 3.05959329178097, 4.356636062121528, 0.4499999999999993, 4.333333333333333, 2.1666666666666665, 0.0, 2.166666666666667, 2.235384630090411, 2.2353846300904117, 1.4000248013676206, 2.8942591644687097, 4.636839201199215, 1.6500000000000004, 4.826323940410318, 3.034809622438357, 2.125, 3.0348096224383574, 3.42300225598004, 3.4230022559800406, 5.730643748984731, 3.75, 3.84147685720537, 4.601479230759508, 6.069619244876714, 4.77042392712057, 4.25, 4.770423927120571, 5.220818369225695, 5.220818369225695, 5.793348758908048, 6.3516139618751986], [9.370832406995657, 7.4558887986461935, 7.089213245801289, 6.880427150822671, 6.768493185340442, 7.200019290097616, 5.75, 7.9920272772307275, 5.1300043318153685, 7.766112283504533, 6.069619244876715, 4.770423927120571, 4.25, 4.335135843059335, 4.155192534648665, 5.665710703678558, 3.65, 3.9780023969363443, 6.982299048307799, 3.34618356406884, 3.4587423617337523, 3.5230238081725695, 6.838539683294965, 4.826323940410318, 3.0348096224383574, 2.125, 4.602203578480398, 1.5499999999999998, 2.0069324297987157, 1.5811388300841898, 6.515558303015943, 2.212904074840219, 6.5, 4.333333333333334, 2.166666666666667, 0.0, 4.368097729879425, 0.5500000000000007, 1.7445351179548598, 1.231107225224513, 6.706153890271234, 2.7234067717556343, 6.838539683294965, 4.826323940410318, 3.0348096224383574, 2.125, 5.079397383329816, 2.6500000000000004, 7.504165509901817, 4.330928820062095, 3.979984645419851, 3.783186487605389, 7.766112283504533, 6.069619244876715, 4.770423927120571, 4.25, 6.429640563653445, 4.75, 5.26546790765459, 5.862620175216991], [7.6147517651230405, 7.392638981521492, 7.6147517651230405, 7.892401408950258, 8.755062027827737, 6.300000000000001, 7.6464225476871075, 5.633333333333334, 5.633333333333334, 5.266350201462532, 4.800000000000001, 5.266350201462532, 6.466666666666668, 5.5547839741973775, 6.724339083591125, 4.200000000000001, 6.034714390737791, 7.721568712556024, 3.782121685568095, 3.782121685568095, 7.388202774716033, 3.43263020670364, 3.4423929822791073, 2.6750000000000007, 3.4423929822791073, 5.092484931521917, 2.1000000000000005, 4.8153689139854885, 3.6335244598048337, 5.250105819039376, 2.3863035105460586, 2.3863035105460586, 2.235384630090411, 0.5500000000000007, 2.235384630090411, 4.368097729879425, 0.0, 4.333333333333334, 3.0546071760539033, 4.8674157528519295, 2.4299062624810124, 2.4299062624810124, 2.678632009896925, 1.5749999999999993, 2.678632009896925, 4.610683547780933, 2.0999999999999996, 4.8153689139854885, 3.8645108933013033, 3.8645108933013033, 4.386342439892261, 5.796646540122238, 4.287708530724125, 3.6999999999999993, 4.287708530724125, 5.698050348827902, 4.199999999999999, 6.03471439073779, 6.5808264831226335, 7.0403380193337215], [9.774456506629923, 7.957246871737598, 7.6147517651230405, 7.420766657009085, 7.317103251970687, 7.6464225476871075, 6.300000000000001, 8.324061508662703, 5.633333333333335, 8.080222769206305, 6.466666666666668, 5.266350201462532, 4.800000000000001, 4.861419831466707, 4.701661940207952, 6.034714390737791, 4.200000000000001, 4.423835159898946, 7.201388754955532, 3.7821216855680952, 3.873581569806037, 3.91849023821463, 7.028913500677043, 5.092484931521917, 3.4423929822791077, 2.6750000000000007, 4.8153689139854885, 2.1000000000000005, 2.4454606473582396, 2.11009478460092, 6.576473218982953, 2.386303510546059, 6.523227728663166, 4.368097729879425, 2.2353846300904117, 0.5500000000000007, 4.333333333333334, 0.0, 1.4520340139878873, 0.7619