totalHoles = 70;
zeroHoleID = 59;
C = [[0.0, 0.5, 2.666666666666667, 4.333333333333333, 4.833333333333334, 7.0, 0.8755578578826188, 2.761831398476582, 4.886482648450838, 7.036803362500618, 2.3863035105460586, 6.576473218982953, 1.5219744577357401, 3.029441757339314, 5.042570511268148, 7.146076283527905, 2.213462008370598, 3.429362210909065, 5.292497064109825, 7.324576032952351, 2.918154382482188, 3.9213181598935725, 5.623765296588321, 7.567405433832655, 3.6283658942422, 4.4750586782310595, 6.022968551604027, 7.868610999566569, 5.070381382214864, 6.477558750108803, 8.221779384658774, 5.694259185672102, 6.976717542914512, 8.620526466666638, 6.338265623268807, 7.511565157216644, 9.058835465996719, 10.692953665561747, 6.996844837039844, 8.075013168633914, 9.53125, 7.666242062517405, 8.66148182247767, 10.032953515789854, 8.343854035972292, 9.266601328082002, 10.559772206941776, 9.027831196423154, 9.886947765165502, 11.108133281519446, 9.716829481554727, 10.519827715966223, 11.675001672912085, 11.856707985549038, 10.409851937521067, 11.163109663579908, 12.257810010356662, 11.106145266185344, 11.815094695922294, 12.854390361370701, 11.5, 11.805130711309854, 12.289335937217185, 12.47441826744282, 13.46291201783626, 13.537084459070732, 12.686388155990043, 14.089002803605371, 15.343528489284122, 13.009606221792941], [0.5, 0.0, 2.166666666666667, 3.833333333333333, 4.333333333333334, 6.5, 0.71875, 2.2827715625844927, 4.392536777339238, 6.539617845294938, 1.9436506316151, 6.082762530298219, 1.4375, 2.6001635899389957, 4.565543125168985, 6.657056875977552, 2.15625, 3.0567725638235577, 4.8401644435161275, 6.848314687753477, 2.875, 3.600009645048808, 5.200327179877991, 7.10743448791475, 3.59375, 4.196365511599823, 5.629637363123648, 7.427317083745651, 4.826189044623558, 6.113545127647115, 7.800490769816986, 5.477948613025176, 6.640124572647548, 8.219700515377674, 6.1446679686085925, 7.200019290097616, 8.678277478854891, 10.29854442542133, 6.821962401460773, 7.786045487940447, 9.170317691470672, 7.506970140772137, 8.392731023199646, 9.690725269555422, 8.197757834124184, 9.015906323841092, 10.235174110023728, 8.892978659844205, 9.652378089247115, 10.800028935146424, 9.591668702939257, 10.29968163781181, 11.382252152474043, 11.581977709653989, 10.293121523349681, 10.955897226050352, 11.979311593326221, 10.996808446405913, 11.619515021732955, 12.589096534799468, 11.510864433221338, 11.702326454361305, 12.122064363978788, 12.289335937217185, 13.209844813622906, 13.328193258923257, 12.610621625351296, 13.865424623862047, 15.063167920457818, 12.907689607489164], [2.666666666666667, 2.166666666666667, 0.0, 1.666666666666666, 2.166666666666667, 4.333333333333333, 2.2827715625844927, 0.71875, 2.2827715625844927, 4.392536777339237, 1.1180339887498951, 3.9616214413349042, 2.6001635899389957, 1.4375, 2.6001635899389957, 4.565543125168984, 3.0567725638235577, 2.15625, 3.0567725638235577, 4.840164443516127, 3.600009645048808, 2.875, 3.600009645048808, 5.20032717987799, 4.196365511599823, 3.59375, 4.196365511599823, 5.629637363123647, 4.3125, 4.826189044623558, 6.113545127647114, 5.03125, 5.477948613025176, 6.640124572647547, 5.75, 6.1446679686085925, 7.200019290097615, 8.715565665927944, 6.46875, 6.821962401460773, 7.786045487940446, 7.1875, 7.506970140772137, 8.392731023199646, 7.90625, 8.197757834124184, 9.01590632384109, 8.625, 8.892978659844205, 9.652378089247113, 9.34375, 9.591668702939257, 10.29968163781181, 10.58377438494908, 10.0625, 10.293121523349681, 10.95589722605035, 10.78125, 10.996808446405913, 11.619515021732955, 11.805130711309854, 11.5, 11.620145342368906, 11.702326454361305, 12.289335937217185, 12.613492492994228, 12.509996003196804, 13.07457243830346, 13.990562457274907, 12.686218858619728], [4.333333333333333, 3.833333333333333, 1.666666666666666, 0.0, 0.5000000000000009, 2.666666666666667, 3.900134101148888, 1.8150425174848592, 0.8755578578826192, 2.761831398476582, 2.3863035105460586, 2.386303510546059, 4.094001794631317, 2.2009507099837053, 1.5219744577357404, 3.029441757339314, 4.398165356935144, 2.7252874784649372, 2.213462008370598, 3.429362210909065, 4.791666666666666, 3.323161563598402, 2.918154382482188, 3.9213181598935725, 5.2544727144542716, 3.9614160145430035, 3.6283658942422, 4.4750586782310595, 4.6233574410570695, 4.341388746703064, 5.070381382214864, 5.300118332667467, 5.056033678932528, 5.694259185672102, 5.986675018553937, 5.771698190307598, 6.338265623268807, 7.693955344220323, 6.680007809896466, 6.4880448952284535, 6.996844837039844, 7.378206694568659, 7.204870314585822, 7.666242062517405, 8.080010324268018, 7.922044500159034, 8.343854035972292, 8.784554785404765, 8.639480597813737, 9.027831196423154, 9.491229732773187, 9.357118363176774, 9.716829481554727, 10.069023037976562, 10.199592346156672, 10.07491470187217, 10.409851937521067, 10.90931388036286, 10.792837975365886, 11.106145266185344, 12.289335937217185, 11.620145342368906, 11.5, 11.510864433221338, 11.805130711309854, 12.297443874838322, 12.686388155990043, 12.686388155990043, 13.347398330724612, 12.76592360359012], [4.833333333333334, 4.333333333333334, 2.166666666666667, 0.5000000000000009, 0.0, 2.166666666666666, 4.392536777339238, 2.2827715625844927, 0.71875, 2.2827715625844918, 2.8480012484391777, 1.9436506316150997, 4.565543125168985, 2.6001635899389957, 1.4375, 2.6001635899389948, 4.8401644435161275, 3.0567725638235577, 2.15625, 3.056772563823557, 5.200327179877991, 3.600009645048808, 2.875, 3.6000096450488077, 5.629637363123648, 4.196365511599823, 3.59375, 4.196365511599823, 4.826189044623558, 4.3125, 4.826189044623557, 5.477948613025176, 5.03125, 5.477948613025175, 6.1446679686085925, 5.75, 6.1446679686085925, 7.433104422831428, 6.821962401460773, 6.46875, 6.821962401460773, 7.506970140772137, 7.1875, 7.506970140772137, 8.197757834124184, 7.90625, 8.197757834124184, 8.892978659844205, 8.625, 8.892978659844205, 9.591668702939257, 9.34375, 9.591668702939257, 9.9638969126028, 10.293121523349681, 10.0625, 10.293121523349681, 10.996808446405913, 10.78125, 10.996808446405913, 12.47441826744282, 11.702326454361305, 11.510864433221338, 11.5, 11.702326454361305, 12.245347650570194, 12.781279713358561, 12.610621625351296, 13.189447935027436, 12.832019940103072], [7.0, 6.5, 4.333333333333333, 2.666666666666667, 2.166666666666666, 0.0, 6.539617845294938, 4.392536777339237, 2.2827715625844918, 0.71875, 4.935697631653617, 1.118033988749895, 6.657056875977552, 4.565543125168984, 2.6001635899389948, 1.4375, 6.848314687753477, 4.840164443516127, 3.056772563823557, 2.15625, 7.10743448791475, 5.20032717987799, 3.6000096450488077, 2.875, 7.427317083745651, 5.629637363123647, 4.196365511599823, 3.59375, 6.113545127647114, 4.826189044623557, 4.3125, 6.640124572647547, 5.477948613025175, 5.03125, 7.200019290097615, 6.1446679686085925, 5.75, 6.627962487312309, 7.786045487940446, 6.821962401460773, 6.46875, 8.392731023199646, 7.506970140772137, 7.1875, 9.01590632384109, 8.197757834124184, 7.90625, 9.652378089247113, 8.892978659844205, 8.625, 10.29968163781181, 9.591668702939257, 9.34375, 9.794441894632682, 10.95589722605035, 10.293121523349681, 10.0625, 11.619515021732955, 10.996808446405913, 10.78125, 13.46291201783626, 12.289335937217185, 11.805130711309854, 11.702326454361305, 11.5, 12.255030566453806, 13.401906995316416, 12.509996003196804, 12.711259759739702, 13.33304959289118], [0.8755578578826188, 0.71875, 2.2827715625844927, 3.900134101148888, 4.392536777339238, 6.539617845294938, 0.0, 2.166666666666667, 4.333333333333334, 6.5, 1.6902305583197155, 6.006588179865505, 0.71875, 2.2827715625844927, 4.392536777339238, 6.539617845294938, 1.4375, 2.6001635899389957, 4.565543125168985, 6.657056875977552, 2.15625, 3.0567725638235577, 4.8401644435161275, 6.848314687753477, 2.875, 3.600009645048808, 5.200327179877991, 7.10743448791475, 4.196365511599823, 5.629637363123648, 7.427317083745651, 4.826189044623558, 6.113545127647115, 7.800490769816986, 5.477948613025176, 6.640124572647548, 8.219700515377674, 9.864379907391664, 6.1446679686085925, 7.200019290097616, 8.678277478854891, 6.821962401460773, 7.786045487940447, 9.170317691470672, 7.506970140772137, 8.392731023199646, 9.690725269555422, 8.197757834124184, 9.015906323841092, 10.235174110023728, 8.892978659844205, 9.652378089247115, 10.800028935146424, 10.981183181547763, 9.591668702939257, 10.29968163781181, 11.382252152474043, 10.293121523349681, 10.955897226050352, 11.979311593326221, 10.792837975365886, 10.996808446405913, 11.442455855582072, 11.619515021732955, 12.589096534799468, 12.67347069121573, 11.898555766994487, 13.221113854834622, 14.46797110332221, 12.202109435347337], [2.761831398476582, 2.2827715625844927, 0.71875, 1.8150425174848592, 2.2827715625844927, 4.392536777339237, 2.166666666666667, 0.0, 2.166666666666667, 4.333333333333333, 0.5736737422089322, 3.843637080545514, 2.2827715625844927, 0.71875, 2.2827715625844927, 4.392536777339237, 2.6001635899389957, 1.4375, 2.6001635899389957, 4.565543125168984, 3.0567725638235577, 2.15625, 3.0567725638235577, 4.840164443516127, 3.600009645048808, 2.875, 3.600009645048808, 5.20032717987799, 3.59375, 4.196365511599823, 5.629637363123647, 4.3125, 4.826189044623558, 6.113545127647114, 5.03125, 5.477948613025176, 6.640124572647547, 8.197991129055803, 5.75, 6.1446679686085925, 7.200019290097615, 6.46875, 6.821962401460773, 7.786045487940446, 7.1875, 7.506970140772137, 8.392731023199646, 7.90625, 8.197757834124184, 9.01590632384109, 8.625, 8.892978659844205, 9.652378089247113, 9.922724254522539, 9.34375, 9.591668702939257, 10.29968163781181, 10.0625, 10.293121523349681, 10.95589722605035, 11.106145266185344, 10.78125, 10.90931388036286, 10.996808446405913, 11.619515021732955, 11.919577034640051, 11.79185530620606, 12.389200781605908, 13.347621432958272, 11.967588420300373], [4.886482648450838, 4.392536777339238, 2.2827715625844927, 0.8755578578826192, 0.71875, 2.2827715625844918, 4.333333333333334, 2.166666666666667, 0.0, 2.166666666666666, 2.681457192201866, 1.690230558319715, 4.392536777339238, 2.2827715625844927, 0.71875, 2.2827715625844918, 4.565543125168985, 2.6001635899389957, 1.4375, 2.6001635899389948, 4.8401644435161275, 3.0567725638235577, 2.15625, 3.056772563823557, 5.200327179877991, 3.600009645048808, 2.875, 3.6000096450488077, 4.196365511599823, 3.59375, 4.196365511599823, 4.826189044623558, 4.3125, 4.826189044623557, 5.477948613025176, 5.03125, 5.477948613025175, 6.8188719767782535, 6.1446679686085925, 5.75, 6.1446679686085925, 6.821962401460773, 6.46875, 6.821962401460773, 7.506970140772137, 7.1875, 7.506970140772137, 8.197757834124184, 7.90625, 8.197757834124184, 8.892978659844205, 8.625, 8.892978659844205, 9.258694188964293, 9.591668702939257, 9.34375, 9.591668702939257, 10.293121523349681, 10.0625, 10.293121523349681, 11.815094695922294, 10.996808446405913, 10.792837975365886, 10.78125, 10.996808446405913, 11.529295854353888, 12.079278234795783, 11.898555766994487, 12.505386714430564, 12.122036108348777], [7.036803362500618, 6.539617845294938, 4.392536777339237, 2.761831398476582, 2.2827715625844918, 0.71875, 6.5, 4.333333333333333, 2.166666666666666, 0.0, 4.841509338379006, 0.5736737422089319, 6.539617845294938, 4.392536777339237, 2.2827715625844918, 0.71875, 6.657056875977552, 4.565543125168984, 2.6001635899389948, 1.4375, 6.848314687753477, 4.840164443516127, 3.056772563823557, 2.15625, 7.10743448791475, 5.20032717987799, 3.6000096450488077, 2.875, 5.629637363123647, 4.196365511599823, 3.59375, 6.113545127647114, 4.826189044623557, 4.3125, 6.640124572647547, 5.477948613025175, 5.03125, 5.930924077089067, 7.200019290097615, 6.1446679686085925, 5.75, 7.786045487940446, 6.821962401460773, 6.46875, 8.392731023199646, 7.506970140772137, 7.1875, 9.01590632384109, 8.197757834124184, 7.90625, 9.652378089247113, 8.892978659844205, 8.625, 9.076082217957337, 10.29968163781181, 9.591668702939257, 9.34375, 10.95589722605035, 10.293121523349681, 10.0625, 12.854390361370701, 11.619515021732955, 11.106145266185344, 10.996808446405913, 10.78125, 11.539579628331955, 12.73416517379962, 11.79185530620606, 11.999970196889441, 12.651214768369258], [2.3863035105460586, 1.9436506316151, 1.1180339887498951, 2.3863035105460586, 2.8480012484391777, 4.935697631653617, 1.6902305583197155, 0.5736737422089322, 2.681457192201866, 4.841509338379006, 0.0, 4.333333333333334, 1.7231320401460177, 0.664384113295916, 2.7023170356401773, 4.853093586683768, 2.0284703202851593, 1.2597277731716485, 2.9065486704356274, 4.9697107736377495, 2.508665537248395, 1.940521837032503, 3.2598674990114422, 5.1842777810521605, 3.0830693862249965, 2.64150318237552, 3.720033625333394, 5.485312222071878, 3.350023320814349, 4.252501306420859, 5.859502313431672, 4.062139407073568, 4.833434355984481, 6.293813444455683, 4.7762432936357, 5.4473489984680725, 6.776696179637325, 8.377075512069744, 5.49155957470189, 6.084269691064912, 7.298516128201069, 6.2076691479169535, 6.737675219325365, 7.851513698715116, 6.924325892280057, 7.403202021666781, 8.429555158702689, 7.6413758577889626, 8.077854672566913, 9.027831196423154, 8.35871784800157, 8.759524825788846, 9.642576168929708, 9.88483200864619, 9.076282622858326, 9.446693461794508, 10.270833333333334, 9.794021215134261, 10.138242583091564, 10.910268680175164, 10.721214690716927, 10.51189802081432, 10.721214690716927, 10.833333333333334, 11.559027256266468, 11.795817197396016, 11.5, 12.289335937217185, 13.338685319688667, 11.706683095786907], [6.576473218982953, 6.082762530298219, 3.9616214413349042, 2.386303510546059, 1.9436506316150997, 1.118033988749895, 6.006588179865505, 3.843637080545514, 1.690230558319715, 0.5736737422089319, 4.333333333333334, 0.0, 6.01592937541657, 3.8582185908064415, 1.7231320401460173, 0.6643841132959156, 6.110393936768725, 4.003917894630763, 2.0284703202851593, 1.2597277731716483, 6.286145480340079, 4.26732579544197, 2.5086655372483944, 1.940521837032503, 6.536630558820041, 4.628388867299769, 3.083069386224996, 2.64150318237552, 5.066270886405942, 3.7081577673796153, 3.350023320814349, 5.562860865323206, 4.3621960456033815, 4.062139407073568, 6.103846692409996, 5.0339127701796516, 4.7762432936357, 5.814710883414789, 6.678448248429005, 5.7170800536880515, 5.49155957470189, 7.278708724385421, 6.408036674971343, 6.2076691479169535, 7.898780507581183, 7.104510316712742, 6.924325892280057, 8.534346456785338, 7.805024200973228, 7.6413758577889626, 9.182189744660281, 8.508580483269684, 8.35871784800157, 8.79155175732103, 9.839885705354735, 9.21448229841361, 9.076282622858326, 10.505584039307116, 9.92222905098838, 9.794021215134261, 12.349089035228468, 11.17785509140481, 10.721214690716927, 10.631452289211374, 10.51189802081432, 11.220229558032477, 12.289335937217185, 11.5, 11.807941375744223, 12.228784006987219], [1.5219744577357401, 1.4375, 2.6001635899389957, 4.094001794631317, 4.565543125168985, 6.657056875977552, 0.71875, 2.2827715625844927, 4.392536777339238, 6.539617845294938, 1.7231320401460177, 6.01592937541657, 0.0, 2.166666666666667, 4.333333333333334, 6.5, 0.71875, 2.2827715625844927, 4.392536777339238, 6.539617845294938, 1.4375, 2.6001635899389957, 4.565543125168985, 6.657056875977552, 2.15625, 3.0567725638235577, 4.8401644435161275, 6.848314687753477, 3.600009645048808, 5.200327179877991, 7.10743448791475, 4.196365511599823, 5.629637363123648, 7.427317083745651, 4.826189044623558, 6.113545127647115, 7.800490769816986, 9.464944149720484, 5.477948613025176, 6.640124572647548, 8.219700515377674, 6.1446679686085925, 7.200019290097616, 8.678277478854891, 6.821962401460773, 7.786045487940447, 9.170317691470672, 7.506970140772137, 8.392731023199646, 9.690725269555422, 8.197757834124184, 9.015906323841092, 10.235174110023728, 10.395372219958888, 8.892978659844205, 9.652378089247115, 10.800028935146424, 9.591668702939257, 10.29968163781181, 11.382252152474043, 10.07491470187217, 10.293121523349681, 10.767931588492027, 10.955897226050352, 11.979311593326221, 12.026062792951022, 11.187344815807625, 12.584868145912376, 13.884471578645815, 11.498160786234523], [3.029441757339314, 2.6001635899389957, 1.4375, 2.2009507099837053, 2.6001635899389957, 4.565543125168984, 2.2827715625844927, 0.71875, 2.2827715625844927, 4.392536777339237, 0.664384113295916, 3.8582185908064415, 2.166666666666667, 0.0, 2.166666666666667, 4.333333333333333, 2.2827715625844927, 0.71875, 2.2827715625844927, 4.392536777339237, 2.6001635899389957, 1.4375, 2.6001635899389957, 4.565543125168984, 3.0567725638235577, 2.15625, 3.0567725638235577, 4.840164443516127, 2.875, 3.600009645048808, 5.20032717987799, 3.59375, 4.196365511599823, 5.629637363123647, 4.3125, 4.826189044623558, 6.113545127647114, 7.712732029057749, 5.03125, 5.477948613025176, 6.640124572647547, 5.75, 6.1446679686085925, 7.200019290097615, 6.46875, 6.821962401460773, 7.786045487940446, 7.1875, 7.506970140772137, 8.392731023199646, 7.90625, 8.197757834124184, 9.01590632384109, 9.270266239762233, 8.625, 8.892978659844205, 9.652378089247113, 9.34375, 9.591668702939257, 10.29968163781181, 10.409851937521067, 10.0625, 10.199592346156672, 10.293121523349681, 10.95589722605035, 11.228786382490998, 11.073793670192703, 11.707832877797857, 12.712803038245498, 11.248973259440898], [5.042570511268148, 4.565543125168985, 2.6001635899389957, 1.5219744577357404, 1.4375, 2.6001635899389948, 4.392536777339238, 2.2827715625844927, 0.71875, 2.2827715625844918, 2.7023170356401773, 1.7231320401460173, 4.333333333333334, 2.166666666666667, 0.0, 2.166666666666666, 4.392536777339238, 2.2827715625844927, 0.71875, 2.2827715625844918, 4.565543125168985, 2.6001635899389957, 1.4375, 2.6001635899389948, 4.8401644435161275, 3.0567725638235577, 2.15625, 3.056772563823557, 3.600009645048808, 2.875, 3.6000096450488077, 4.196365511599823, 3.59375, 4.196365511599823, 4.826189044623558, 4.3125, 4.826189044623557, 6.2270532224855275, 5.477948613025176, 5.03125, 5.477948613025175, 6.1446679686085925, 5.75, 6.1446679686085925, 6.821962401460773, 6.46875, 6.821962401460773, 7.506970140772137, 7.1875, 7.506970140772137, 8.197757834124184, 7.90625, 8.197757834124184, 8.555746467114762, 8.892978659844205, 8.625, 8.892978659844205, 9.591668702939257, 9.34375, 9.591668702939257, 11.163109663579908, 10.293121523349681, 10.07491470187217, 10.0625, 10.293121523349681, 10.813602074984937, 11.37936805631627, 11.187344815807625, 11.825441220060815, 11.413149705756966], [7.146076283527905, 6.657056875977552, 4.565543125168984, 3.029441757339314, 2.6001635899389948, 1.4375, 6.539617845294938, 4.392536777339237, 2.2827715625844918, 0.71875, 4.853093586683768, 0.6643841132959156, 6.5, 4.333333333333333, 2.166666666666666, 0.0, 6.539617845294938, 4.392536777339237, 2.2827715625844918, 0.71875, 6.657056875977552, 4.565543125168984, 2.6001635899389948, 1.4375, 6.848314687753477, 4.840164443516127, 3.056772563823557, 2.15625, 5.20032717987799, 3.6000096450488077, 2.875, 5.629637363123647, 4.196365511599823, 3.59375, 6.113545127647114, 4.826189044623557, 4.3125, 5.239755453088477, 6.640124572647547, 5.477948613025175, 5.03125, 7.200019290097615, 6.1446679686085925, 5.75, 7.786045487940446, 6.821962401460773, 6.46875, 8.392731023199646, 7.506970140772137, 7.1875, 9.01590632384109, 8.197757834124184, 7.90625, 8.357789657074827, 9.652378089247113, 8.892978659844205, 8.625, 10.29968163781181, 9.591668702939257, 9.34375, 12.257810010356662, 10.95589722605035, 10.409851937521067, 10.293121523349681, 10.0625, 10.824565808267355, 12.072283021910607, 11.073793670192703, 11.289625675720686, 11.973698756412457], [2.213462008370598, 2.15625, 3.0567725638235577, 4.398165356935144, 4.8401644435161275, 6.848314687753477, 1.4375, 2.6001635899389957, 4.565543125168985, 6.657056875977552, 2.0284703202851593, 6.110393936768725, 0.71875, 2.2827715625844927, 4.392536777339238, 6.539617845294938, 0.0, 2.166666666666667, 4.333333333333334, 6.5, 0.71875, 2.2827715625844927, 4.392536777339238, 6.539617845294938, 1.4375, 2.6001635899389957, 4.565543125168985, 6.657056875977552, 3.0567725638235577, 4.8401644435161275, 6.848314687753477, 3.600009645048808, 5.200327179877991, 7.10743448791475, 4.196365511599823, 5.629637363123648, 7.427317083745651, 9.104809041506781, 4.826189044623558, 6.113545127647115, 7.800490769816986, 5.477948613025176, 6.640124572647548, 8.219700515377674, 6.1446679686085925, 7.200019290097616, 8.678277478854891, 6.821962401460773, 7.786045487940447, 9.170317691470672, 7.506970140772137, 8.392731023199646, 9.690725269555422, 9.827224747673096, 8.197757834124184, 9.015906323841092, 10.235174110023728, 8.892978659844205, 9.652378089247115, 10.800028935146424, 9.357118363176774, 9.591668702939257, 10.099510310254871, 10.29968163781181, 11.382252152474043, 11.387217235299312, 10.477162871707101, 11.957974914779676, 13.314207348350873, 10.796162808378265], [3.429362210909065, 3.0567725638235577, 2.15625, 2.7252874784649372, 3.0567725638235577, 4.840164443516127, 2.6001635899389957, 1.4375, 2.6001635899389957, 4.565543125168984, 1.2597277731716485, 4.003917894630763, 2.2827715625844927, 0.71875, 2.2827715625844927, 4.392536777339237, 2.166666666666667, 0.0, 2.166666666666667, 4.333333333333333, 2.2827715625844927, 0.71875, 2.2827715625844927, 4.392536777339237, 2.6001635899389957, 1.4375, 2.6001635899389957, 4.565543125168984, 2.15625, 3.0567725638235577, 4.840164443516127, 2.875, 3.600009645048808, 5.20032717987799, 3.59375, 4.196365511599823, 5.629637363123647, 7.266265566095757, 4.3125, 4.826189044623558, 6.113545127647114, 5.03125, 5.477948613025176, 6.640124572647547, 5.75, 6.1446679686085925, 7.200019290097615, 6.46875, 6.821962401460773, 7.786045487940446, 7.1875, 7.506970140772137, 8.392731023199646, 8.628349715088106, 7.90625, 8.197757834124184, 9.01590632384109, 8.625, 8.892978659844205, 9.652378089247113, 9.716829481554727, 9.34375, 9.491229732773187, 9.591668702939257, 10.29968163781181, 10.541734851888092, 10.355827541172168, 11.03121065463553, 12.087387119881656, 10.53037650374027], [5.292497064109825, 4.8401644435161275, 3.0567725638235577, 2.213462008370598, 2.15625, 3.056772563823557, 4.565543125168985, 2.6001635899389957, 1.4375, 2.6001635899389948, 2.9065486704356274, 2.0284703202851593, 4.392536777339238, 2.2827715625844927, 0.71875, 2.2827715625844918, 4.333333333333334, 2.166666666666667, 0.0, 2.166666666666666, 4.392536777339238, 2.2827715625844927, 0.71875, 2.2827715625844918, 4.565543125168985, 2.6001635899389957, 1.4375, 2.6001635899389948, 3.0567725638235577, 2.15625, 3.056772563823557, 3.600009645048808, 2.875, 3.6000096450488077, 4.196365511599823, 3.59375, 4.196365511599823, 5.664677551338913, 4.826189044623558, 4.3125, 4.826189044623557, 5.477948613025176, 5.03125, 5.477948613025175, 6.1446679686085925, 5.75, 6.1446679686085925, 6.821962401460773, 6.46875, 6.821962401460773, 7.506970140772137, 7.1875, 7.506970140772137, 7.855659123162888, 8.197757834124184, 7.90625, 8.197757834124184, 8.892978659844205, 8.625, 8.892978659844205, 10.519827715966223, 9.591668702939257, 9.357118363176774, 9.34375, 9.591668702939257, 10.098342433291482, 10.681960268303337, 10.477162871707101, 11.150364404169506, 10.705578738439558], [7.324576032952351, 6.848314687753477, 4.840164443516127, 3.429362210909065, 3.056772563823557, 2.15625, 6.657056875977552, 4.565543125168984, 2.6001635899389948, 1.4375, 4.9697107736377495, 1.2597277731716483, 6.539617845294938, 4.392536777339237, 2.2827715625844918, 0.71875, 6.5, 4.333333333333333, 2.166666666666666, 0.0, 6.539617845294938, 4.392536777339237, 2.2827715625844918, 0.71875, 6.657056875977552, 4.565543125168984, 2.6001635899389948, 1.4375, 4.840164443516127, 3.056772563823557, 2.15625, 5.20032717987799, 3.6000096450488077, 2.875, 5.629637363123647, 4.196365511599823, 3.59375, 4.557128167294185, 6.113545127647114, 4.826189044623557, 4.3125, 6.640124572647547, 5.477948613025175, 5.03125, 7.200019290097615, 6.1446679686085925, 5.75, 7.786045487940446, 6.821962401460773, 6.46875, 8.392731023199646, 7.506970140772137, 7.1875, 7.6395831431886725, 9.01590632384109, 8.197757834124184, 7.90625, 9.652378089247113, 8.892978659844205, 8.625, 11.675001672912085, 10.29968163781181, 9.716829481554727, 9.591668702939257, 9.34375, 10.110081849392095, 11.417279674844227, 10.355827541172168, 10.580416541637135, 11.301278327172637], [2.918154382482188, 2.875, 3.600009645048808, 4.791666666666666, 5.200327179877991, 7.10743448791475, 2.15625, 3.0567725638235577, 4.8401644435161275, 6.848314687753477, 2.508665537248395, 6.286145480340079, 1.4375, 2.6001635899389957, 4.565543125168985, 6.657056875977552, 0.71875, 2.2827715625844927, 4.392536777339238, 6.539617845294938, 0.0, 2.166666666666667, 4.333333333333334, 6.5, 0.71875, 2.2827715625844927, 4.392536777339238, 6.539617845294938, 2.6001635899389957, 4.565543125168985, 6.657056875977552, 3.0567725638235577, 4.8401644435161275, 6.848314687753477, 3.600009645048808, 5.200327179877991, 7.10743448791475, 8.788807127948552, 4.196365511599823, 5.629637363123648, 7.427317083745651, 4.826189044623558, 6.113545127647115, 7.800490769816986, 5.477948613025176, 6.640124572647548, 8.219700515377674, 6.1446679686085925, 7.200019290097616, 8.678277478854891, 6.821962401460773, 7.786045487940447, 9.170317691470672, 9.279985561199119, 7.506970140772137, 8.392731023199646, 9.690725269555422, 8.197757834124184, 9.015906323841092, 10.235174110023728, 8.639480597813737, 8.892978659844205, 9.438488726721268, 9.652378089247115, 10.800028935146424, 10.75845944142536, 9.768234373610094, 11.341985055535913, 12.758953199088761, 10.096522392830058], [3.9213181598935725, 3.600009645048808, 2.875, 3.323161563598402, 3.600009645048808, 5.20032717987799, 3.0567725638235577, 2.15625, 3.0567725638235577, 4.840164443516127, 1.940521837032503, 4.26732579544197, 2.6001635899389957, 1.4375, 2.6001635899389957, 4.565543125168984, 2.2827715625844927, 0.71875, 2.2827715625844927, 4.392536777339237, 2.166666666666667, 0.0, 2.166666666666667, 4.333333333333333, 2.2827715625844927, 0.71875, 2.2827715625844927, 4.392536777339237, 1.4375, 2.6001635899389957, 4.565543125168984, 2.15625, 3.0567725638235577, 4.840164443516127, 2.875, 3.600009645048808, 5.20032717987799, 6.866163290150076, 3.59375, 4.196365511599823, 5.629637363123647, 4.3125, 4.826189044623558, 6.113545127647114, 5.03125, 5.477948613025176, 6.640124572647547, 5.75, 6.1446679686085925, 7.200019290097615, 6.46875, 6.821962401460773, 7.786045487940446, 7.999512771453431, 7.1875, 7.506970140772137, 8.392731023199646, 7.90625, 8.197757834124184, 9.01590632384109, 9.027831196423154, 8.625, 8.784554785404765, 8.892978659844205, 9.652378089247113, 9.859204170540787, 9.637978263100617, 10.36026396596363, 11.472911435530996, 9.811802197070318], [5.623765296588321, 5.200327179877991, 3.600009645048808, 2.918154382482188, 2.875, 3.6000096450488077, 4.8401644435161275, 3.0567725638235577, 2.15625, 3.056772563823557, 3.2598674990114422, 2.5086655372483944, 4.565543125168985, 2.6001635899389957, 1.4375, 2.6001635899389948, 4.392536777339238, 2.2827715625844927, 0.71875, 2.2827715625844918, 4.333333333333334, 2.166666666666667, 0.0, 2.166666666666666, 4.392536777339238, 2.2827715625844927, 0.71875, 2.2827715625844918, 2.6001635899389957, 1.4375, 2.6001635899389948, 3.0567725638235577, 2.15625, 3.056772563823557, 3.600009645048808, 2.875, 3.6000096450488077, 5.141415642662889, 4.196365511599823, 3.59375, 4.196365511599823, 4.826189044623558, 4.3125, 4.826189044623557, 5.477948613025176, 5.03125, 5.477948613025175, 6.1446679686085925, 5.75, 6.1446679686085925, 6.821962401460773, 6.46875, 6.821962401460773, 7.159271334019816, 7.506970140772137, 7.1875, 7.506970140772137, 8.197757834124184, 7.90625, 8.197757834124184, 9.886947765165502, 8.892978659844205, 8.639480597813737, 8.625, 8.892978659844205, 9.383616205328952, 9.98757909160729, 9.768234373610094, 10.481097068886793, 9.999602450539614], [7.567405433832655, 7.10743448791475, 5.20032717987799, 3.9213181598935725, 3.6000096450488077, 2.875, 6.848314687753477, 4.840164443516127, 3.056772563823557, 2.15625, 5.1842777810521605, 1.940521837032503, 6.657056875977552, 4.565543125168984, 2.6001635899389948, 1.4375, 6.539617845294938, 4.392536777339237, 2.2827715625844918, 0.71875, 6.5, 4.333333333333333, 2.166666666666666, 0.0, 6.539617845294938, 4.392536777339237, 2.2827715625844918, 0.71875, 4.565543125168984, 2.6001635899389948, 1.4375, 4.840164443516127, 3.056772563823557, 2.15625, 5.20032717987799, 3.6000096450488077, 2.875, 3.887544235519602, 5.629637363123647, 4.196365511599823, 3.59375, 6.113545127647114, 4.826189044623557, 4.3125, 6.640124572647547, 5.477948613025175, 5.03125, 7.200019290097615, 6.1446679686085925, 5.75, 7.786045487940446, 6.821962401460773, 6.46875, 6.921489462281805, 8.392731023199646, 7.506970140772137, 7.1875, 9.01590632384109, 8.197757834124184, 7.90625, 11.108133281519446, 9.652378089247113, 9.027831196423154, 8.892978659844205, 8.625, 9.396248623270047, 10.770410210902421, 9.637978263100617, 9.872587483340205, 10.634920068911224], [3.6283658942422, 3.59375, 4.196365511599823, 5.2544727144542716, 5.629637363123648, 7.427317083745651, 2.875, 3.600009645048808, 5.200327179877991, 7.10743448791475, 3.0830693862249965, 6.536630558820041, 2.15625, 3.0567725638235577, 4.8401644435161275, 6.848314687753477, 1.4375, 2.6001635899389957, 4.565543125168985, 6.657056875977552, 0.71875, 2.2827715625844927, 4.392536777339238, 6.539617845294938, 0.0, 2.166666666666667, 4.333333333333334, 6.5, 2.2827715625844927, 4.392536777339238, 6.539617845294938, 2.6001635899389957, 4.565543125168985, 6.657056875977552, 3.0567725638235577, 4.8401644435161275, 6.848314687753477, 8.521849383042094, 3.600009645048808, 5.200327179877991, 7.10743448791475, 4.196365511599823, 5.629637363123648, 7.427317083745651, 4.826189044623558, 6.113545127647115, 7.800490769816986, 5.477948613025176, 6.640124572647548, 8.219700515377674, 6.1446679686085925, 7.200019290097616, 8.678277478854891, 8.757575059104528, 6.821962401460773, 7.786045487940447, 9.170317691470672, 7.506970140772137, 8.392731023199646, 9.690725269555422, 7.922044500159034, 8.197757834124184, 8.786537060010868, 9.015906323841092, 10.235174110023728, 10.141665832923666, 9.060853538176069, 10.738775026161038, 12.220755266479822, 9.399765986333254], [4.4750586782310595, 4.196365511599823, 3.59375, 3.9614160145430035, 4.196365511599823, 5.629637363123647, 3.600009645048808, 2.875, 3.600009645048808, 5.20032717987799, 2.64150318237552, 4.628388867299769, 3.0567725638235577, 2.15625, 3.0567725638235577, 4.840164443516127, 2.6001635899389957, 1.4375, 2.6001635899389957, 4.565543125168984, 2.2827715625844927, 0.71875, 2.2827715625844927, 4.392536777339237, 2.166666666666667, 0.0, 2.166666666666667, 4.333333333333333, 0.71875, 2.2827715625844927, 4.392536777339237, 1.4375, 2.6001635899389957, 4.565543125168984, 2.15625, 3.0567725638235577, 4.840164443516127, 6.520964997757629, 2.875, 3.600009645048808, 5.20032717987799, 3.59375, 4.196365511599823, 5.629637363123647, 4.3125, 4.826189044623558, 6.113545127647114, 5.03125, 5.477948613025176, 6.640124572647547, 5.75, 6.1446679686085925, 7.200019290097615, 7.387096417431691, 6.46875, 6.821962401460773, 7.786045487940446, 7.1875, 7.506970140772137, 8.392731023199646, 8.343854035972292, 7.90625, 8.080010324268018, 8.197757834124184, 9.01590632384109, 9.182202523921243, 8.920274046378845, 9.696171074550223, 10.871231271304778, 9.093255661386776], [6.022968551604027, 5.629637363123648, 4.196365511599823, 3.6283658942422, 3.59375, 4.196365511599823, 5.200327179877991, 3.600009645048808, 2.875, 3.6000096450488077, 3.720033625333394, 3.083069386224996, 4.8401644435161275, 3.0567725638235577, 2.15625, 3.056772563823557, 4.565543125168985, 2.6001635899389957, 1.4375, 2.6001635899389948, 4.392536777339238, 2.2827715625844927, 0.71875, 2.2827715625844918, 4.333333333333334, 2.166666666666667, 0.0, 2.166666666666666, 2.2827715625844927, 0.71875, 2.2827715625844918, 2.6001635899389957, 1.4375, 2.6001635899389948, 3.0567725638235577, 2.15625, 3.056772563823557, 4.670432633664068, 3.600009645048808, 2.875, 3.6000096450488077, 4.196365511599823, 3.59375, 4.196365511599823, 4.826189044623558, 4.3125, 4.826189044623557, 5.477948613025176, 5.03125, 5.477948613025175, 6.1446679686085925, 5.75, 6.1446679686085925, 6.467778206919547, 6.821962401460773, 6.46875, 6.821962401460773, 7.506970140772137, 7.1875, 7.506970140772137, 9.266601328082002, 8.197757834124184, 7.922044500159034, 7.90625, 8.197757834124184, 8.669555317477876, 9.296902719379778, 9.060853538176069, 9.818827237205282, 9.295584184856088], [7.868610999566569, 7.427317083745651, 5.629637363123647, 4.4750586782310595, 4.196365511599823, 3.59375, 7.10743448791475, 5.20032717987799, 3.6000096450488077, 2.875, 5.485312222071878, 2.64150318237552, 6.848314687753477, 4.840164443516127, 3.056772563823557, 2.15625, 6.657056875977552, 4.565543125168984, 2.6001635899389948, 1.4375, 6.539617845294938, 4.392536777339237, 2.2827715625844918, 0.71875, 6.5, 4.333333333333333, 2.166666666666666, 0.0, 4.392536777339237, 2.2827715625844918, 0.71875, 4.565543125168984, 2.6001635899389948, 1.4375, 4.840164443516127, 3.056772563823557, 2.15625, 3.239102708791019, 5.20032717987799, 3.6000096450488077, 2.875, 5.629637363123647, 4.196365511599823, 3.59375, 6.113545127647114, 4.826189044623557, 4.3125, 6.640124572647547, 5.477948613025175, 5.03125, 7.200019290097615, 6.1446679686085925, 5.75, 6.203547797531961, 7.786045487940446, 6.821962401460773, 6.46875, 8.392731023199646, 7.506970140772137, 7.1875, 10.559772206941776, 9.01590632384109, 8.343854035972292, 8.197757834124184, 7.90625, 8.68322661826818, 10.133232464204653, 8.920274046378845, 9.166458212573852, 9.975838864027399], [5.070381382214864, 4.826189044623558, 4.3125, 4.6233574410570695, 4.826189044623558, 6.113545127647114, 4.196365511599823, 3.59375, 4.196365511599823, 5.629637363123647, 3.350023320814349, 5.066270886405942, 3.600009645048808, 2.875, 3.600009645048808, 5.20032717987799, 3.0567725638235577, 2.15625, 3.0567725638235577, 4.840164443516127, 2.6001635899389957, 1.4375, 2.6001635899389957, 4.565543125168984, 2.2827715625844927, 0.71875, 2.2827715625844927, 4.392536777339237, 0.0, 2.166666666666667, 4.333333333333333, 0.71875, 2.2827715625844927, 4.392536777339237, 1.4375, 2.6001635899389957, 4.565543125168984, 6.2397895639160605, 2.15625, 3.0567725638235577, 4.840164443516127, 2.875, 3.600009645048808, 5.20032717987799, 3.59375, 4.196365511599823, 5.629637363123647, 4.3125, 4.826189044623558, 6.113545127647114, 5.03125, 5.477948613025176, 6.640124572647547, 6.795541590279444, 5.75, 6.1446679686085925, 7.200019290097615, 6.46875, 6.821962401460773, 7.786045487940446, 7.666242062517405, 7.1875, 7.378206694568659, 7.506970140772137, 8.392731023199646, 8.512049261441245, 8.20275296775418, 9.040442505455385, 10.284592603786104, 8.374744044879904], [6.477558750108803, 6.113545127647115, 4.826189044623558, 4.341388746703064, 4.3125, 4.826189044623557, 5.629637363123648, 4.196365511599823, 3.59375, 4.196365511599823, 4.252501306420859, 3.7081577673796153, 5.200327179877991, 3.600009645048808, 2.875, 3.6000096450488077, 4.8401644435161275, 3.0567725638235577, 2.15625, 3.056772563823557, 4.565543125168985, 2.6001635899389957, 1.4375, 2.6001635899389948, 4.392536777339238, 2.2827715625844927, 0.71875, 2.2827715625844918, 2.166666666666667, 0.0, 2.166666666666666, 2.2827715625844927, 0.71875, 2.2827715625844918, 2.6001635899389957, 1.4375, 2.6001635899389948, 4.269066676168213, 3.0567725638235577, 2.15625, 3.056772563823557, 3.600009645048808, 2.875, 3.6000096450488077, 4.196365511599823, 3.59375, 4.196365511599823, 4.826189044623558, 4.3125, 4.826189044623557, 5.477948613025176, 5.03125, 5.477948613025175, 5.782935842518833, 6.1446679686085925, 5.75, 6.1446679686085925, 6.821962401460773, 6.46875, 6.821962401460773, 8.66148182247767, 7.506970140772137, 7.204870314585822, 7.1875, 7.506970140772137, 7.956338909429744, 8.61082268782206, 8.355413456423193, 9.165071957477544, 8.594005156599302], [8.221779384658774, 7.800490769816986, 6.113545127647114, 5.070381382214864, 4.826189044623557, 4.3125, 7.427317083745651, 5.629637363123647, 4.196365511599823, 3.59375, 5.859502313431672, 3.350023320814349, 7.10743448791475, 5.20032717987799, 3.6000096450488077, 2.875, 6.848314687753477, 4.840164443516127, 3.056772563823557, 2.15625, 6.657056875977552, 4.565543125168984, 2.6001635899389948, 1.4375, 6.539617845294938, 4.392536777339237, 2.2827715625844918, 0.71875, 4.333333333333333, 2.166666666666666, 0.0, 4.392536777339237, 2.2827715625844918, 0.71875, 4.565543125168984, 2.6001635899389948, 1.4375, 2.627503693255815, 4.840164443516127, 3.056772563823557, 2.15625, 5.20032717987799, 3.6000096450488077, 2.875, 5.629637363123647, 4.196365511599823, 3.59375, 6.113545127647114, 4.826189044623557, 4.3125, 6.640124572647547, 5.477948613025175, 5.03125, 5.4858178333817476, 7.200019290097615, 6.1446679686085925, 5.75, 7.786045487940446, 6.821962401460773, 6.46875, 10.032953515789854, 8.392731023199646, 7.666242062517405, 7.506970140772137, 7.1875, 7.971233527070815, 9.507695165554642, 8.20275296775418, 8.462454244161064, 9.325577748051229], [5.694259185672102, 5.477948613025176, 5.03125, 5.300118332667467, 5.477948613025176, 6.640124572647547, 4.826189044623558, 4.3125, 4.826189044623558, 6.113545127647114, 4.062139407073568, 5.562860865323206, 4.196365511599823, 3.59375, 4.196365511599823, 5.629637363123647, 3.600009645048808, 2.875, 3.600009645048808, 5.20032717987799, 3.0567725638235577, 2.15625, 3.0567725638235577, 4.840164443516127, 2.6001635899389957, 1.4375, 2.6001635899389957, 4.565543125168984, 0.71875, 2.2827715625844927, 4.392536777339237, 0.0, 2.166666666666667, 4.333333333333333, 0.71875, 2.2827715625844927, 4.392536777339237, 6.0315973196933, 1.4375, 2.6001635899389957, 4.565543125168984, 2.15625, 3.0567725638235577, 4.840164443516127, 2.875, 3.600009645048808, 5.20032717987799, 3.59375, 4.196365511599823, 5.629637363123647, 4.3125, 4.826189044623558, 6.113545127647114, 6.230792939506435, 5.03125, 5.477948613025176, 6.640124572647547, 5.75, 6.1446679686085925, 7.200019290097615, 6.996844837039844, 6.46875, 6.680007809896466, 6.821962401460773, 7.786045487940446, 7.850498404120544, 7.485467691634238, 8.395038475608343, 9.715720447939452, 7.656277178639771], [6.976717542914512, 6.640124572647548, 5.477948613025176, 5.056033678932528, 5.03125, 5.477948613025175, 6.113545127647115, 4.826189044623558, 4.3125, 4.826189044623557, 4.833434355984481, 4.3621960456033815, 5.629637363123648, 4.196365511599823, 3.59375, 4.196365511599823, 5.200327179877991, 3.600009645048808, 2.875, 3.6000096450488077, 4.8401644435161275, 3.0567725638235577, 2.15625, 3.056772563823557, 4.565543125168985, 2.6001635899389957, 1.4375, 2.6001635899389948, 2.2827715625844927, 0.71875, 2.2827715625844918, 2.166666666666667, 0.0, 2.166666666666666, 2.2827715625844927, 0.71875, 2.2827715625844918, 3.958550582037009, 2.6001635899389957, 1.4375, 2.6001635899389948, 3.0567725638235577, 2.15625, 3.056772563823557, 3.600009645048808, 2.875, 3.6000096450488077, 4.196365511599823, 3.59375, 4.196365511599823, 4.826189044623558, 4.3125, 4.826189044623557, 5.10742029878828, 5.477948613025176, 5.03125, 5.477948613025175, 6.1446679686085925, 5.75, 6.1446679686085925, 8.075013168633914, 6.821962401460773, 6.4880448952284535, 6.46875, 6.821962401460773, 7.244216410737773, 7.930531991840844, 7.652450871471033, 8.521791054842769, 7.895515629176105], [8.620526466666638, 8.219700515377674, 6.640124572647547, 5.694259185672102, 5.477948613025175, 5.03125, 7.800490769816986, 6.113545127647114, 4.826189044623557, 4.3125, 6.293813444455683, 4.062139407073568, 7.427317083745651, 5.629637363123647, 4.196365511599823, 3.59375, 7.10743448791475, 5.20032717987799, 3.6000096450488077, 2.875, 6.848314687753477, 4.840164443516127, 3.056772563823557, 2.15625, 6.657056875977552, 4.565543125168984, 2.6001635899389948, 1.4375, 4.392536777339237, 2.28277156258449