totalHoles = 70;
zeroHoleID = 61;
C = [[0.0, 3.3333333333333335, 5.166666666666667, 7.0, 3.467314253987443, 5.25410329830294, 7.064782871737346, 3.8413199828033937, 5.508091551855143, 7.255661796085423, 2.5, 3.3082388735465345, 5.002777006601211, 6.96419413859206, 4.394487949039297, 5.907186950451538, 7.56309547891209, 5.068493218680018, 6.4244032284048505, 7.973613509362879, 3.916666666666666, 4.4760163339985946, 5.841066302958352, 7.588825849746308, 8.844985530843916, 8.050621094052309, 5.821514985890342, 7.033730878010557, 8.472244426350949, 5.333333333333333, 5.7566386797235145, 6.871842709362767, 8.407998837086293, 6.626670657552939, 7.713371334054029, 9.044426620442115, 9.876347107041997, 7.467114926528661, 8.446368371040922, 9.677122207292621, 6.75, 7.089213245801289, 8.021239167222094, 9.370832406995657, 10.98564642948094, 8.332176228206409, 9.220005099305602, 10.359249470245267, 8.166666666666666, 8.449194570424384, 9.245118832239108, 10.437645541234117, 9.214924314359592, 10.024877228809784, 11.08168394280691, 9.789813246451411, 12.453847000188908, 10.854038277239642, 11.837047878560721, 9.583333333333334, 9.82520850782426, 10.517511851933211, 11.579735652327205, 10.5, 11.702326454361305, 12.619429464123963, 11.0, 11.211353372561426, 11.8227652339788, 12.776932339180638], [3.3333333333333335, 0.0, 1.8333333333333335, 3.6666666666666665, 0.9545454545454546, 2.0669465730648433, 3.7888786559136243, 1.9090909090909092, 2.646835697636834, 4.133893146129687, 4.166666666666667, 2.758824226207808, 2.692582403567252, 4.034572812303401, 2.8636363636363638, 3.400224159412377, 4.6524034291519625, 3.8181818181818183, 4.235519272510199, 5.293671395273668, 5.143091374736491, 4.086733278413075, 4.042310945211634, 5.036671078753858, 6.11200614503096, 5.708789519484649, 4.772727272727273, 5.112732804571918, 6.018585387304824, 6.289320754704403, 5.4594464513864, 5.426273532033235, 6.202598021976132, 5.7272727272727275, 6.013548370444284, 6.800448318824754, 7.57958033677087, 6.681818181818182, 6.928766508260121, 7.621754303263814, 7.52818777071289, 6.850081102520693, 6.823672031978091, 7.4558887986461935, 8.759110657530695, 7.636363636363637, 7.853353468289071, 8.471038545020399, 8.82074574826616, 8.249579113843053, 8.227663364798321, 8.759122228980607, 8.590909090909092, 8.784351434191121, 9.340672537494767, 8.726087248672318, 10.448716160962796, 9.719918394227905, 10.225465609143836, 10.146496384904934, 9.654086641878086, 9.63536599085773, 10.092970601143925, 11.016401913107162, 10.65885130354632, 11.121800413801914, 11.49395976637778, 11.061695670696745, 11.045361017187261, 11.446736555795184], [5.166666666666667, 1.8333333333333335, 0.0, 1.833333333333333, 2.0669465730648433, 0.9545454545454546, 2.0669465730648433, 2.646835697636834, 1.9090909090909092, 2.646835697636834, 5.7397251192408545, 3.9051248379533274, 2.63523138347365, 2.833333333333333, 3.400224159412377, 2.8636363636363638, 3.400224159412377, 4.235519272510199, 3.8181818181818183, 4.235519272510199, 6.483419022569976, 4.9335867052052285, 4.004337925577987, 4.137397195768802, 4.934208029760231, 4.9335867052052285, 5.112732804571918, 4.772727272727273, 5.112732804571918, 7.425556469981821, 6.119186583561939, 5.398044913567215, 5.497474167490214, 6.013548370444284, 5.7272727272727275, 6.013548370444283, 6.698623257828325, 6.928766508260121, 6.681818181818182, 6.92876650826012, 8.50040848691664, 7.386643351347079, 6.801245800913568, 6.880427150822671, 7.874955069942004, 7.853353468289071, 7.636363636363637, 7.853353468289071, 9.663792676216149, 8.700255424092123, 8.209073570683167, 8.274794391537604, 8.784351434191121, 8.590909090909092, 8.784351434191121, 8.647780425793615, 9.663873033319783, 9.545454545454547, 9.719918394227905, 10.887365256214299, 10.041925999417531, 9.619496983845996, 9.675642384645867, 11.702326454361305, 10.5, 10.65885130354632, 12.152960316089429, 11.40175425099138, 11.031520495581942, 11.080513425729775], [7.0, 3.6666666666666665, 1.833333333333333, 0.0, 3.7888786559136243, 2.0669465730648433, 0.9545454545454546, 4.133893146129687, 2.646835697636834, 1.9090909090909092, 7.433034373659253, 5.441609239104837, 3.655285366576885, 2.5495097567963922, 4.6524034291519625, 3.400224159412377, 2.8636363636363638, 5.293671395273668, 4.235519272510199, 3.8181818181818183, 8.021239167222094, 6.2210440352796805, 4.738289658609832, 3.9484525801607107, 4.249520074929247, 4.7762432936357, 6.018585387304824, 5.112732804571918, 4.772727272727273, 8.80025252162939, 7.197607627229728, 5.962847939999439, 5.3567195599960655, 6.800448318824754, 6.013548370444283, 5.7272727272727275, 6.246222157536165, 7.621754303263814, 6.92876650826012, 6.681818181818182, 9.724325169388361, 8.302024518821366, 7.257658789934335, 6.768493185340442, 7.350512731678314, 8.471038545020399, 7.853353468289071, 7.636363636363637, 10.756135200175034, 9.489760563657839, 8.591015979239915, 8.181958472422384, 9.340672537494767, 8.784351434191121, 8.590909090909092, 8.952420685840172, 9.182997158777068, 9.719918394227905, 9.545454545454547, 11.867614662508123, 10.733190992844994, 9.947431270880383, 9.596367947185945, 12.619429464123963, 10.65885130354632, 10.5, 13.038404810405298, 12.015036875145707, 11.31861789756643, 11.01135777277262], [3.467314253987443, 0.9545454545454546, 2.0669465730648433, 3.7888786559136243, 0.0, 1.8333333333333335, 3.6666666666666665, 0.9545454545454546, 2.0669465730648433, 3.7888786559136243, 3.6741721330358525, 1.9363731208569352, 1.840768793756053, 3.5236639354291284, 1.9090909090909092, 2.646835697636834, 4.133893146129687, 2.8636363636363638, 3.400224159412377, 4.6524034291519625, 4.459290659556691, 3.183594381577142, 3.126365633654905, 4.336120368840816, 5.504495320036355, 4.9430004030335, 3.818181818181819, 4.235519272510199, 5.293671395273668, 5.503171303760293, 4.531544372344904, 4.491523492916368, 5.403846876549837, 4.772727272727273, 5.112732804571918, 6.018585387304824, 6.81964568660041, 5.727272727272727, 6.0135483704442825, 6.8004483188247535, 6.685686539132751, 5.911717559182007, 5.8810962743717905, 6.604170740237379, 7.9880176301114805, 6.681818181818182, 6.928766508260121, 7.621754303263814, 7.945174855812793, 7.305874587579494, 7.281118896043981, 7.876704269940983, 7.636363636363637, 7.853353468289071, 8.471038545020399, 7.783267324344108, 9.633734740361474, 8.784351434191121, 9.340672537494767, 9.25024817873703, 8.707301038107488, 8.686540177603314, 9.191504666532808, 10.110727648910832, 9.719918394227903, 10.225465609143834, 10.584057262501204, 10.112975236591085, 10.095105597505823, 10.532755328145203], [5.25410329830294, 2.0669465730648433, 0.9545454545454546, 2.0669465730648433, 1.8333333333333335, 0.0, 1.833333333333333, 2.0669465730648433, 0.9545454545454546, 2.0669465730648433, 5.392853993620684, 3.3746747624128344, 1.7558115492587925, 2.0411289841271403, 2.646835697636834, 1.9090909090909092, 2.646835697636834, 3.400224159412377, 2.8636363636363638, 3.400224159412377, 5.95555257887485, 4.215941422185375, 3.0771100922363632, 3.2483749557395942, 4.158035412590452, 4.0228414068155045, 4.235519272510199, 3.818181818181819, 4.235519272510199, 6.772608635663521, 5.307898198667685, 4.4573790204406105, 4.577287522670761, 5.112732804571918, 4.772727272727273, 5.112732804571918, 5.824867617338829, 6.0135483704442825, 5.727272727272727, 6.0135483704442825, 7.764131492502829, 6.525894068128118, 5.855060873541299, 5.946853888082969, 7.00723365542418, 6.928766508260121, 6.681818181818182, 6.92876650826012, 8.87181699669088, 7.811190202416578, 7.260105841017276, 7.3343350179894635, 7.853353468289071, 7.636363636363637, 7.853353468289071, 7.695372496734663, 8.776310024116501, 8.590909090909092, 8.784351434191121, 10.057356745266674, 9.13542447054961, 8.66893446171795, 8.731194536539338, 10.854038277239642, 9.545454545454545, 9.719918394227903, 11.296264934447926, 10.483852203498168, 10.079960390261354, 10.133554894634516], [7.064782871737346, 3.7888786559136243, 2.0669465730648433, 0.9545454545454546, 3.6666666666666665, 1.833333333333333, 0.0, 3.7888786559136243, 2.0669465730648433, 0.9545454545454546, 7.168572364987754, 5.074400542249029, 3.0821325187566524, 1.624324398655058, 4.133893146129687, 2.646835697636834, 1.9090909090909092, 4.6524034291519625, 3.400224159412377, 2.8636363636363638, 7.600931658375731, 5.668798213590739, 3.985633348215757, 3.004024313366727, 3.316816316685716, 3.8282470148374137, 5.293671395273668, 4.235519272510199, 3.818181818181819, 8.25674168709544, 6.521878134290058, 5.126879596648508, 4.40724214077462, 6.018585387304824, 5.112732804571918, 4.772727272727273, 5.2983790399045345, 6.8004483188247535, 6.0135483704442825, 5.727272727272727, 9.087755134708997, 7.546416666176131, 6.379530115889482, 5.816983186191082, 6.412210505486311, 7.621754303263814, 6.92876650826012, 6.681818181818182, 10.05060656768181, 8.681923950913175, 7.689330496827395, 7.229432369026543, 8.471038545020399, 7.853353468289071, 7.636363636363637, 8.03619858558884, 8.243822684494747, 8.784351434191121, 8.590909090909092, 11.111074667066037, 9.89025234097835, 9.031450125435436, 8.643262130533623, 11.83704787856072, 9.719918394227903, 9.545454545454545, 12.243821177426327, 11.147747222461787, 10.39337616638138, 10.057890286973375], [3.8413199828033937, 1.9090909090909092, 2.646835697636834, 4.133893146129687, 0.9545454545454546, 2.0669465730648433, 3.7888786559136243, 0.0, 1.8333333333333335, 3.6666666666666665, 3.385304220425414, 1.3077785228509144, 1.1615393035618757, 3.2213275728334096, 0.9545454545454546, 2.0669465730648433, 3.7888786559136243, 1.9090909090909092, 2.646835697636834, 4.133893146129687, 3.891204380846242, 2.321954248799271, 2.2428464999651387, 3.7494183815871565, 5.006459066974865, 4.254238150431601, 2.863636363636364, 3.4002241594123777, 4.652403429151963, 4.778760016059892, 3.617533315823469, 3.5672729332056488, 4.6640340862561676, 3.8181818181818183, 4.235519272510199, 5.293671395273668, 6.114524556296943, 4.7727272727272725, 5.112732804571917, 6.018585387304824, 5.877543018775566, 4.979509206493888, 4.94311650949543, 5.78465025772726, 7.260657398380855, 5.7272727272727275, 6.013548370444284, 6.800448318824754, 7.090018721619212, 6.365403794961551, 6.336975174466112, 7.013204127898859, 6.6818181818181825, 6.9287665082601215, 7.621754303263815, 6.843698989767929, 8.846713216359893, 7.853353468289072, 8.471038545020399, 8.366905515012904, 7.762416369736512, 7.739121189517725, 8.301913909684924, 9.21492431435959, 8.78435143419112, 9.340672537494765, 9.682754732527549, 9.165464484153798, 9.145743714929559, 9.62665081307883], [5.508091551855143, 2.646835697636834, 1.9090909090909092, 2.646835697636834, 2.0669465730648433, 0.9545454545454546, 2.0669465730648433, 1.8333333333333335, 0.0, 1.833333333333333, 5.2003478728026895, 3.0576418288803895, 1.0215762321840958, 1.4584071213131076, 2.0669465730648433, 0.9545454545454546, 2.0669465730648433, 2.646835697636834, 1.9090909090909092, 2.646835697636834, 5.542996019018084, 3.609759053234146, 2.1736616265762985, 2.410007925336274, 3.4719478903562133, 3.1382387163164776, 3.4002241594123777, 2.863636363636364, 3.400224159412377, 6.198377257349384, 4.552519761624504, 3.5241851007610365, 3.6746719524005687, 4.235519272510199, 3.8181818181818183, 4.235519272510199, 4.980855952375382, 5.112732804571917, 4.7727272727272725, 5.112732804571917, 7.080172686516249, 5.695120791207705, 4.912112098770826, 5.021173030699505, 6.16522860074143, 6.013548370444284, 5.7272727272727275, 6.013548370444283, 8.114905964103604, 6.939542806395808, 6.312820194354046, 6.398049088556416, 6.9287665082601215, 6.6818181818181825, 6.928766508260121, 6.743569046421054, 7.9043726711407665, 7.636363636363638, 7.853353468289071, 9.251402122407537, 8.239781355475536, 7.719354975027816, 7.789208853524216, 10.024877228809782, 8.59090909090909, 8.78435143419112, 10.45653252964949, 9.573120081727458, 9.129023635834118, 9.188166622180471], [7.255661796085423, 4.133893146129687, 2.646835697636834, 1.9090909090909092, 3.7888786559136243, 2.0669465730648433, 0.9545454545454546, 3.6666666666666665, 1.833333333333333, 0.0, 7.024896693455285, 4.869320760109168, 2.731352167852055, 0.7740630166330181, 3.7888786559136243, 2.0669465730648433, 0.9545454545454546, 4.133893146129687, 2.646835697636834, 1.9090909090909092, 7.282194753122569, 5.233686228034404, 3.3378842900132097, 2.068903193096737, 2.401340071631943, 2.884573532224463, 4.652403429151963, 3.400224159412377, 2.863636363636364, 7.792652704951096, 5.9233898479749545, 4.340109133546384, 3.460554316866249, 5.293671395273668, 4.235519272510199, 3.8181818181818183, 4.353465712428484, 6.018585387304824, 5.112732804571917, 4.7727272727272725, 8.510840195095092, 6.840724518467133, 5.52679942982893, 4.866662185363422, 5.479522220445851, 6.800448318824754, 6.013548370444283, 5.7272727272727275, 9.38920946415617, 7.906855599599055, 6.802085376773135, 6.277519761960117, 7.621754303263815, 6.928766508260121, 6.6818181818181825, 7.130038802655141, 7.308632029200775, 7.853353468289071, 7.636363636363638, 10.387203511342321, 9.069460176722393, 8.124352767891937, 7.690513427986603, 11.081683942806908, 8.78435143419112, 8.59090909090909, 11.473649293018047, 10.295908857904903, 9.473950559839578, 9.104648708169554], [2.5, 4.166666666666667, 5.7397251192408545, 7.433034373659253, 3.6741721330358525, 5.392853993620684, 7.168572364987754, 3.385304220425414, 5.2003478728026895, 7.024896693455285, 0.0, 2.1666666666666665, 4.333333333333333, 6.5, 3.3531093802722554, 5.179447446340499, 7.009438736800449, 3.5845103454860103, 5.332171016596296, 7.1230332938843635, 1.416666666666666, 2.588704094501511, 4.559026455529976, 6.652589303755677, 7.975863118306775, 6.878408246098802, 4.034402107786167, 5.644442727200161, 7.359707144730581, 2.833333333333333, 3.5668224265054493, 5.177408189003022, 7.090682462060882, 4.63965519918339, 6.091775906962008, 7.708131372531111, 8.529186155271834, 5.34777658629231, 6.646957781589227, 8.153993089633147, 4.25, 4.77042392712057, 6.069619244876714, 7.766112283504533, 9.525058876775912, 6.123180751543253, 7.28537410497245, 8.68229413259875, 5.666666666666666, 6.066758241067098, 7.133644853010899, 8.623288880184353, 6.943362633827369, 7.9870907092735255, 9.278964034509404, 7.677088707367338, 10.774806220251323, 8.736868672271008, 9.931688162244429, 7.083333333333334, 7.407297452887629, 8.303697302340018, 9.613719941370828, 8.0, 9.523363084774434, 10.63014581273465, 8.5, 8.771798244627178, 9.54084785424114, 10.700467279516348], [3.3082388735465345, 2.758824226207808, 3.9051248379533274, 5.441609239104837, 1.9363731208569352, 3.3746747624128344, 5.074400542249029, 1.3077785228509144, 3.0576418288803895, 4.869320760109168, 2.1666666666666665, 0.0, 2.1666666666666665, 4.333333333333334, 1.2220239425108617, 3.0219582070172115, 4.846993141739505, 1.7603165672390395, 3.2768282386761025, 5.009861716344698, 2.588704094501511, 1.416666666666666, 2.588704094501511, 4.559026455529977, 5.875071680722391, 4.882650691763418, 2.5546820481831904, 3.7636802808153553, 5.3410111746100535, 3.5668224265054493, 2.833333333333333, 3.5668224265054493, 5.177408189003023, 3.431676028897463, 4.406278390682816, 5.811746756983606, 6.645247364117785, 4.341510614624388, 5.14661085626115, 6.3912999004033795, 4.77042392712057, 4.25, 4.77042392712057, 6.069619244876715, 7.721619237732144, 5.267194938111726, 5.9482965128647285, 7.052896037520318, 6.066758241067098, 5.666666666666666, 6.066758241067098, 7.133644853010899, 6.201635644314339, 6.789637218122852, 7.7756211754965365, 6.603606148854526, 9.149806451862897, 7.657573359235035, 8.543976876325056, 7.407297452887629, 7.083333333333334, 7.407297452887629, 8.303697302340018, 8.288211172770904, 8.54400374531753, 9.346716595206635, 8.771798244627178, 8.5, 8.771798244627178, 9.540847854241141], [5.002777006601211, 2.692582403567252, 2.63523138347365, 3.655285366576885, 1.840768793756053, 1.7558115492587925, 3.0821325187566524, 1.1615393035618757, 1.0215762321840958, 2.731352167852055, 4.333333333333333, 2.1666666666666665, 0.0, 2.166666666666667, 1.0640636282472382, 0.909217162950152, 2.6913458558999417, 1.6545704293819359, 1.5595024046886141, 2.9746788762648375, 4.559026455529976, 2.588704094501511, 1.416666666666666, 2.588704094501511, 3.848042478218636, 3.1236108023318856, 2.4830000515904844, 2.420688683131888, 3.5037694512209936, 5.177408189003022, 3.5668224265054493, 2.833333333333333, 3.5668224265054493, 3.3786519880269332, 3.3331267153594375, 4.186454390926702, 4.99604818614041, 4.299721305594715, 4.2640412463096045, 4.959709106076307, 6.069619244876714, 4.77042392712057, 4.25, 4.770423927120571, 6.157024410205919, 5.232803398271206, 5.2035253289864105, 5.787343303802687, 7.133644853010899, 6.066758241067098, 5.666666666666666, 6.066758241067098, 6.172452798824712, 6.147651421328592, 6.649081490313541, 6.1372979564691486, 7.792968370141513, 7.094566526329186, 7.533229112616796, 8.303697302340018, 7.407297452887629, 7.083333333333334, 7.407297452887629, 9.098229375970787, 8.043285674675769, 8.432740427115679, 9.54084785424114, 8.771798244627178, 8.5, 8.771798244627178], [6.96419413859206, 4.034572812303401, 2.833333333333333, 2.5495097567963922, 3.5236639354291284, 2.0411289841271403, 1.624324398655058, 3.2213275728334096, 1.4584071213131076, 0.7740630166330181, 6.5, 4.333333333333334, 2.166666666666667, 0.0, 3.187476930541844, 1.3820308183019852, 0.6182486594879748, 3.4300701280823547, 1.8749349544885288, 1.4098238562973477, 6.652589303755677, 4.559026455529977, 2.588704094501511, 1.416666666666666, 2.1183209066646906, 2.25, 3.8978285023813104, 2.634970025251924, 2.3270774065764015, 7.090682462060882, 5.177408189003023, 3.5668224265054493, 2.833333333333333, 4.521401003447507, 3.4918572470787126, 3.265775444852011, 3.8923734809301487, 5.24551056462218, 4.389234680848462, 4.211603412690364, 7.766112283504533, 6.069619244876715, 4.770423927120571, 4.25, 5.058002017804743, 6.034070697525548, 5.306600529787074, 5.160642537994535, 8.623288880184353, 7.133644853010899, 6.066758241067098, 5.666666666666666, 6.864907234005191, 6.23513843723592, 6.111397021444362, 6.412029876151573, 6.865176095220655, 7.170509572536941, 7.063174198054734, 9.613719941370828, 8.303697302340018, 7.407297452887629, 7.083333333333334, 10.307764064044152, 8.110350040397625, 8.0156097709407, 10.700467279516348, 9.540847854241141, 8.771798244627178, 8.5], [4.394487949039297, 2.8636363636363638, 3.400224159412377, 4.6524034291519625, 1.9090909090909092, 2.646835697636834, 4.133893146129687, 0.9545454545454546, 2.0669465730648433, 3.7888786559136243, 3.3531093802722554, 1.2220239425108617, 1.0640636282472382, 3.187476930541844, 0.0, 1.8333333333333335, 3.6666666666666665, 0.9545454545454546, 2.0669465730648433, 3.7888786559136243, 3.495709360088622, 1.5716182520609776, 1.4521958611358488, 3.3371620573292313, 4.6531827924415685, 3.6859388961800246, 1.9090909090909096, 2.6468356976368344, 4.133893146129687, 4.148555680383415, 2.7313941922105465, 2.6644705144043894, 4.015866145666234, 2.8636363636363638, 3.400224159412377, 4.6524034291519625, 5.48539587066748, 3.818181818181818, 4.235519272510199, 5.293671395273668, 5.120052092035851, 4.05770050954487, 4.0129568044086374, 5.013142736031696, 6.591523352301821, 4.772727272727273, 5.112732804571918, 6.018585387304824, 6.263644426846784, 5.429847282011601, 5.396492415899207, 6.176561193142625, 5.727272727272728, 6.013548370444284, 6.800448318824755, 5.908933535967825, 8.095809932735134, 6.928766508260122, 7.621754303263816, 7.501029161099546, 6.820222758507654, 6.793697620924458, 7.42846586734653, 8.332176228206409, 7.853353468289071, 8.471038545020399, 8.792697216113586, 8.219581761516313, 8.197585816759743, 8.73087572932511], [5.907186950451538, 3.400224159412377, 2.8636363636363638, 3.400224159412377, 2.646835697636834, 1.9090909090909092, 2.646835697636834, 2.0669465730648433, 0.9545454545454546, 2.0669465730648433, 5.179447446340499, 3.0219582070172115, 0.909217162950152, 1.3820308183019852, 1.8333333333333335, 0.0, 1.833333333333333, 2.0669465730648433, 0.9545454545454546, 2.0669465730648433, 5.272885098648039, 3.179445363439997, 1.3428764885664415, 1.6990145958401497, 2.9397108469930235, 2.310009858501218, 2.6468356976368344, 1.9090909090909096, 2.646835697636834, 5.726591269383109, 3.885795043762653, 2.606501019868367, 2.8066315931928383, 3.400224159412377, 2.8636363636363638, 3.400224159412377, 4.184624633905745, 4.235519272510199, 3.818181818181818, 4.235519272510198, 6.465157906694471, 4.909564371107643, 3.9747033547793262, 4.10872244034899, 5.361070597061534, 5.112732804571918, 4.772727272727273, 5.112732804571918, 7.403821637458733, 6.092793316276014, 5.368107193350568, 5.468080849131205, 6.013548370444284, 5.727272727272728, 6.013548370444284, 5.7926680514062605, 7.053857884784258, 6.681818181818183, 6.928766508260122, 8.476365483448616, 7.358962383689337, 6.771172114855676, 6.85070106940395, 9.220005099305602, 7.636363636363637, 7.853353468289071, 9.63819784335147, 8.671817181141476, 8.178927660004394, 8.244888780384988], [7.56309547891209, 4.6524034291519625, 3.400224159412377, 2.8636363636363638, 4.133893146129687, 2.646835697636834, 1.9090909090909092, 3.7888786559136243, 2.0669465730648433, 0.9545454545454546, 7.009438736800449, 4.846993141739505, 2.6913458558999417, 0.6182486594879748, 3.6666666666666665, 1.833333333333333, 0.0, 3.7888786559136243, 2.0669465730648433, 0.9545454545454546, 7.0787620965180125, 4.946714458123817, 2.8670514348736758, 1.1657070039680169, 1.5342463459968816, 1.9515039760643689, 4.133893146129687, 2.646835697636834, 1.9090909090909096, 7.422897218884981, 5.427754068971946, 3.6346271106182964, 2.5198021990089603, 4.6524034291519625, 3.400224159412377, 2.8636363636363638, 3.4139157894810417, 5.293671395273668, 4.235519272510198, 3.818181818181818, 8.006486265150873, 6.202010434138328, 4.7132720508327015, 3.918395374901515, 4.555897058937726, 6.018585387304824, 5.112732804571918, 4.772727272727273, 8.781920655235828, 7.175182332593979, 5.935759555943012, 5.326549576870346, 6.800448318824755, 6.013548370444284, 5.727272727272728, 6.238327740452775, 6.379177523216883, 6.928766508260122, 6.681818181818183, 9.703315276984183, 8.277405298501805, 7.2294839702198495, 6.738273322191275, 10.359249470245267, 7.853353468289071, 7.636363636363637, 10.73314554187823, 9.463695067691669, 8.562214919882098, 8.151712287804354], [5.068493218680018, 3.8181818181818183, 4.235519272510199, 5.293671395273668, 2.8636363636363638, 3.400224159412377, 4.6524034291519625, 1.9090909090909092, 2.646835697636834, 4.133893146129687, 3.5845103454860103, 1.7603165672390395, 1.6545704293819359, 3.4300701280823547, 0.9545454545454546, 2.0669465730648433, 3.7888786559136243, 0.0, 1.8333333333333335, 3.6666666666666665, 3.3347879057733487, 1.1708161155758812, 1.0048379299076455, 3.168197759477596, 4.479051446460575, 3.3009184936536555, 0.954545454545455, 2.0669465730648433, 3.7888786559136243, 3.661529082907446, 1.9122748821696745, 1.8154019152424428, 3.5104788692774815, 1.9090909090909092, 2.646835697636834, 4.133893146129687, 4.961253794747869, 2.8636363636363633, 3.4002241594123768, 4.6524034291519625, 4.43921940912485, 3.15541898364556, 3.0976697453472455, 4.315476292255288, 6.000127365381888, 3.8181818181818183, 4.235519272510199, 5.293671395273668, 5.479090397923126, 4.502269604167814, 4.461986158371884, 5.379321356386887, 4.772727272727273, 5.112732804571918, 6.018585387304824, 4.981675345905898, 7.392040060160365, 6.013548370444284, 6.800448318824755, 6.659435644539628, 5.882013524615948, 5.851236791709408, 6.577594527669792, 7.467114926528661, 6.928766508260121, 7.621754303263814, 7.9176779113453035, 7.275962033147598, 7.251104219130643, 7.848967459129385], [6.4244032284048505, 4.235519272510199, 3.8181818181818183, 4.235519272510199, 3.400224159412377, 2.8636363636363638, 3.400224159412377, 2.646835697636834, 1.9090909090909092, 2.646835697636834, 5.332171016596296, 3.2768282386761025, 1.5595024046886141, 1.8749349544885288, 2.0669465730648433, 0.9545454545454546, 2.0669465730648433, 1.8333333333333335, 0.0, 1.833333333333333, 5.167605220005252, 3.001616108928836, 0.8391327128801075, 1.3369656103127188, 2.6555021416098867, 1.6266723400072673, 2.0669465730648433, 0.954545454545455, 2.0669465730648433, 5.384248188773468, 3.36090525214055, 1.7291988197747465, 2.018281915799601, 2.646835697636834, 1.9090909090909092, 2.646835697636834, 3.469229696150874, 3.4002241594123768, 2.8636363636363633, 3.4002241594123768, 5.940538889333536, 4.194705931437825, 3.0479505074203734, 3.2207663108362032, 4.614588415399805, 4.235519272510199, 3.8181818181818183, 4.235519272510199, 6.753055969111076, 5.282927264074558, 4.42761390841012, 4.548307185676894, 5.112732804571918, 4.772727272727273, 5.112732804571918, 4.843201097755927, 6.233540634565227, 5.727272727272728, 6.013548370444284, 7.741538376647, 6.49899776832196, 5.825067934118731, 5.917326234916543, 8.446368371040922, 6.681818181818182, 6.92876650826012, 8.847200508699837, 7.7832199247287255, 7.2300039309213835, 7.304539011770147], [7.973613509362879, 5.293671395273668, 4.235519272510199, 3.8181818181818183, 4.6524034291519625, 3.400224159412377, 2.8636363636363638, 4.133893146129687, 2.646835697636834, 1.9090909090909092, 7.1230332938843635, 5.009861716344698, 2.9746788762648375, 1.4098238562973477, 3.7888786559136243, 2.0669465730648433, 0.9545454545454546, 3.6666666666666665, 1.833333333333333, 0.0, 7.000692770389305, 4.834336601488585, 2.668484659219947, 0.5096069714800646, 0.873901373366033, 1.0574900112847128, 3.7888786559136243, 2.0669465730648433, 0.954545454545455, 7.162100537821703, 5.065253717729947, 3.067049922152726, 1.5955200136212426, 4.133893146129687, 2.646835697636834, 1.9090909090909092, 2.485818250723946, 4.6524034291519625, 3.4002241594123768, 2.8636363636363633, 7.589173726515929, 5.65302299326217, 3.9631640090148657, 2.974148256432364, 3.6482250901639537, 5.293671395273668, 4.235519272510199, 3.8181818181818183, 8.240711163334284, 6.5015714706994805, 5.101022602244907, 4.3771361045211155, 6.018585387304824, 5.112732804571918, 4.772727272727273, 5.368270365473784, 5.458390207447455, 6.013548370444284, 5.727272727272728, 9.068460287868819, 7.523169751093281, 6.352014098202627, 5.786792893533845, 9.677122207292621, 6.92876650826012, 6.681818181818182, 10.028883905833899, 8.656767497617418, 7.66091531788502, 7.199202205570713], [3.916666666666666, 5.143091374736491, 6.483419022569976, 8.021239167222094, 4.459290659556691, 5.95555257887485, 7.600931658375731, 3.891204380846242, 5.542996019018084, 7.282194753122569, 1.416666666666666, 2.588704094501511, 4.559026455529976, 6.652589303755677, 3.495709360088622, 5.272885098648039, 7.0787620965180125, 3.3347879057733487, 5.167605220005252, 7.000692770389305, 0.0, 2.1666666666666665, 4.333333333333333, 6.5, 7.802479747472379, 6.553201083779166, 3.4415041584109654, 5.237106472632889, 7.052151427844474, 1.416666666666667, 2.5887040945015114, 4.559026455529977, 6.652589303755677, 3.793336976570169, 5.474736409284729, 7.230373040632371, 8.015298207062795, 4.3309553233502465, 5.860077418105427, 7.5263578776022015, 2.833333333333334, 3.56682242650545, 5.177408189003023, 7.090682462060882, 8.905017605760111, 4.994722880949847, 6.366363953687951, 7.926925352642904, 4.25, 4.77042392712057, 6.069619244876714, 7.766112283504533, 5.741049847519077, 6.967279719160998, 8.417157610535027, 6.60111675780092, 9.977174372051808, 7.640529918064179, 8.982385706725657, 5.666666666666668, 6.0667582410671, 7.1336448530109, 8.623288880184353, 6.583333333333334, 8.368675057750911, 9.609384880302057, 7.083333333333334, 7.407297452887629, 8.303697302340018, 9.613719941370828], [4.4760163339985946, 4.086733278413075, 4.9335867052052285, 6.2210440352796805, 3.183594381577142, 4.215941422185375, 5.668798213590739, 2.321954248799271, 3.609759053234146, 5.233686228034404, 2.588704094501511, 1.416666666666666, 2.588704094501511, 4.559026455529977, 1.5716182520609776, 3.179445363439997, 4.946714458123817, 1.1708161155758812, 3.001616108928836, 4.834336601488585, 2.1666666666666665, 0.0, 2.1666666666666665, 4.333333333333334, 5.637443124447161, 4.412734098291243, 1.4470490220997927, 3.1197499517187044, 4.908558940499744, 2.5887040945015114, 1.416666666666667, 2.5887040945015114, 4.5590264555299775, 2.1539279045071384, 3.5040397124894866, 5.161337560924931, 5.971373494195258, 3.0011954306335724, 4.07995868873016, 5.568408570934414, 3.56682242650545, 2.833333333333334, 3.56682242650545, 5.177408189003023, 6.94233358499612, 3.898365895793254, 4.778717981464571, 6.0989553742820535, 4.77042392712057, 4.25, 4.77042392712057, 6.069619244876715, 4.817639811328657, 5.554146400716109, 6.72381241199506, 5.3145710643966675, 8.195518133279474, 6.378342495067929, 7.419188910891842, 6.0667582410671, 5.666666666666668, 6.0667582410671, 7.1336448530109, 6.930708637810583, 7.234658096812716, 8.167091825667745, 7.407297452887629, 7.083333333333334, 7.407297452887629, 8.303697302340018], [5.841066302958352, 4.042310945211634, 4.004337925577987, 4.738289658609832, 3.126365633654905, 3.0771100922363632, 3.985633348215757, 2.2428464999651387, 2.1736616265762985, 3.3378842900132097, 4.559026455529976, 2.588704094501511, 1.416666666666666, 2.588704094501511, 1.4521958611358488, 1.3428764885664415, 2.8670514348736758, 1.0048379299076455, 0.8391327128801075, 2.668484659219947, 4.333333333333333, 2.1666666666666665, 0.0, 2.166666666666667, 3.474439327708195, 2.321398046197354, 1.3163737164076368, 1.1946900040149744, 2.800705424060154, 4.559026455529977, 2.5887040945015114, 1.416666666666667, 2.5887040945015114, 2.068403806490261, 1.9931730359273492, 3.2232600605310324, 4.056906007673852, 2.9404188310077055, 2.887993654111651, 3.841506737317512, 5.177408189003023, 3.56682242650545, 2.833333333333334, 3.56682242650545, 5.146021914131485, 3.8517717412085606, 3.811901099296422, 4.576817306544357, 6.069619244876714, 4.77042392712057, 4.25, 4.770423927120571, 4.780014878699407, 4.747945522542582, 5.381417411026469, 4.7226557820587995, 6.646646927916876, 5.690140369870836, 6.228512189560239, 7.1336448530109, 6.0667582410671, 5.666666666666668, 6.0667582410671, 7.881500844100415, 6.6358663505394855, 7.1029141124533455, 8.303697302340018, 7.407297452887629, 7.083333333333334, 7.407297452887629], [7.588825849746308, 5.036671078753858, 4.137397195768802, 3.9484525801607107, 4.336120368840816, 3.2483749557395942, 3.004024313366727, 3.7494183815871565, 2.410007925336274, 2.068903193096737, 6.652589303755677, 4.559026455529977, 2.588704094501511, 1.416666666666666, 3.3371620573292313, 1.6990145958401497, 1.1657070039680169, 3.168197759477596, 1.3369656103127188, 0.5096069714800646, 6.5, 4.333333333333334, 2.166666666666667, 0.0, 1.3234731547572351, 0.8333333333333339, 3.280338022068249, 1.5844928333781227, 0.9913827521441223, 6.652589303755677, 4.5590264555299775, 2.5887040945015114, 1.416666666666667, 3.647748906446437, 2.2485711206188648, 1.8783754434892403, 2.5784802097188178, 4.204026722027645, 3.069827467386807, 2.809993398879208, 7.090682462060882, 5.177408189003023, 3.56682242650545, 2.833333333333334, 3.7624428719871323, 4.885071475848701, 3.951445725826258, 3.7531514153272347, 7.766112283504533, 6.069619244876715, 4.770423927120571, 4.25, 5.645911796899194, 4.860691310746393, 4.700908661161979, 5.0745619083811935, 5.529756069190567, 5.784551042403131, 5.650951511417292, 8.623288880184353, 7.1336448530109, 6.0667582410671, 5.666666666666668, 9.25150137965605, 6.716997510462213, 6.6022933725924196, 9.613719941370828, 8.303697302340018, 7.407297452887629, 7.083333333333334], [8.844985530843916, 6.11200614503096, 4.934208029760231, 4.249520074929247, 5.504495320036355, 4.158035412590452, 3.316816316685716, 5.006459066974865, 3.4719478903562133, 2.401340071631943, 7.975863118306775, 5.875071680722391, 3.848042478218636, 2.1183209066646906, 4.6531827924415685, 2.9397108469930235, 1.5342463459968816, 4.479051446460575, 2.6555021416098867, 0.873901373366033, 7.802479747472379, 5.637443124447161, 3.474439327708195, 1.3234731547572351, 0.0, 1.4203325528297877, 4.504887087352313, 2.698851132213062, 0.9979025103305793, 7.883963268962881, 5.749691435026389, 3.65375358481721, 1.7406228218664457, 4.727412350232779, 3.0558496843247274, 1.7464905609432537, 2.038570969397435, 5.1210508138525626, 3.6352374340769162, 2.6319124583447806, 8.212731112844498, 6.192820609669227, 4.317637173743614, 2.884760529668007, 3.1023727288667304, 5.650151272007977, 4.349022782261262, 3.553309886134874, 8.760988341865376, 6.903404341190001, 5.286582559509475, 4.198548285770625, 6.280570945755928, 5.141532959023761, 4.488582532938876, 5.473255570352986, 4.934875179417107, 5.981558093541728, 5.430566196327129, 9.490772887895218, 7.808767174225831, 6.424002525047424, 5.563062195522657, 10.041533124656619, 6.851644133614079, 6.376287267678941, 10.363807803206393, 8.849326920928036, 7.655164963213429, 6.9484820762126285], [8.050621094052309, 5.708789519484649, 4.9335867052052285, 4.7762432936357, 4.9430004030335, 4.0228414068155045, 3.8282470148374137, 4.254238150431601, 3.1382387163164776, 2.884573532224463, 6.878408246098802, 4.882650691763418, 3.1236108023318856, 2.25, 3.6859388961800246, 2.310009858501218, 1.9515039760643689, 3.3009184936536555, 1.6266723400072673, 1.0574900112847128, 6.553201083779166, 4.412734098291243, 2.321398046197354, 0.8333333333333339, 1.4203325528297877, 0.0, 3.1667482228152264, 1.3335270176128404, 0.5005162623987555, 6.526122721630186, 4.372419874114969, 2.243818669639377, 0.583333333333333, 3.31403677729274, 1.653130291673603, 1.097753152339393, 1.8767997171519877, 3.7094068616668463, 2.347274859359483, 1.9954752535682583, 6.800735254367722, 4.772607021092118, 2.948634335492356, 2.0, 3.051060738718436, 4.284725524359769, 3.1794453634399966, 2.929350617683434, 7.343269783353401, 5.518277710381101, 4.045745364646119, 3.416666666666666, 4.977987587610668, 4.065754594464093, 3.873316749844777, 4.311513654276512, 4.766180063767655, 4.977364973085503, 4.821450435037228, 8.100068586815244, 6.491447364716817, 5.296749527356902, 4.833333333333334, 8.678277478854891, 5.902565355654927, 5.771698190307598, 9.017344398435716, 7.605279598921909, 6.6149032074887115, 6.25], [5.821514985890342, 4.772727272727273, 5.112732804571918, 6.018585387304824, 3.818181818181819, 4.235519272510199, 5.293671395273668, 2.863636363636364, 3.4002241594123777, 4.652403429151963, 4.034402107786167, 2.5546820481831904, 2.4830000515904844, 3.8978285023813104, 1.9090909090909096, 2.6468356976368344, 4.133893146129687, 0.954545454545455, 2.0669465730648433, 3.7888786559136243, 3.4415041584109654, 1.4470490220997927, 1.3163737164076368, 3.280338022068249, 4.504887087352313, 3.1667482228152264, 0.0, 1.8333333333333335, 3.6666666666666665, 3.3801464859232593, 1.2943686747983965, 1.146420147759208, 3.2159068601198673, 0.9545454545454541, 2.0669465730648433, 3.7888786559136243, 4.578299315624875, 1.9090909090909083, 2.6468356976368335, 4.133893146129687, 3.875657176418941, 2.2958045537736087, 2.215763398473882, 3.7332807576974845, 5.511550666305785, 2.8636363636363633, 3.4002241594123768, 4.6524034291519625, 4.757093200773431, 3.5888627336309207, 3.5381951062277066, 4.64183179224662, 3.8181818181818183, 4.235519272510199, 5.293671395273668, 4.0670624560135336, 6.750162078398209, 5.112732804571918, 6.018585387304824, 5.852609826517643, 4.950054725096569, 4.91344387068172, 5.759314928714833, 6.626670657552938, 6.0135483704442825, 6.8004483188247535, 7.063287954695449, 6.335616523350022, 6.307053640158351, 6.986179456442017], [7.033730878010557, 5.112732804571918, 4.772727272727273, 5.112732804571918, 4.235519272510199, 3.818181818181819, 4.235519272510199, 3.4002241594123777, 2.863636363636364, 3.400224159412377, 5.644442727200161, 3.7636802808153553, 2.420688683131888, 2.634970025251924, 2.6468356976368344, 1.9090909090909096, 2.646835697636834, 2.0669465730648433, 0.954545454545455, 2.0669465730648433, 5.237106472632889, 3.1197499517187044, 1.1946900040149744, 1.5844928333781227, 2.698851132213062, 1.3335270176128404, 1.8333333333333335, 0.0, 1.833333333333333, 5.196991783679544, 3.051930398155936, 1.0043523284349425, 1.4463944596706744, 2.0669465730648433, 0.9545454545454541, 2.066946573064843, 2.8952271227325426, 2.6468356976368335, 1.9090909090909083, 2.646835697636833, 5.532092902551526, 3.592994216251472, 2.1457054510022973, 2.384823938112477, 3.9585462723066946, 3.4002241594123768, 2.8636363636363633, 3.4002241594123768, 6.1816882042188235, 4.529770922434565, 3.4947487826992853, 3.6464506561191072, 4.235519272510199, 3.8181818181818183, 4.235519272510199, 3.8962167088616133, 5.457056044829064, 4.772727272727273, 5.112732804571918, 7.059488304033388, 5.669385387353708, 4.882251029472389, 4.991964387705258, 7.713371334054028, 5.727272727272727, 6.0135483704442825, 8.091561657942128, 6.9122301480661585, 6.282783623862845, 6.368414512075394], [8.472244426350949, 6.018585387304824, 5.112732804571918, 4.772727272727273, 5.293671395273668, 4.235519272510199, 3.818181818181819, 4.652403429151963, 3.400224159412377, 2.863636363636364, 7.359707144730581, 5.3410111746100535, 3.5037694512209936, 2.3270774065764015, 4.133893146129687, 2.646835697636834, 1.9090909090909096, 3.7888786559136243, 2.0669465730648433, 0.954545454545455, 7.052151427844474, 4.908558940499744, 2.800705424060154, 0.9913827521441223, 0.9979025103305793, 0.5005162623987555, 3.6666666666666665, 1.833333333333333, 0.0, 7.022412630655382, 4.865736353965283, 2.7249569292558293, 0.7511851670448806, 3.7888786559136243, 2.066946573064843, 0.9545454545454541, 1.5893639555442705, 4.133893146129687, 2.646835697636833, 1.9090909090909083, 7.2738990533287256, 5.22213735448692, 3.31974675978871, 2.0395115684929386, 2.772220888557211, 4.6524034291519625, 3.4002241594123768, 2.8636363636363633, 7.779384590681559, 5.9059237821736925, 4.3162409247914795, 3.430572052840997, 5.293671395273668, 4.235519272510199, 3.8181818181818183, 4.532354188049763, 4.551533312015617, 5.112732804571918, 4.772727272727273, 8.493640601670155, 6.8193138790827685, 5.500276518635302, 4.836520512759122, 9.044426620442115, 6.0135483704442825, 5.727272727272727, 9.369040805751393, 7.882895199794668, 6.774218532860142, 6.247313472192244], [5.333333333333333, 6.289320754704403, 7.425556469981821, 8.80025252162939, 5.503171303760293, 6.772608635663521, 8.25674168709544, 4.778760016059892, 6.198377257349384, 7.792652704951096, 2.833333333333333, 3.5668224265054493, 5.177408189003022, 7.090682462060882, 4.148555680383415, 5.726591269383109, 7.422897218884981, 3.661529082907446, 5.384248188773468, 7.162100537821703, 1.416666666666667, 2.5887040945015114, 4.559026455529977, 6.652589303755677, 7.883963268962881, 6.526122721630186, 3.3801464859232593, 5.196991783679544, 7.022412630655382, 0.0, 2.1666666666666665, 4.333333333333333, 6.5, 3.356530851520428, 5.18166312013255, 7.01107611184598, 7.730257635674005, 3.5957645220042314, 5.339743049158606, 7.1287033453913065, 1.416666666666667, 2.5887040945015114, 4.559026455529977, 6.652589303755677, 8.478550548332914, 4.0515502820262475, 5.656712209501231, 7.369121289317733, 2.833333333333333, 3.5668224265054493, 5.177408189003022, 7.090682462060882, 4.660784368264251, 6.107883779247091, 7.720867814976843, 5.676766929189716, 9.32767155862475, 6.666064022348265, 8.169575576833932, 4.250000000000001, 4.770423927120571, 6.069619244876715, 7.766112283504534, 5.166666666666667, 7.306770072260991, 8.700255424092125, 5.666666666666667, 6.066758241067099, 7.133644853010899, 8.623288880184353], [5.7566386797235145, 5.4594464513864, 6.119186583561939, 7.197607627229728, 4.531544372344904, 5.307898198667685, 6.521878134290058, 3.617533315823469, 4.552519761624504, 5.9233898479749545, 3.5668224265054493, 2.833333333333333, 3.5668224265054493, 5.177408189003023, 2.7313941922105465, 3.885795043762653, 5.427754068971946, 1.9122748