totalHoles = 70;
zeroHoleID = 64;
C = [[0.0, 1.666666666666667, 0.6428571428571428, 1.7863490935145423, 1.3017082793177759, 2.692582403567252, 1.2857142857142858, 2.1049558195524143, 1.8421248698937809, 2.991484513053132, 1.9285714285714288, 2.5489538114449664, 8.563761578247373, 2.4328859900050417, 3.3874016289655358, 2.5714285714285716, 3.064314389180223, 3.044827590634541, 3.8505234205553016, 3.2142857142857144, 3.620691982320369, 3.667362333511753, 4.359484148476322, 3.8571428571428577, 4.201824460658244, 4.29588739681071, 4.900020824612142, 4.5, 4.7987266829626565, 4.928111319677988, 5.462768229999684, 8.419665337993253, 5.0, 5.270462766947299, 5.388888888888889, 5.640735877043695, 5.562773089426212, 6.041522986797286, 5.777777777777778, 6.013359612326582, 6.057593948462083, 6.5, 6.166666666666667, 6.3879226322456, 6.443007502635113, 6.860605019571372, 6.555555555555555, 6.764102780099743, 6.828815127778956, 7.224145043182499, 6.944444444444445, 7.141644517879134, 7.214953607304454, 7.333333333333334, 7.5203427817856525, 7.601372520639339, 7.722222222222221, 7.900031254821748, 7.988031170151293, 9.467749769573745, 8.11111111111111, 8.280573726171871, 8.374896350934076, 8.5, 8.661857640124188, 8.761940706160456, 9.149141496526152, 9.536479667279979, 12.941684982694367, 14.252761203548806], [1.666666666666667, 0.0, 1.7863490935145423, 0.6428571428571428, 1.3017082793177759, 1.3017082793177757, 2.1049558195524143, 1.2857142857142858, 1.8421248698937809, 1.8421248698937807, 2.5489538114449664, 1.9285714285714288, 6.958891473317362, 2.4328859900050417, 2.4328859900050412, 3.064314389180223, 2.5714285714285716, 3.044827590634541, 3.044827590634541, 3.620691982320369, 3.2142857142857144, 3.667362333511753, 3.667362333511753, 4.201824460658244, 3.8571428571428577, 4.29588739681071, 4.29588739681071, 4.7987266829626565, 4.5, 4.928111319677988, 4.928111319677988, 7.136743263975144, 5.270462766947299, 5.0, 5.640735877043695, 5.388888888888889, 5.562773089426212, 5.562773089426212, 6.013359612326582, 5.777777777777778, 6.057593948462083, 6.057593948462083, 6.3879226322456, 6.166666666666667, 6.443007502635113, 6.443007502635113, 6.764102780099743, 6.555555555555555, 6.828815127778956, 6.828815127778956, 7.141644517879134, 6.944444444444445, 7.214953607304454, 7.5203427817856525, 7.333333333333334, 7.601372520639339, 7.900031254821748, 7.722222222222221, 7.988031170151293, 8.695025933445569, 8.280573726171871, 8.11111111111111, 8.374896350934076, 8.661857640124188, 8.5, 8.761940706160456, 9.149141496526152, 9.536479667279979, 12.395808689583511, 13.546330792252519], [0.6428571428571428, 1.7863490935145423, 0.0, 1.666666666666667, 0.9066396554599893, 2.5253813613805267, 0.642857142857143, 1.7863490935145425, 1.3017082793177759, 2.692582403567252, 1.285714285714286, 2.1049558195524143, 8.430584161214448, 1.8421248698937809, 2.991484513053132, 1.9285714285714288, 2.5489538114449664, 2.432885990005042, 3.387401628965536, 2.5714285714285716, 3.064314389180223, 3.0448275906345406, 3.850523420555301, 3.214285714285715, 3.62069198232037, 3.667362333511753, 4.359484148476322, 3.857142857142857, 4.201824460658244, 4.295887396810711, 4.900020824612143, 8.059591014595306, 4.357142857142858, 4.665026436723462, 4.746031746031747, 5.030168497388425, 4.928111319677988, 5.462768229999684, 5.134920634920634, 5.398628316962699, 5.421570255588429, 5.911766199016732, 5.523809523809524, 5.769770310255564, 5.80614547448211, 6.266329134860747, 5.912698412698413, 6.143108357932824, 6.191259616687015, 6.624745368448133, 6.301587301587302, 6.5182651294116685, 6.576818010815891, 6.690476190476192, 6.894943758516569, 6.962746856619706, 7.079365079365079, 7.272907788822261, 7.34898779201227, 8.930279368660345, 7.468253968253968, 7.65196674797525, 7.735494068301367, 7.857142857142858, 8.031965615920477, 8.122227805849104, 8.509157990970289, 8.89625899107491, 12.350864288318654, 13.68931881424309], [1.7863490935145423, 0.6428571428571428, 1.666666666666667, 0.0, 0.9066396554599893, 0.9066396554599889, 1.7863490935145425, 0.642857142857143, 1.3017082793177759, 1.3017082793177757, 2.1049558195524143, 1.285714285714286, 6.7943290667779, 1.8421248698937809, 1.8421248698937807, 2.5489538114449664, 1.9285714285714288, 2.432885990005042, 2.4328859900050417, 3.064314389180223, 2.5714285714285716, 3.0448275906345406, 3.0448275906345406, 3.62069198232037, 3.214285714285715, 3.667362333511753, 3.667362333511753, 4.201824460658244, 3.857142857142857, 4.295887396810711, 4.295887396810711, 6.708155285518883, 4.665026436723462, 4.357142857142858, 5.030168497388425, 4.746031746031747, 4.928111319677988, 4.928111319677988, 5.398628316962699, 5.134920634920634, 5.421570255588429, 5.421570255588429, 5.769770310255564, 5.523809523809524, 5.80614547448211, 5.80614547448211, 6.143108357932824, 5.912698412698413, 6.191259616687015, 6.191259616687015, 6.5182651294116685, 6.301587301587302, 6.576818010815891, 6.894943758516569, 6.690476190476192, 6.962746856619706, 7.272907788822261, 7.079365079365079, 7.34898779201227, 8.106483817682479, 7.65196674797525, 7.468253968253968, 7.735494068301367, 8.031965615920477, 7.857142857142858, 8.122227805849104, 8.509157990970289, 8.89625899107491, 11.777636076306749, 12.952193853001607], [1.3017082793177759, 1.3017082793177759, 0.9066396554599893, 0.9066396554599893, 0.0, 1.6666666666666665, 0.8809523809523812, 0.8809523809523812, 0.6428571428571428, 1.786349093514542, 1.2476735720546575, 1.2476735720546575, 7.551434196502592, 1.2857142857142856, 2.1049558195524134, 1.7787164472018822, 1.7787164472018822, 1.9285714285714288, 2.548953811444966, 2.3659048309123176, 2.3659048309123176, 2.571428571428571, 3.0643143891802223, 2.9761904761904767, 2.9761904761904767, 3.2142857142857144, 3.620691982320369, 3.5978388574871505, 3.5978388574871505, 3.8571428571428577, 4.201824460658244, 7.165496774786633, 4.0858835573770875, 4.0858835573770875, 4.467302331772139, 4.467302331772139, 4.5, 4.7987266829626565, 4.8499077247172035, 4.8499077247172035, 5.0, 5.270462766947299, 5.233439489369195, 5.233439489369195, 5.388888888888889, 5.640735877043695, 5.617707893376856, 5.617707893376856, 5.777777777777778, 6.013359612326582, 6.002571465424703, 6.002571465424703, 6.166666666666667, 6.3879226322456, 6.3879226322456, 6.555555555555555, 6.773678177281727, 6.773678177281727, 6.944444444444445, 8.179341646479994, 7.159772739341126, 7.159772739341126, 7.333333333333334, 7.54615428178118, 7.54615428178118, 7.722222222222221, 8.11111111111111, 8.5, 11.704234746757587, 12.98054532536226], [2.692582403567252, 1.3017082793177757, 2.5253813613805267, 0.9066396554599889, 1.6666666666666665, 0.0, 2.516273564829791, 0.8809523809523807, 1.786349093514542, 0.6428571428571428, 2.6668792432277812, 1.2476735720546572, 5.906783758546583, 2.1049558195524134, 1.2857142857142856, 2.9528609440849123, 1.778716447201882, 2.548953811444966, 1.9285714285714288, 3.3396199221602743, 2.365904830912317, 3.0643143891802223, 2.571428571428571, 3.7964806474052324, 2.9761904761904767, 3.620691982320369, 3.2142857142857144, 4.301162633521313, 3.5978388574871505, 4.201824460658244, 3.8571428571428577, 5.845037366804849, 4.716990566028302, 4.0858835573770875, 5.05097472563587, 4.467302331772139, 4.7987266829626565, 4.5, 5.392324220021192, 4.8499077247172035, 5.270462766947299, 5.0, 5.7397251192408545, 5.233439489369194, 5.640735877043695, 5.388888888888889, 6.092142277628141, 5.617707893376856, 6.013359612326582, 5.777777777777778, 6.448753348755589, 6.002571465424703, 6.3879226322456, 6.808899405271833, 6.3879226322456, 6.764102780099743, 7.172047936603482, 6.773678177281727, 7.141644517879134, 7.459530671003849, 7.537765002609719, 7.159772739341126, 7.5203427817856525, 7.905694150420948, 7.54615428178118, 7.900031254821748, 8.28057372617187, 8.661857640124188, 11.222109946994932, 12.313984356385408], [1.2857142857142858, 2.1049558195524143, 0.642857142857143, 1.7863490935145425, 0.8809523809523812, 2.516273564829791, 0.0, 1.666666666666667, 0.9066396554599891, 2.5253813613805267, 0.642857142857143, 1.7863490935145425, 8.344939594857399, 1.3017082793177757, 2.692582403567252, 1.2857142857142858, 2.1049558195524143, 1.842124869893781, 2.9914845130531322, 1.9285714285714286, 2.548953811444966, 2.4328859900050417, 3.3874016289655358, 2.571428571428572, 3.064314389180223, 3.044827590634541, 3.8505234205553016, 3.2142857142857144, 3.620691982320369, 3.6673623335117536, 4.359484148476323, 7.736264011364311, 3.7142857142857144, 4.071080464093619, 4.103174603174604, 4.4287492141591, 4.29588739681071, 4.900020824612142, 4.492063492063492, 4.7912850253880155, 4.78737237327146, 5.336149341605646, 4.880952380952381, 5.157661672008207, 5.1707673971017805, 5.6826394422386395, 5.26984126984127, 5.527115412862303, 5.554926268214645, 6.0342987497186975, 5.658730158730159, 5.899068128704739, 5.939700779624671, 6.047619047619048, 6.273075316214728, 6.324978576520969, 6.436507936507936, 6.6487902805328, 6.710672974540408, 8.407617029671512, 6.825396825396825, 7.02593905481074, 7.096716049329244, 7.214285714285714, 7.404302542787182, 7.4830538374509885, 7.869642934681036, 8.256448040190334, 11.765501169005852, 13.133172803357098], [2.1049558195524143, 1.2857142857142858, 1.7863490935145425, 0.642857142857143, 0.8809523809523812, 0.8809523809523807, 1.666666666666667, 0.0, 0.9066396554599891, 0.9066396554599887, 1.7863490935145425, 0.642857142857143, 6.6877630796972705, 1.3017082793177757, 1.3017082793177754, 2.1049558195524143, 1.2857142857142858, 1.842124869893781, 1.8421248698937809, 2.548953811444966, 1.9285714285714286, 2.4328859900050417, 2.4328859900050412, 3.064314389180223, 2.571428571428572, 3.044827590634541, 3.044827590634541, 3.620691982320369, 3.2142857142857144, 3.6673623335117536, 3.6673623335117536, 6.316020967794531, 4.071080464093619, 3.7142857142857144, 4.4287492141591, 4.103174603174604, 4.29588739681071, 4.29588739681071, 4.7912850253880155, 4.492063492063492, 4.78737237327146, 4.78737237327146, 5.157661672008207, 4.880952380952381, 5.1707673971017805, 5.1707673971017805, 5.527115412862303, 5.26984126984127, 5.554926268214645, 5.554926268214645, 5.899068128704739, 5.658730158730159, 5.939700779624671, 6.273075316214728, 6.047619047619048, 6.324978576520969, 6.6487902805328, 6.436507936507936, 6.710672974540408, 7.5268329595952705, 7.02593905481074, 6.825396825396825, 7.096716049329244, 7.404302542787182, 7.214285714285714, 7.4830538374509885, 7.869642934681036, 8.256448040190334, 11.162252489320208, 12.362932657366589], [1.8421248698937809, 1.8421248698937809, 1.3017082793177759, 1.3017082793177759, 0.6428571428571428, 1.786349093514542, 0.9066396554599891, 0.9066396554599891, 0.0, 1.6666666666666665, 0.8809523809523812, 0.8809523809523812, 7.486428363383771, 0.6428571428571428, 1.786349093514542, 1.2476735720546575, 1.2476735720546575, 1.285714285714286, 2.104955819552414, 1.7787164472018822, 1.7787164472018822, 1.9285714285714284, 2.5489538114449655, 2.3659048309123176, 2.3659048309123176, 2.5714285714285716, 3.0643143891802227, 2.9761904761904763, 2.9761904761904763, 3.214285714285715, 3.6206919823203694, 6.833469194628177, 3.4590248058823967, 3.4590248058823967, 3.8376031955795145, 3.8376031955795145, 3.857142857142857, 4.201824460658244, 4.218057977498283, 4.218057977498283, 4.357142857142858, 4.665026436723462, 4.599923591990871, 4.599923591990871, 4.746031746031747, 5.030168497388425, 4.982875689656923, 4.982875689656923, 5.134920634920634, 5.398628316962699, 5.366681689908223, 5.366681689908223, 5.523809523809524, 5.751170638993497, 5.751170638993497, 5.912698412698413, 6.136214159614054, 6.136214159614054, 6.301587301587302, 7.635374775255846, 6.521714026410361, 6.521714026410361, 6.690476190476192, 6.907593836330402, 6.907593836330402, 7.079365079365079, 7.468253968253968, 7.857142857142858, 11.105469993210106, 12.411144947268246], [2.991484513053132, 1.8421248698937807, 2.692582403567252, 1.3017082793177757, 1.786349093514542, 0.6428571428571428, 2.5253813613805267, 0.9066396554599887, 1.6666666666666665, 0.0, 2.516273564829791, 0.8809523809523808, 5.823447912207849, 1.786349093514542, 0.6428571428571428, 2.6668792432277812, 1.2476735720546572, 2.104955819552414, 1.285714285714286, 2.9528609440849123, 1.778716447201882, 2.5489538114449655, 1.9285714285714284, 3.3396199221602747, 2.3659048309123176, 3.0643143891802227, 2.5714285714285716, 3.796480647405232, 2.9761904761904763, 3.6206919823203694, 3.214285714285715, 5.4329015289989915, 4.185738663995318, 3.4590248058823967, 4.503637845373189, 3.8376031955795145, 4.201824460658244, 3.857142857142857, 4.831932186723285, 4.218057977498283, 4.665026436723462, 4.357142857142858, 5.168641272879145, 4.599923591990871, 5.030168497388425, 4.746031746031747, 5.51222329864543, 4.982875689656923, 5.398628316962699, 5.134920634920634, 5.861469774412535, 5.366681689908223, 5.769770310255563, 6.215425912548265, 5.751170638993497, 6.143108357932824, 6.5733309492375005, 6.136214159614054, 6.5182651294116685, 6.858710959095618, 6.934573483483552, 6.521714026410361, 6.894943758516569, 7.2986579700151255, 6.907593836330402, 7.272907788822261, 7.65196674797525, 8.031965615920477, 10.59613629703417, 11.712223217119057], [1.9285714285714288, 2.5489538114449664, 1.285714285714286, 2.1049558195524143, 1.2476735720546575, 2.6668792432277812, 0.642857142857143, 1.7863490935145425, 0.8809523809523812, 2.516273564829791, 0.0, 1.666666666666667, 8.308297960266142, 0.906639655459989, 2.5253813613805267, 0.6428571428571428, 1.7863490935145423, 1.3017082793177759, 2.692582403567252, 1.2857142857142856, 2.104955819552414, 1.8421248698937804, 2.991484513053132, 1.9285714285714288, 2.5489538114449664, 2.4328859900050417, 3.3874016289655358, 2.571428571428571, 3.0643143891802227, 3.044827590634541, 3.8505234205553016, 7.454467452257118, 3.071428571428571, 3.4944886960992636, 3.4603174603174605, 3.8407778774560315, 3.667362333511753, 4.359484148476322, 3.849206349206349, 4.194540177009662, 4.155836264422521, 4.77771185948304, 4.238095238095238, 4.554034368001993, 4.537496698759928, 5.113162607116343, 4.6269841269841265, 4.91800364875229, 4.920289286376118, 5.455712805599573, 5.015873015873016, 5.285523615417951, 5.303968907129872, 5.404761904761905, 5.655902140679532, 5.68835607269585, 5.793650793650793, 6.02861238566125, 6.07331644059105, 7.9027013890927895, 6.182539682539682, 6.4032471999724985, 6.458747517989365, 6.571428571428571, 6.779487535733474, 6.844569785641497, 7.230720623541036, 7.617150061321448, 11.186452407244039, 12.585290492473037], [2.5489538114449664, 1.9285714285714288, 2.1049558195524143, 1.285714285714286, 1.2476735720546575, 1.2476735720546572, 1.7863490935145425, 0.642857142857143, 0.8809523809523812, 0.8809523809523808, 1.666666666666667, 0.0, 6.641985634198984, 0.906639655459989, 0.9066396554599887, 1.7863490935145423, 0.6428571428571428, 1.3017082793177759, 1.3017082793177757, 2.104955819552414, 1.2857142857142856, 1.8421248698937804, 1.8421248698937802, 2.5489538114449664, 1.9285714285714288, 2.4328859900050417, 2.4328859900050412, 3.0643143891802227, 2.571428571428571, 3.044827590634541, 3.044827590634541, 5.9675308971843855, 3.4944886960992636, 3.071428571428571, 3.8407778774560315, 3.4603174603174605, 3.667362333511753, 3.667362333511753, 4.194540177009662, 3.849206349206349, 4.155836264422521, 4.155836264422521, 4.554034368001993, 4.238095238095238, 4.537496698759928, 4.537496698759928, 4.91800364875229, 4.6269841269841265, 4.920289286376118, 4.920289286376118, 5.285523615417951, 5.015873015873016, 5.303968907129872, 5.655902140679532, 5.404761904761905, 5.68835607269585, 6.02861238566125, 5.793650793650793, 6.07331644059105, 6.958295734531295, 6.4032471999724985, 6.182539682539682, 6.458747517989365, 6.779487535733474, 6.571428571428571, 6.844569785641497, 7.230720623541036, 7.617150061321448, 10.550145986525168, 11.779278958734059], [8.563761578247373, 6.958891473317362, 8.430584161214448, 6.7943290667779, 7.551434196502592, 5.906783758546583, 8.344939594857399, 6.6877630796972705, 7.486428363383771, 5.823447912207849, 8.308297960266142, 6.641985634198984, 0.0, 7.476335430429146, 5.810467056477569, 8.321306613961008, 6.658250666045426, 7.521376463703184, 5.868308091338521, 8.383734438946929, 6.736108766278044, 7.6205739259881975, 5.994921426305111, 8.494491929142274, 6.873467196590552, 7.771854387879319, 6.1860857230174195, 8.651723165820009, 7.066857286398936, 7.972253439498256, 6.436051650640532, 3.2185399428675177, 8.804576619329543, 7.253187410648341, 8.941004331328507, 7.418201710736792, 8.218178617736987, 6.738278395788522, 9.092030389073074, 7.599550958061364, 8.438407166088115, 7.005187466928219, 9.25694030847255, 7.796095307457895, 8.625861248922089, 7.229897525676049, 9.435006109654724, 8.00671583469559, 8.826478244828264, 7.468109141713689, 9.625497693086967, 8.230331950047072, 9.039381796505777, 9.827692533134394, 8.465913931417486, 9.26372481539558, 10.040883643775134, 8.712491177394336, 9.498696793958329, 6.769091587007288, 10.264385870846779, 8.969156898726999, 9.743528788254029, 10.49754063575128, 9.235069981737688, 9.99749642897252, 10.259921324401274, 10.5301711977675, 10.407464584364138, 10.603520349835259], [2.4328859900050417, 2.4328859900050417, 1.8421248698937809, 1.8421248698937809, 1.2857142857142856, 2.1049558195524134, 1.3017082793177757, 1.3017082793177757, 0.6428571428571428, 1.786349093514542, 0.906639655459989, 0.906639655459989, 7.476335430429146, 0.0, 1.6666666666666665, 0.8809523809523812, 0.8809523809523812, 0.6428571428571432, 1.7863490935145423, 1.2476735720546575, 1.2476735720546575, 1.2857142857142856, 2.1049558195524134, 1.7787164472018826, 1.7787164472018826, 1.9285714285714288, 2.548953811444966, 2.3659048309123176, 2.3659048309123176, 2.571428571428572, 3.064314389180223, 6.547884318665974, 2.839329389701018, 2.839329389701018, 3.213119521933833, 3.213119521933833, 3.2142857142857144, 3.620691982320369, 3.5901186438677923, 3.5901186438677923, 3.7142857142857144, 4.071080464093619, 3.9694125292874767, 3.9694125292874767, 4.103174603174604, 4.4287492141591, 4.350401006123936, 4.350401006123936, 4.492063492063492, 4.7912850253880155, 4.732674839486268, 4.732674839486268, 4.880952380952381, 5.11594590416387, 5.11594590416387, 5.26984126984127, 5.500005726193221, 5.500005726193221, 5.658730158730159, 7.107938995210168, 5.884699874911877, 5.884699874911877, 6.047619047619048, 6.26991159293494, 6.26991159293494, 6.436507936507936, 6.825396825396825, 7.214285714285714, 10.511914532815481, 11.849262064477482], [3.3874016289655358, 2.4328859900050412, 2.991484513053132, 1.8421248698937807, 2.1049558195524134, 1.2857142857142856, 2.692582403567252, 1.3017082793177754, 1.786349093514542, 0.6428571428571428, 2.5253813613805267, 0.9066396554599887, 5.810467056477569, 1.6666666666666665, 0.0, 2.516273564829791, 0.8809523809523808, 1.7863490935145423, 0.6428571428571432, 2.6668792432277812, 1.2476735720546572, 2.1049558195524134, 1.2857142857142856, 2.9528609440849127, 1.7787164472018824, 2.548953811444966, 1.9285714285714288, 3.3396199221602743, 2.365904830912317, 3.064314389180223, 2.571428571428572, 5.069014385509188, 3.690168958025569, 2.839329389701018, 3.9849332011701097, 3.213119521933833, 3.620691982320369, 3.2142857142857144, 4.294706908812599, 3.5901186438677923, 4.071080464093619, 3.7142857142857144, 4.616469580016743, 3.9694125292874767, 4.4287492141591, 4.103174603174604, 4.947882826991734, 4.350401006123936, 4.7912850253880155, 4.492063492063492, 5.287132180290364, 4.732674839486268, 5.157661672008207, 5.632801971478017, 5.11594590416387, 5.527115412862303, 5.983779620249544, 5.500005726193221, 5.899068128704739, 6.266240086482039, 6.339183557315832, 5.884699874911877, 6.273075316214728, 6.698309259714388, 6.26991159293494, 6.6487902805328, 7.02593905481074, 7.404302542787182, 9.972311056142015, 11.1150647887534], [2.5714285714285716, 3.064314389180223, 1.9285714285714288, 2.5489538114449664, 1.7787164472018822, 2.9528609440849123, 1.2857142857142858, 2.1049558195524143, 1.2476735720546575, 2.6668792432277812, 0.6428571428571428, 1.7863490935145423, 8.321306613961008, 0.8809523809523812, 2.516273564829791, 0.0, 1.666666666666667, 0.9066396554599893, 2.5253813613805267, 0.6428571428571428, 1.7863490935145423, 1.3017082793177754, 2.692582403567252, 1.285714285714286, 2.1049558195524143, 1.8421248698937809, 2.991484513053132, 1.9285714285714284, 2.548953811444966, 2.432885990005042, 3.387401628965536, 7.219066404476119, 2.4285714285714284, 2.945460398893736, 2.8174603174603177, 3.2735088847048166, 3.0448275906345406, 3.850523420555301, 3.206349206349206, 3.61364815814074, 3.5283914869612714, 4.243241925794042, 3.5952380952380953, 3.9627660464918977, 3.9073581509542574, 4.563222904415719, 3.9841269841269837, 4.318685633781018, 4.288101921619755, 4.893196669433448, 4.3730158730158735, 4.679855297274325, 4.67018817569184, 4.761904761904763, 5.045147642956451, 5.05331240260754, 5.15079365079365, 5.413728198832479, 5.437255191374134, 7.419156622215272, 5.5396825396825395, 5.784968488958377, 5.821854595376393, 5.928571428571429, 6.158387529333571, 6.206988559606657, 6.592563398578213, 6.978506035338851, 10.61475142306398, 12.046799420977788], [3.064314389180223, 2.5714285714285716, 2.5489538114449664, 1.9285714285714288, 1.7787164472018822, 1.778716447201882, 2.1049558195524143, 1.2857142857142858, 1.2476735720546575, 1.2476735720546572, 1.7863490935145423, 0.6428571428571428, 6.658250666045426, 0.8809523809523812, 0.8809523809523808, 1.666666666666667, 0.0, 0.9066396554599893, 0.9066396554599889, 1.7863490935145423, 0.6428571428571428, 1.3017082793177754, 1.3017082793177752, 2.1049558195524143, 1.285714285714286, 1.8421248698937809, 1.8421248698937807, 2.548953811444966, 1.9285714285714284, 2.432885990005042, 2.4328859900050417, 5.670737144703967, 2.945460398893736, 2.4285714285714284, 3.2735088847048166, 2.8174603174603177, 3.0448275906345406, 3.0448275906345406, 3.61364815814074, 3.206349206349206, 3.5283914869612714, 3.5283914869612714, 3.9627660464918977, 3.5952380952380953, 3.9073581509542574, 3.9073581509542574, 4.318685633781018, 3.9841269841269837, 4.288101921619755, 4.288101921619755, 4.679855297274325, 4.3730158730158735, 4.67018817569184, 5.045147642956451, 4.761904761904763, 5.05331240260754, 5.413728198832479, 5.15079365079365, 5.437255191374134, 6.403832857671102, 5.784968488958377, 5.5396825396825395, 5.821854595376393, 6.158387529333571, 5.928571428571429, 6.206988559606657, 6.592563398578213, 6.978506035338851, 9.941921879138658, 11.202109278926603], [3.044827590634541, 3.044827590634541, 2.432885990005042, 2.432885990005042, 1.9285714285714288, 2.548953811444966, 1.842124869893781, 1.842124869893781, 1.285714285714286, 2.104955819552414, 1.3017082793177759, 1.3017082793177759, 7.521376463703184, 0.6428571428571432, 1.7863490935145423, 0.9066396554599893, 0.9066396554599893, 0.0, 1.6666666666666665, 0.880952380952381, 0.880952380952381, 0.6428571428571423, 1.7863490935145419, 1.2476735720546575, 1.2476735720546575, 1.2857142857142856, 2.1049558195524134, 1.778716447201882, 1.778716447201882, 1.9285714285714288, 2.548953811444966, 6.315046118562887, 2.232769753238129, 2.232769753238129, 2.597615531595737, 2.597615531595737, 2.571428571428571, 3.0643143891802223, 2.9685722603302445, 2.9685722603302445, 3.071428571428571, 3.4944886960992636, 3.3436066179231525, 3.3436066179231525, 3.4603174603174605, 3.840777877456031, 3.7214860340782216, 3.7214860340782216, 3.849206349206349, 4.194540177009662, 4.101424206792255, 4.101424206792255, 4.238095238095238, 4.4828977104196985, 4.4828977104196985, 4.6269841269841265, 4.865545434574968, 4.865545434574968, 5.015873015873016, 6.600998119443024, 5.249110591856772, 5.249110591856772, 5.404761904761905, 5.633405787884897, 5.633405787884897, 5.793650793650793, 6.182539682539682, 6.571428571428571, 9.924503067287024, 11.296018531122948], [3.8505234205553016, 3.044827590634541, 3.387401628965536, 2.4328859900050417, 2.548953811444966, 1.9285714285714288, 2.9914845130531322, 1.8421248698937809, 2.104955819552414, 1.285714285714286, 2.692582403567252, 1.3017082793177757, 5.868308091338521, 1.7863490935145423, 0.6428571428571432, 2.5253813613805267, 0.9066396554599889, 1.6666666666666665, 0.0, 2.516273564829791, 0.8809523809523806, 1.7863490935145419, 0.6428571428571423, 2.6668792432277812, 1.2476735720546572, 2.1049558195524134, 1.2857142857142856, 2.9528609440849123, 1.7787164472018817, 2.548953811444966, 1.9285714285714288, 4.764443857308375, 3.2466623363895746, 2.232769753238129, 3.5075863504043574, 2.597615531595737, 3.0643143891802223, 2.571428571428571, 3.79051141936781, 2.9685722603302445, 3.4944886960992636, 3.071428571428571, 4.090875306211991, 3.3436066179231525, 3.840777877456031, 3.4603174603174605, 4.405112241180105, 3.7214860340782216, 4.194540177009662, 3.849206349206349, 4.7304583371611075, 4.101424206792254, 4.554034368001993, 5.064773187186345, 4.482897710419698, 4.91800364875229, 5.406393246099369, 4.865545434574968, 5.285523615417951, 5.684729037930957, 5.754017514841132, 5.249110591856772, 5.655902140679532, 6.106620696140428, 5.633405787884897, 6.02861238566125, 6.4032471999724985, 6.779487535733474, 9.351064206165226, 10.523292661567176], [3.2142857142857144, 3.620691982320369, 2.5714285714285716, 3.064314389180223, 2.3659048309123176, 3.3396199221602743, 1.9285714285714286, 2.548953811444966, 1.7787164472018822, 2.9528609440849123, 1.2857142857142856, 2.104955819552414, 8.383734438946929, 1.2476735720546575, 2.6668792432277812, 0.6428571428571428, 1.7863490935145423, 0.880952380952381, 2.516273564829791, 0.0, 1.666666666666667, 0.906639655459989, 2.5253813613805267, 0.6428571428571432, 1.7863490935145427, 1.3017082793177759, 2.692582403567252, 1.2857142857142856, 2.104955819552414, 1.8421248698937813, 2.9914845130531322, 7.0347199745232, 1.7857142857142856, 2.4426529200813323, 2.174603174603175, 2.7398315175886245, 2.4328859900050417, 3.3874016289655358, 2.5634920634920633, 3.0576574918333437, 2.907687831607289, 3.7430207161639717, 2.9523809523809526, 3.3903290497766787, 3.282156266944796, 4.040805033183432, 3.341269841269841, 3.733880277935698, 3.6596338793676297, 4.352984687150981, 3.7301587301587302, 4.085567516264683, 4.0392771181472815, 4.1190476190476195, 4.443459357950699, 4.420528054335083, 4.507936507936507, 4.806169923896217, 4.803003857685448, 6.961437447610746, 4.896825396825396, 5.172685641402538, 5.186433550188563, 5.285714285714286, 5.542251644231057, 5.5706201647486475, 5.955417215031154, 6.340713566001629, 10.051652038326162, 11.51901672934171], [3.620691982320369, 3.2142857142857144, 3.064314389180223, 2.5714285714285716, 2.3659048309123176, 2.365904830912317, 2.548953811444966, 1.9285714285714286, 1.7787164472018822, 1.778716447201882, 2.104955819552414, 1.2857142857142856, 6.736108766278044, 1.2476735720546575, 1.2476735720546572, 1.7863490935145423, 0.6428571428571428, 0.880952380952381, 0.8809523809523806, 1.666666666666667, 0.0, 0.906639655459989, 0.9066396554599887, 1.7863490935145427, 0.6428571428571432, 1.3017082793177759, 1.3017082793177757, 2.104955819552414, 1.2857142857142856, 1.8421248698937813, 1.842124869893781, 5.434116775709299, 2.4426529200813323, 1.7857142857142856, 2.7398315175886245, 2.174603174603175, 2.4328859900050417, 2.4328859900050412, 3.0576574918333437, 2.5634920634920633, 2.907687831607289, 2.907687831607289, 3.3903290497766787, 2.9523809523809526, 3.282156266944796, 3.282156266944796, 3.733880277935698, 3.341269841269841, 3.6596338793676297, 3.6596338793676297, 4.085567516264683, 3.7301587301587302, 4.0392771181472815, 4.443459357950699, 4.1190476190476195, 4.420528054335083, 4.806169923896217, 4.507936507936507, 4.803003857685448, 5.867435693812462, 5.172685641402538, 4.896825396825396, 5.186433550188563, 5.542251644231057, 5.285714285714286, 5.5706201647486475, 5.955417215031154, 6.340713566001629, 9.338338801791444, 10.632479598785832], [3.667362333511753, 3.667362333511753, 3.0448275906345406, 3.0448275906345406, 2.571428571428571, 3.0643143891802223, 2.4328859900050417, 2.4328859900050417, 1.9285714285714284, 2.5489538114449655, 1.8421248698937804, 1.8421248698937804, 7.6205739259881975, 1.2857142857142856, 2.1049558195524134, 1.3017082793177754, 1.3017082793177754, 0.6428571428571423, 1.7863490935145419, 0.906639655459989, 0.906639655459989, 0.0, 1.6666666666666665, 0.8809523809523813, 0.8809523809523813, 0.6428571428571432, 1.7863490935145423, 1.2476735720546575, 1.2476735720546575, 1.2857142857142865, 2.1049558195524143, 6.140957296771042, 1.6538623796964056, 1.6538623796964056, 1.9994015229531574, 1.9994015229531574, 1.9285714285714288, 2.548953811444966, 2.358478591126538, 2.358478591126538, 2.428571428571429, 2.9454603988937365, 2.725748560564511, 2.725748560564511, 2.817460317460318, 3.2735088847048166, 3.0982992595679413, 3.0982992595679413, 3.2063492063492065, 3.61364815814074, 3.474432403150402, 3.474432403150402, 3.595238095238096, 3.853098997182161, 3.853098997182161, 3.984126984126984, 4.233619299832394, 4.233619299832394, 4.3730158730158735, 6.119647555079968, 4.615534855847473, 4.615534855847473, 4.761904761904763, 4.99852585978857, 4.99852585978857, 5.15079365079365, 5.5396825396825395, 5.928571428571429, 9.344394348068079, 10.752747948804801], [4.359484148476322, 3.667362333511753, 3.850523420555301, 3.0448275906345406, 3.0643143891802223, 2.571428571428571, 3.3874016289655358, 2.4328859900050412, 2.5489538114449655, 1.9285714285714284, 2.991484513053132, 1.8421248698937802, 5.994921426305111, 2.1049558195524134, 1.2857142857142856, 2.692582403567252, 1.3017082793177752, 1.7863490935145419, 0.6428571428571423, 2.5253813613805267, 0.9066396554599887, 1.6666666666666665, 0.0, 2.516273564829791, 0.8809523809523809, 1.7863490935145423, 0.6428571428571432, 2.6668792432277812, 1.2476735720546572, 2.1049558195524143, 1.2857142857142865, 4.531166992137105, 2.8793777672494825, 1.6538623796964056, 3.090818986214327, 1.9994015229531572, 2.548953811444966, 1.9285714285714288, 3.334363030678839, 2.3584785911265373, 2.9454603988937365, 2.428571428571429, 3.6035067324725594, 2.7257485605645106, 3.2735088847048166, 2.817460317460318, 3.8929441117738652, 3.0982992595679413, 3.61364815814074, 3.2063492063492065, 4.198480210697323, 3.474432403150402, 3.962766046491898, 4.516849282148092, 3.853098997182161, 4.318685633781018, 4.845522462177724, 4.233619299832393, 4.679855297274325, 5.117915030576545, 5.182539682539683, 4.615534855847473, 5.045147642956451, 5.526374609681342, 4.998525859788569, 5.413728198832479, 5.784968488958377, 6.158387529333571, 8.732946031405529, 9.937869099361613], [3.8571428571428577, 4.201824460658244, 3.214285714285715, 3.62069198232037, 2.9761904761904767, 3.7964806474052324, 2.571428571428572, 3.064314389180223, 2.3659048309123176, 3.3396199221602747, 1.9285714285714288, 2.5489538114449664, 8.494491929142274, 1.7787164472018826, 2.9528609440849127, 1.285714285714286, 2.1049558195524143, 1.2476735720546575, 2.6668792432277812, 0.6428571428571432, 1.7863490935145427, 0.8809523809523813, 2.516273564829791, 0.0, 1.666666666666667, 0.906639655459989, 2.5253813613805267, 0.6428571428571423, 1.7863490935145423, 1.3017082793177759, 2.692582403567252, 6.905518163028789, 1.1428571428571423, 2.0208662070402803, 1.5317460317460316, 2.2636306420322847, 1.8421248698937804, 2.991484513053132, 1.92063492063492, 2.542954241849445, 2.2991914185509477, 3.2926944490331738, 2.3095238095238093, 2.8481007714852975, 2.6653672192976003, 3.5580525529089333, 2.6984126984126977, 3.171625587728267, 3.0371948874045915, 3.8444906476192844, 3.087301587301587, 3.5084482137738155, 3.4128276092192866, 3.4761904761904763, 3.8550846948588755, 3.791134517822434, 3.865079365079364, 4.209111102850586, 4.171388103497746, 6.534972708533573, 4.253968253968253, 4.56880987605607, 4.553100660383292, 4.642857142857142, 4.932940322643014, 4.935933718453427, 5.319645369585332, 5.7040583078312155, 9.49868413191949, 11.003483409570013], [4.201824460658244, 3.8571428571428577, 3.62069198232037, 3.214285714285715, 2.9761904761904767, 2.9761904761904767, 3.064314389180223, 2.571428571428572, 2.3659048309123176, 2.3659048309123176, 2.5489538114449664, 1.9285714285714288, 6.873467196590552, 1.7787164472018826, 1.7787164472018824, 2.1049558195524143, 1.285714285714286, 1.2476735720546575, 1.2476735720546572, 1.7863490935145427, 0.6428571428571432, 0.8809523809523813, 0.8809523809523809, 1.666666666666667, 0.0, 0.906639655459989, 0.9066396554599887, 1.7863490935145423, 0.6428571428571423, 1.3017082793177759, 1.3017082793177757, 5.265787795953237, 2.0208662070402803, 1.1428571428571423, 2.2636306420322847, 1.5317460317460316, 1.8421248698937804, 1.8421248698937802, 2.542954241849445, 1.92063492063492, 2.2991914185509477, 2.2991914185509477, 2.8481007714852975, 2.3095238095238093, 2.6653672192976003, 2.6653672192976003, 3.171625587728267, 2.6984126984126977, 3.0371948874045915, 3.0371948874045915, 3.5084482137738155, 3.087301587301587, 3.4128276092192866, 3.8550846948588755, 3.4761904761904763, 3.791134517822434, 4.209111102850586, 3.865079365079364, 4.171388103497746, 5.354536262395271, 4.56880987605607, 4.253968253968253, 4.553100660383292, 4.932940322643014, 4.642857142857142, 4.935933718453427, 5.319645369585332, 5.7040583078312155, 8.74035829445431, 10.071669332956938], [4.29588739681071, 4.29588739681071, 3.667362333511753, 3.667362333511753, 3.2142857142857144, 3.620691982320369, 3.044827590634541, 3.044827590634541, 2.5714285714285716, 3.0643143891802227, 2.4328859900050417, 2.4328859900050417, 7.771854387879319, 1.9285714285714288, 2.548953811444966, 1.8421248698937809, 1.8421248698937809, 1.2857142857142856, 2.1049558195524134, 1.3017082793177759, 1.3017082793177759, 0.6428571428571432, 1.7863490935145423, 0.906639655459989, 0.906639655459989, 0.0, 1.6666666666666665, 0.880952380952381, 0.880952380952381, 0.6428571428571432, 1.7863490935145423, 6.030707767269088, 1.145334616267209, 1.145334616267209, 1.4401864678687624, 1.4401864678687624, 1.2857142857142856, 2.1049558195524134, 1.771708744982401, 1.771708744982401, 1.7857142857142856, 2.442652920081332, 2.1227896333985616, 2.1227896333985616, 2.174603174603175, 2.739831517588624, 2.485153700293837, 2.485153700293837, 2.5634920634920633, 3.0576574918333437, 2.8545071617192304, 2.8545071617192304, 2.9523809523809526, 3.2284520275715836, 3.2284520275715836, 3.341269841269841, 3.6055600103393397, 3.6055600103393397, 3.7301587301587302, 5.670407995563196, 3.984933201170109, 3.984933201170109, 4.1190476190476195, 4.365981147831488, 4.365981147831488, 4.507936507936507, 4.896825396825396, 5.285714285714286, 8.773037156200163, 10.22104069348242], [4.900020824612142, 4.29588739681071, 4.359484148476322, 3.667362333511753, 3.620691982320369, 3.2142857142857144, 3.8505234205553016, 3.044827590634541, 3.0643143891802227, 2.5714285714285716, 3.3874016289655358, 2.4328859900050412, 6.1860857230174195, 2.548953811444966, 1.9285714285714288, 2.991484513053132, 1.8421248698937807, 2.1049558195524134, 1.2857142857142856, 2.692582403567252, 1.3017082793177757, 1.7863490935145423, 0.6428571428571432, 2.5253813613805267, 0.9066396554599887, 1.6666666666666665, 0.0, 2.516273564829791, 0.8809523809523806, 1.7863490935145423, 0.6428571428571432, 4.380588312551983, 2.620562332549163, 1.1453346162672087, 2.7621898229100506, 1.440186467868762, 2.1049558195524134, 1.2857142857142856, 2.9486450163766187, 1.7717087449824007, 2.442652920081332, 1.7857142857142856, 3.1720326894942232, 2.1227896333985616, 2.739831517588624, 2.174603174603175, 3.425134226514299, 2.485153700293837, 3.0576574918333437, 2.5634920634920633, 3.701859896303739, 2.85450716171923, 3.3903290497766787, 3.9973063492665437, 3.2284520275715836, 3.733880277935698, 4.307623305688855, 3.6055600103393397, 4.085567516264683, 4.571268412372227, 4.629821613555257, 3.984933201170109, 4.443459357950699, 4.9615871390892154, 4.365981147831487, 4.806169923896217, 5.172685641402538, 5.542251644231057, 8.118671172014764, 9.359985397603145], [4.5, 4.7987266829626565, 3.857142857142857, 4.201824460658244, 3.5978388574871505, 4.301162633521313, 3.2142857142857144, 3.620691982320369, 2.9761904761904763, 3.796480647405232, 2.571428571428571, 3.0643143891802227, 8.651723165820009, 2.3659048309123176, 3.3396199221602743, 1.9285714285714284, 2.548953811444966, 1.778716447201882, 2.9528609440849123, 1.2857142857142856, 2.104955819552414, 1.2476735720546575, 2.6668792432277812, 0.6428571428571423, 1.7863490935145423, 0.880952380952381, 2.516273564829791, 0.0, 1.666666666666667, 0.9066396554599894, 2.5253813613805267, 6.834589065344765, 0.5, 1.7400510848184252, 0.8888888888888893, 1.8888888888888893, 1.3017082793177759, 2.692582403567252, 1.2777777777777777, 2.1001175746039777, 1.7159383568311668, 2.9154759474226504, 1.666666666666667, 2.357022603955159, 2.0645449084513388, 3.1333530338230164, 2.0555555555555554, 2.646334525292123, 2.4254311058825637, 3.382051390049872, 2.4444444444444446, 2.9585615457098555, 2.793842435706702, 2.833333333333334, 3.287180487219337, 3.1671539586087167, 3.2222222222222214, 3.627739492736557, 3.543817429737125, 6.14627170549797, 3.6111111111111107, 3.9771725175767645, 3.9228674319799404, 4.0, 4.333333333333333, 4.303673423747624, 4.685807307546565, 5.068968775248516, 8.957724174622514, 10.50200354650272], [4.7987266829626565, 4.5, 4.201824460658244, 3.857142857142857, 3.5978388574871505, 3.5978388574871505, 3.620691982320369, 3.2142857142857144, 2.9761904761904763, 2.9761904761904763, 3.0643143891802227, 2.571428571428571, 7.066857286398936, 2.3659048309123176, 2.365904830912317, 2.548953811444966, 1.9285714285714284, 1.778716447201882, 1.7787164472018817, 2.104955819552414, 1.2857142857142856, 1.2476735720546575, 1.2476735720546572, 1.7863490935145423, 0.6428571428571423, 0.880952380952381, 0.8809523809523806, 1.666666666666667, 0.0, 0.9066396554599894, 0.906639655459989, 5.172421841286707, 1.7400510848184252, 0.5, 1.8888888888888893, 0.8888888888888893, 1.3017082793177759, 1.3017082793177757, 2.1001175746039777, 1.2777777777777777, 1.7159383568311668, 1.7159383568311666, 2.357022603955159, 1.666666666666667, 2.0645449084513388, 2.0645449084513388, 2.646334525292123, 2.0555555555555554, 2.4254311058825637, 2.4254311058825637, 2.9585615457098555, 2.4444444444444446, 2.793842435706702, 3.287180487219337, 2.833333333333334, 3.1671539586087167, 3.627739492736557, 3.2222222222222214, 3.543817429737125, 4.872560534445132, 3.9771725175767645, 3.6111111111111107, 3.9228674319799404, 4.333333333333333, 4.0, 4.303673423747624, 4.685807307546565, 5.068968775248516, 8.14921378208191, 9.521237025644224], [4.928111319677988, 4.928111319677988, 4.295887396810711, 4.295887396810711, 3.8571428571428577, 4.201824460658244, 3.6673623335117536, 3.6673623335117536, 3.214285714285715, 3.6206919823203694, 3.044827590634541, 3.044827590634541, 7.972253439498256, 2.571428571428572, 3.064314389180223, 2.432885990005042, 2.432885990005042, 1.9285714285714288, 2.548953811444966, 1.8421248698937813, 1.8421248698937813, 1.2857142857142865, 2.1049558195524143, 1.3017082793177759, 1.3017082793177759, 0.6428571428571432, 1.7863490935145423, 0.9066396554599894, 0.9066396554599894, 0.0, 1.6666666666666665, 5.987824850467724, 0.8454895668840335, 0.8454895668840335, 0.9885334019253453, 0.9885334019253453, 0.6428571428571423, 1.7863490935145419, 1.241778201426048, 1.241778201426048, 1.1428571428571423, 2.0208662070402803, 1.5521910488577735, 1.5521910488577735, 1.5317460317460316, 2.2636306420322843, 1.8918377675091345, 1.8918377675091345, 1.92063492063492, 2.5429542418494444, 2.2475035841564677, 2.2475035841564677, 2.3095238095238093, 2.6126545349167123, 2.6126545349167123, 2.6984126984126977, 2.9838103513206087, 2.9838103513206087, 3.087301587301587, 5.26151100788953, 3.358981072033251, 3.358981072033251, 3.4761904761904763, 3.7369576673692397, 3.73695766736