totalHoles = 70;
zeroHoleID = 64;
C = [[0.0, 1.5, 3.0, 3.666666666666666, 4.5, 6.0, 8.150325012339543, 1.646347224516587, 3.0757859456850163, 4.550874551520121, 6.03824967881202, 2.0883273476902775, 5.5901699437494745, 6.235064639947223, 2.0228288940723282, 3.292694449033174, 4.7001953932463145, 6.151571891370033, 2.5286622259727025, 3.6254837819332777, 4.939041673549761, 6.335939760845365, 3.1011847637274874, 4.0456577881446565, 5.255220921976117, 6.585388898066348, 3.7096468284510236, 4.528960100490701, 5.6357323917869575, 6.892857142857143, 4.338955013853554, 5.057324451945405, 6.068486682216983, 7.250967563866555, 4.981214711292819, 5.618051263561058, 6.5431261641512, 7.652613932506983, 5.631996782234703, 6.202369527454975, 7.05119761140631, 8.091315576289313, 6.288655967498224, 6.804204132560327, 7.585986677918108, 8.561378036131275, 6.9495264851173095, 7.419293656902047, 8.142230552333123, 9.057920200981401, 7.613511753750026, 8.044598263710238, 8.715822464029989, 9.576824172161134, 8.279862465583566, 8.677910027707108, 9.303554291182461, 10.11464890389081, 8.94805018095095, 9.317596366060098, 9.902908766661254, 10.668533265675105, 12.372960126760479, 9.617692030835672, 9.962429422585638, 10.51189802081432, 11.236102527122116, 11.661903789690601, 11.978945932918155, 13.770541883287144], [1.5, 0.0, 1.5, 2.166666666666666, 3.0, 4.5, 6.650716790762072, 0.6785714285714286, 1.646347224516587, 3.0757859456850163, 4.550874551520121, 1.0540925533894596, 4.123105625617661, 4.762709244900478, 1.3571428571428572, 2.0228288940723282, 3.292694449033174, 4.7001953932463145, 2.0357142857142856, 2.5286622259727025, 3.6254837819332777, 4.939041673549761, 2.7142857142857144, 3.1011847637274874, 4.0456577881446565, 5.255220921976117, 3.3928571428571432, 3.7096468284510236, 4.528960100490701, 5.6357323917869575, 4.071428571428571, 4.338955013853554, 5.057324451945405, 6.068486682216983, 4.75, 4.981214711292819, 5.618051263561058, 6.5431261641512, 5.428571428571429, 5.631996782234703, 6.202369527454975, 7.05119761140631, 6.107142857142858, 6.288655967498224, 6.804204132560327, 7.585986677918108, 6.7857142857142865, 6.9495264851173095, 7.419293656902047, 8.142230552333123, 7.464285714285714, 7.613511753750026, 8.044598263710238, 8.715822464029989, 8.142857142857142, 8.279862465583566, 8.677910027707108, 9.303554291182461, 8.821428571428571, 8.94805018095095, 9.317596366060098, 9.902908766661254, 11.45946727698383, 9.5, 9.617692030835672, 9.962429422585638, 10.51189802081432, 10.965856099730654, 11.974798343146963, 13.512937041197675], [3.0, 1.5, 0.0, 0.6666666666666661, 1.5, 3.0, 5.151336705660145, 1.646347224516587, 0.6785714285714286, 1.646347224516587, 3.0757859456850163, 1.5365907428821481, 2.692582403567252, 3.3152326673403745, 2.0228288940723282, 1.3571428571428572, 2.0228288940723282, 3.292694449033174, 2.5286622259727025, 2.0357142857142856, 2.5286622259727025, 3.6254837819332777, 3.1011847637274874, 2.7142857142857144, 3.1011847637274874, 4.0456577881446565, 3.7096468284510236, 3.3928571428571432, 3.7096468284510236, 4.528960100490701, 4.338955013853554, 4.071428571428571, 4.338955013853554, 5.057324451945405, 4.981214711292819, 4.75, 4.981214711292819, 5.618051263561058, 5.631996782234703, 5.428571428571429, 5.631996782234703, 6.202369527454975, 6.288655967498224, 6.107142857142858, 6.288655967498224, 6.804204132560327, 6.9495264851173095, 6.7857142857142865, 6.9495264851173095, 7.419293656902047, 7.613511753750026, 7.464285714285714, 7.613511753750026, 8.044598263710238, 8.279862465583566, 8.142857142857142, 8.279862465583566, 8.677910027707108, 8.94805018095095, 8.821428571428571, 8.94805018095095, 9.317596366060098, 10.67935570369869, 9.617692030835672, 9.5, 9.617692030835672, 9.962429422585638, 10.44030650891055, 12.157156125274287, 13.419057761235656], [3.666666666666666, 2.166666666666666, 0.6666666666666661, 0.0, 0.8333333333333339, 2.333333333333334, 4.485078629217375, 2.270441284886687, 0.951264226236808, 1.07466442581762, 2.4300007465262055, 2.0883273476902775, 2.0883273476902784, 2.690443620916409, 2.556615180104022, 1.5120453627911834, 1.5925706198276808, 2.699311241620411, 2.9729744528847983, 2.1420964258187976, 2.1996765892979973, 3.0965427653280795, 3.473008981160278, 2.7949582077769883, 2.8393293897010183, 3.5793562805649786, 4.025658211557605, 3.457733945271264, 3.4936977597212358, 4.117757160916751, 4.612046731841443, 4.125648440753204, 4.155836264422522, 4.6926511756883595, 5.220818369225695, 4.79655547705272, 4.822545432076763, 5.292158769769142, 5.844983507209108, 5.469353910613802, 5.4921609772061935, 5.908792786986737, 6.480095548832244, 6.143422362331559, 6.163735744010727, 6.537708950541885, 7.1232269942626, 6.81838417895262, 6.836692388267252, 7.175678561069427, 7.772387385413458, 7.493997976309724, 7.510659469642745, 7.820486280848158, 8.4261834120451, 8.170102012424572, 8.185387400326512, 8.470570635643387, 9.083614175275212, 8.846583887877895, 8.860702369748166, 9.124803914893775, 10.383505809752792, 9.74394398816231, 9.523363084774434, 9.536479667279979, 9.782353727219459, 10.268614533832908, 12.29620810688167, 13.431003005792387], [4.5, 3.0, 1.5, 0.8333333333333339, 0.0, 1.5, 3.6524657259498685, 3.0757859456850163, 1.646347224516587, 0.6785714285714286, 1.646347224516587, 2.8480012484391772, 1.4142135623730951, 1.9488806853527663, 3.292694449033174, 2.0228288940723282, 1.3571428571428572, 2.0228288940723282, 3.6254837819332777, 2.5286622259727025, 2.0357142857142856, 2.5286622259727025, 4.0456577881446565, 3.1011847637274874, 2.7142857142857144, 3.1011847637274874, 4.528960100490701, 3.7096468284510236, 3.3928571428571432, 3.7096468284510236, 5.057324451945405, 4.338955013853554, 4.071428571428571, 4.338955013853554, 5.618051263561058, 4.981214711292819, 4.75, 4.981214711292819, 6.202369527454975, 5.631996782234703, 5.428571428571429, 5.631996782234703, 6.804204132560327, 6.288655967498224, 6.107142857142858, 6.288655967498224, 7.419293656902047, 6.9495264851173095, 6.7857142857142865, 6.9495264851173095, 8.044598263710238, 7.613511753750026, 7.464285714285714, 7.613511753750026, 8.677910027707108, 8.279862465583566, 8.142857142857142, 8.279862465583566, 9.317596366060098, 8.94805018095095, 8.821428571428571, 8.94805018095095, 10.063691480762927, 9.962429422585638, 9.617692030835672, 9.5, 9.617692030835672, 10.111874208078342, 12.517871015054954, 13.492322072919311], [6.0, 4.5, 3.0, 2.333333333333334, 1.5, 0.0, 2.1551663284757105, 4.550874551520121, 3.0757859456850163, 1.646347224516587, 0.6785714285714286, 4.28498671072748, 1.118033988749895, 1.0514296043394256, 4.7001953932463145, 3.292694449033174, 2.0228288940723282, 1.3571428571428572, 4.939041673549761, 3.6254837819332777, 2.5286622259727025, 2.0357142857142856, 5.255220921976117, 4.0456577881446565, 3.1011847637274874, 2.7142857142857144, 5.6357323917869575, 4.528960100490701, 3.7096468284510236, 3.3928571428571432, 6.068486682216983, 5.057324451945405, 4.338955013853554, 4.071428571428571, 6.5431261641512, 5.618051263561058, 4.981214711292819, 4.75, 7.05119761140631, 6.202369527454975, 5.631996782234703, 5.428571428571429, 7.585986677918108, 6.804204132560327, 6.288655967498224, 6.107142857142858, 8.142230552333123, 7.419293656902047, 6.9495264851173095, 6.7857142857142865, 8.715822464029989, 8.044598263710238, 7.613511753750026, 7.464285714285714, 9.303554291182461, 8.677910027707108, 8.279862465583566, 8.142857142857142, 9.902908766661254, 9.317596366060098, 8.94805018095095, 8.821428571428571, 9.644020644619072, 10.51189802081432, 9.962429422585638, 9.617692030835672, 9.5, 10.0, 13.042152600119806, 13.730054575251781], [8.150325012339543, 6.650716790762072, 5.151336705660145, 4.485078629217375, 3.6524657259498685, 2.1551663284757105, 0.0, 6.668143646248618, 5.173816358469132, 3.684102568512414, 2.2083586120638876, 6.369790597351699, 2.776114047017769, 2.1830934984348875, 6.754047964771499, 5.284070394552953, 3.8373996350064936, 2.455579765127768, 6.905874781749895, 5.476800391229001, 4.09872889436751, 2.8467199675556585, 7.1194078025725736, 5.743709905930854, 4.449094234520684, 3.331467474222459, 7.389299478624498, 6.0750294492255135, 4.869314000258581, 3.874849010899805, 7.709633225881516, 6.460857567055104, 5.342931454354452, 4.455463225085261, 8.07440775151832, 6.8920458908756626, 5.857007135567882, 5.060510706465312, 8.47788859122889, 7.360627078547449, 6.401801856790237, 5.682191745951547, 8.91482180192884, 7.859916270820111, 6.970116197629685, 6.315596237301485, 9.380534042491902, 8.38442931549348, 7.556645483987152, 6.957523050254336, 9.870952763127788, 8.929722530742884, 8.157461645647748, 7.605814652249359, 10.382577538780902, 9.49221535643575, 8.769628749104015, 8.258972358669608, 10.912426064493735, 10.069025704466107, 9.39092725247918, 8.915926799021689, 9.265712943603157, 11.457970467959573, 10.65782920058258, 10.019658641538028, 9.575896580326285, 10.063773396219618, 13.897403064638722, 14.18225195505471], [1.646347224516587, 0.6785714285714286, 1.646347224516587, 2.270441284886687, 3.0757859456850163, 4.550874551520121, 6.668143646248618, 0.0, 1.5, 3.0, 4.5, 0.46306310330420747, 4.01289375968647, 4.661656102248027, 0.6785714285714286, 1.646347224516587, 3.0757859456850163, 4.550874551520121, 1.357142857142857, 2.022828894072328, 3.292694449033174, 4.7001953932463145, 2.0357142857142856, 2.5286622259727025, 3.6254837819332777, 4.939041673549761, 2.7142857142857144, 3.1011847637274874, 4.0456577881446565, 5.255220921976117, 3.3928571428571423, 3.7096468284510227, 4.5289601004907, 5.635732391786957, 4.071428571428571, 4.338955013853554, 5.057324451945405, 6.068486682216983, 4.75, 4.981214711292819, 5.618051263561058, 6.5431261641512, 5.428571428571429, 5.631996782234703, 6.202369527454975, 7.05119761140631, 6.107142857142858, 6.288655967498224, 6.804204132560327, 7.585986677918108, 6.785714285714286, 6.949526485117309, 7.419293656902046, 8.142230552333121, 7.4642857142857135, 7.613511753750025, 8.044598263710238, 8.715822464029989, 8.142857142857142, 8.279862465583566, 8.677910027707108, 9.303554291182461, 10.907706905592184, 8.821428571428571, 8.94805018095095, 9.317596366060098, 9.902908766661254, 10.350798549495826, 11.297517021326923, 12.839345139940916], [3.0757859456850163, 1.646347224516587, 0.6785714285714286, 0.951264226236808, 1.646347224516587, 3.0757859456850163, 5.173816358469132, 1.5, 0.0, 1.5, 3.0, 1.2101352972464376, 2.520578569799127, 3.1683443472524506, 1.646347224516587, 0.6785714285714286, 1.646347224516587, 3.0757859456850163, 2.022828894072328, 1.357142857142857, 2.022828894072328, 3.292694449033174, 2.5286622259727025, 2.0357142857142856, 2.5286622259727025, 3.6254837819332777, 3.1011847637274874, 2.7142857142857144, 3.1011847637274874, 4.0456577881446565, 3.7096468284510227, 3.3928571428571423, 3.7096468284510227, 4.5289601004907, 4.338955013853554, 4.071428571428571, 4.338955013853554, 5.057324451945405, 4.981214711292819, 4.75, 4.981214711292819, 5.618051263561058, 5.631996782234703, 5.428571428571429, 5.631996782234703, 6.202369527454975, 6.288655967498224, 6.107142857142858, 6.288655967498224, 6.804204132560327, 6.949526485117309, 6.785714285714286, 6.949526485117309, 7.419293656902046, 7.613511753750025, 7.4642857142857135, 7.613511753750025, 8.044598263710238, 8.279862465583566, 8.142857142857142, 8.279862465583566, 8.677910027707108, 10.085004606452193, 8.94805018095095, 8.821428571428571, 8.94805018095095, 9.317596366060098, 9.792294450854962, 11.490628378919512, 12.74050341793962], [4.550874551520121, 3.0757859456850163, 1.646347224516587, 1.07466442581762, 0.6785714285714286, 1.646347224516587, 3.684102568512414, 3.0, 1.5, 0.0, 1.5, 2.6859686218646943, 1.0503886549894816, 1.686942260395077, 3.0757859456850163, 1.646347224516587, 0.6785714285714286, 1.646347224516587, 3.292694449033174, 2.022828894072328, 1.357142857142857, 2.022828894072328, 3.6254837819332777, 2.5286622259727025, 2.0357142857142856, 2.5286622259727025, 4.0456577881446565, 3.1011847637274874, 2.7142857142857144, 3.1011847637274874, 4.5289601004907, 3.7096468284510227, 3.3928571428571423, 3.7096468284510227, 5.057324451945405, 4.338955013853554, 4.071428571428571, 4.338955013853554, 5.618051263561058, 4.981214711292819, 4.75, 4.981214711292819, 6.202369527454975, 5.631996782234703, 5.428571428571429, 5.631996782234703, 6.804204132560327, 6.288655967498224, 6.107142857142858, 6.288655967498224, 7.419293656902046, 6.949526485117309, 6.785714285714286, 6.949526485117309, 8.044598263710238, 7.613511753750025, 7.4642857142857135, 7.613511753750025, 8.677910027707108, 8.279862465583566, 8.142857142857142, 8.279862465583566, 9.4306185314655, 9.317596366060098, 8.94805018095095, 8.821428571428571, 8.94805018095095, 9.441346864311516, 11.871612790084138, 12.817646861360233], [6.03824967881202, 4.550874551520121, 3.0757859456850163, 2.4300007465262055, 1.646347224516587, 0.6785714285714286, 2.2083586120638876, 4.5, 3.0, 1.5, 0.0, 4.179046235403687, 0.5944041777533299, 0.3913342267769897, 4.550874551520121, 3.0757859456850163, 1.646347224516587, 0.6785714285714286, 4.7001953932463145, 3.292694449033174, 2.022828894072328, 1.357142857142857, 4.939041673549761, 3.6254837819332777, 2.5286622259727025, 2.0357142857142856, 5.255220921976117, 4.0456577881446565, 3.1011847637274874, 2.7142857142857144, 5.635732391786957, 4.5289601004907, 3.7096468284510227, 3.3928571428571423, 6.068486682216983, 5.057324451945405, 4.338955013853554, 4.071428571428571, 6.5431261641512, 5.618051263561058, 4.981214711292819, 4.75, 7.05119761140631, 6.202369527454975, 5.631996782234703, 5.428571428571429, 7.585986677918108, 6.804204132560327, 6.288655967498224, 6.107142857142858, 8.142230552333121, 7.419293656902046, 6.949526485117309, 6.785714285714286, 8.715822464029989, 8.044598263710238, 7.613511753750025, 7.4642857142857135, 9.303554291182461, 8.677910027707108, 8.279862465583566, 8.142857142857142, 8.981414914136806, 9.902908766661254, 9.317596366060098, 8.94805018095095, 8.821428571428571, 9.321428571428571, 12.423197653299578, 13.067659116404307], [2.0883273476902775, 1.0540925533894596, 1.5365907428821481, 2.0883273476902775, 2.8480012484391772, 4.28498671072748, 6.369790597351699, 0.46306310330420747, 1.2101352972464376, 2.6859686218646943, 4.179046235403687, 0.0, 3.666666666666667, 4.314405634422212, 0.4885305840162663, 1.2201074262208533, 2.6904761904761907, 4.181944778631023, 1.0880327167616624, 1.5600689705086004, 2.860736826893338, 4.293461912343438, 1.7463924591325952, 2.073616797124096, 3.1701556146844267, 4.505539548302201, 2.415962834406515, 2.662118783456809, 3.5828586934504636, 4.804880478974848, 3.0894634777739105, 3.285541748402973, 4.067528067573581, 5.176367894624461, 3.7647856660255057, 3.9272905559827263, 4.601479230759508, 5.605676686280713, 4.441098513776777, 4.579667674522934, 5.169463802859084, 6.080572013311766, 5.118009307765708, 5.238703968958012, 5.7614251079378285, 6.591207725020994, 5.795308525611858, 5.902169169638353, 6.370682923127589, 7.129908898929179, 6.472874238468524, 6.568721405801092, 6.99271770537246, 7.6907802534612495, 7.1506306906717265, 7.237507808242864, 7.624402879857309, 8.269311898482027, 7.828528342483681, 7.907961558396089, 8.263525640371082, 8.862045813979428, 10.451161473582776, 8.506533436783231, 8.579691784155834, 8.908485343261844, 9.466314547441952, 9.917717031207893, 11.003553398294567, 12.482437569838725], [5.5901699437494745, 4.123105625617661, 2.692582403567252, 2.0883273476902784, 1.4142135623730951, 1.118033988749895, 2.776114047017769, 4.01289375968647, 2.520578569799127, 1.0503886549894816, 0.5944041777533299, 3.666666666666667, 0.0, 0.648842227192545, 4.015912227677314, 2.5253813613805267, 1.0618620533798933, 0.6144518047887592, 4.131912884080768, 2.7060495342163735, 1.4396888836247408, 1.1500887277217584, 4.3518703462079475, 3.0312993105604207, 1.9846348556356865, 1.7857142857142858, 4.6610905704697965, 3.4606018705020736, 2.5934080485188695, 2.4445378512353724, 5.0431808880296725, 3.960261793036889, 3.230119729884289, 3.1118601301131377, 5.482928049865327, 4.5069390943299865, 3.881043674065006, 3.783186487605389, 5.967599592630121, 5.085493574665018, 4.540071023448773, 4.456707854230428, 6.4871340485044175, 5.686203317088241, 5.204124149486185, 5.131560012634103, 7.033810474836407, 6.302736690987366, 5.87149808787488, 5.807279035479385, 7.601775437088257, 6.930872224757745, 6.5411764840828415, 6.483593895049132, 8.186599303939659, 7.567721464434675, 7.212517463636764, 7.160335757718719, 8.784915759297819, 8.211257205687762, 7.885096378482585, 7.837394011912326, 8.797628725634576, 9.394147114027968, 8.860022573334675, 8.558621384311845, 8.514693182963201, 9.013878188659973, 11.925779638142341, 12.649889727250764], [6.235064639947223, 4.762709244900478, 3.3152326673403745, 2.690443620916409, 1.9488806853527663, 1.0514296043394256, 2.1830934984348875, 4.661656102248027, 3.1683443472524506, 1.686942260395077, 0.3913342267769897, 4.314405634422212, 0.648842227192545, 0.0, 4.658282327976589, 3.1633783419438277, 1.6775967398095328, 0.3488539931832036, 4.752795939865149, 3.300975239704009, 1.9245274277804498, 1.0055715327213313, 4.939581218302342, 3.564664205692528, 2.348233205302624, 1.6797522060191283, 5.208720989432894, 3.9291401900287397, 2.871499768420568, 2.3564547963370033, 5.548243365846461, 4.369253109376882, 3.4493102239346127, 3.033992305211096, 5.946104011443685, 4.86451654350635, 4.058434364282274, 3.711907565703591, 6.391417663593973, 5.399776665533616, 4.68667860267606, 4.3900255821489145, 6.874969451091571, 5.964274745564848, 5.327282752747682, 5.068264970861647, 7.38925629029949, 6.550456229215707, 5.976273512650769, 5.746582757182868, 7.928299342315836, 7.152992293334729, 6.631188960936517, 6.424954110558815, 8.487383034030444, 7.768078208507438, 7.290432589402937, 7.103363684042139, 9.062799205470508, 8.392955243882644, 7.952928140814392, 7.781801481668481, 8.59538567134267, 9.651627141490334, 9.025589995423744, 8.617925681545035, 8.460260713463489, 8.960188915368018, 12.159574565632706, 12.74908937377872], [2.0228288940723282, 1.3571428571428572, 2.0228288940723282, 2.556615180104022, 3.292694449033174, 4.7001953932463145, 6.754047964771499, 0.6785714285714286, 1.646347224516587, 3.0757859456850163, 4.550874551520121, 0.4885305840162663, 4.015912227677314, 4.658282327976589, 0.0, 1.5, 3.0, 4.5, 0.6785714285714284, 1.6463472245165869, 3.0757859456850163, 4.550874551520121, 1.3571428571428572, 2.0228288940723282, 3.292694449033174, 4.7001953932463145, 2.035714285714286, 2.528662225972703, 3.625483781933278, 4.939041673549761, 2.714285714285714, 3.101184763727487, 4.045657788144656, 5.255220921976117, 3.392857142857143, 3.709646828451023, 4.5289601004907, 5.635732391786957, 4.071428571428571, 4.338955013853554, 5.057324451945405, 6.068486682216983, 4.75, 4.981214711292819, 5.618051263561058, 6.5431261641512, 5.428571428571429, 5.631996782234703, 6.202369527454975, 7.05119761140631, 6.107142857142858, 6.288655967498224, 6.804204132560327, 7.585986677918108, 6.785714285714285, 6.949526485117309, 7.419293656902045, 8.142230552333121, 7.4642857142857135, 7.613511753750025, 8.044598263710238, 8.715822464029989, 10.371001300341764, 8.142857142857142, 8.279862465583566, 8.677910027707108, 9.303554291182461, 9.744176701591403, 10.620400402181401, 12.166306675940055], [3.292694449033174, 2.0228288940723282, 1.3571428571428572, 1.5120453627911834, 2.0228288940723282, 3.292694449033174, 5.284070394552953, 1.646347224516587, 0.6785714285714286, 1.646347224516587, 3.0757859456850163, 1.2201074262208533, 2.5253813613805267, 3.1633783419438277, 1.5, 0.0, 1.5, 3.0, 1.6463472245165869, 0.6785714285714284, 1.6463472245165869, 3.0757859456850163, 2.0228288940723282, 1.3571428571428572, 2.0228288940723282, 3.292694449033174, 2.528662225972703, 2.035714285714286, 2.528662225972703, 3.625483781933278, 3.101184763727487, 2.714285714285714, 3.101184763727487, 4.045657788144656, 3.709646828451023, 3.392857142857143, 3.709646828451023, 4.5289601004907, 4.338955013853554, 4.071428571428571, 4.338955013853554, 5.057324451945405, 4.981214711292819, 4.75, 4.981214711292819, 5.618051263561058, 5.631996782234703, 5.428571428571429, 5.631996782234703, 6.202369527454975, 6.288655967498224, 6.107142857142858, 6.288655967498224, 6.804204132560327, 6.949526485117309, 6.785714285714285, 6.949526485117309, 7.419293656902045, 7.613511753750025, 7.4642857142857135, 7.613511753750025, 8.044598263710238, 9.501942745857242, 8.279862465583566, 8.142857142857142, 8.279862465583566, 8.677910027707108, 9.14871464151313, 10.825597184354946, 12.061950996958586], [4.7001953932463145, 3.292694449033174, 2.0228288940723282, 1.5925706198276808, 1.3571428571428572, 2.0228288940723282, 3.8373996350064936, 3.0757859456850163, 1.646347224516587, 0.6785714285714286, 1.646347224516587, 2.6904761904761907, 1.0618620533798933, 1.6775967398095328, 3.0, 1.5, 0.0, 1.5, 3.0757859456850163, 1.6463472245165869, 0.6785714285714284, 1.6463472245165869, 3.292694449033174, 2.0228288940723282, 1.3571428571428572, 2.0228288940723282, 3.625483781933278, 2.528662225972703, 2.035714285714286, 2.528662225972703, 4.045657788144656, 3.101184763727487, 2.714285714285714, 3.101184763727487, 4.5289601004907, 3.709646828451023, 3.392857142857143, 3.709646828451023, 5.057324451945405, 4.338955013853554, 4.071428571428571, 4.338955013853554, 5.618051263561058, 4.981214711292819, 4.75, 4.981214711292819, 6.202369527454975, 5.631996782234703, 5.428571428571429, 5.631996782234703, 6.804204132560327, 6.288655967498224, 6.107142857142858, 6.288655967498224, 7.419293656902045, 6.949526485117309, 6.785714285714285, 6.949526485117309, 8.044598263710238, 7.613511753750025, 7.4642857142857135, 7.613511753750025, 8.804326431897426, 8.677910027707108, 8.279862465583566, 8.142857142857142, 8.279862465583566, 8.77205674809715, 11.229167560116492, 12.143405847332822], [6.151571891370033, 4.7001953932463145, 3.292694449033174, 2.699311241620411, 2.0228288940723282, 1.3571428571428572, 2.455579765127768, 4.550874551520121, 3.0757859456850163, 1.646347224516587, 0.6785714285714286, 4.181944778631023, 0.6144518047887592, 0.3488539931832036, 4.5, 3.0, 1.5, 0.0, 4.550874551520121, 3.0757859456850163, 1.6463472245165869, 0.6785714285714284, 4.7001953932463145, 3.292694449033174, 2.0228288940723282, 1.3571428571428572, 4.939041673549761, 3.625483781933278, 2.528662225972703, 2.035714285714286, 5.255220921976117, 4.045657788144656, 3.101184763727487, 2.714285714285714, 5.635732391786957, 4.5289601004907, 3.709646828451023, 3.392857142857143, 6.068486682216983, 5.057324451945405, 4.338955013853554, 4.071428571428571, 6.5431261641512, 5.618051263561058, 4.981214711292819, 4.75, 7.05119761140631, 6.202369527454975, 5.631996782234703, 5.428571428571429, 7.585986677918108, 6.804204132560327, 6.288655967498224, 6.107142857142858, 8.142230552333121, 7.419293656902045, 6.949526485117309, 6.785714285714285, 8.715822464029989, 8.044598263710238, 7.613511753750025, 7.4642857142857135, 8.321382811364119, 9.303554291182461, 8.677910027707108, 8.279862465583566, 8.142857142857142, 8.642857142857142, 11.810793952500884, 12.407012101752933], [2.5286622259727025, 2.0357142857142856, 2.5286622259727025, 2.9729744528847983, 3.6254837819332777, 4.939041673549761, 6.905874781749895, 1.357142857142857, 2.022828894072328, 3.292694449033174, 4.7001953932463145, 1.0880327167616624, 4.131912884080768, 4.752795939865149, 0.6785714285714284, 1.6463472245165869, 3.0757859456850163, 4.550874551520121, 0.0, 1.5, 3.0, 4.5, 0.6785714285714288, 1.646347224516587, 3.0757859456850163, 4.550874551520122, 1.3571428571428577, 2.0228288940723282, 3.292694449033174, 4.7001953932463145, 2.0357142857142856, 2.5286622259727025, 3.6254837819332777, 4.939041673549761, 2.7142857142857144, 3.1011847637274874, 4.0456577881446565, 5.255220921976117, 3.3928571428571432, 3.7096468284510236, 4.528960100490701, 5.6357323917869575, 4.071428571428572, 4.338955013853555, 5.057324451945406, 6.068486682216984, 4.750000000000001, 4.98121471129282, 5.618051263561059, 6.543126164151201, 5.428571428571429, 5.631996782234703, 6.202369527454975, 7.05119761140631, 6.107142857142857, 6.288655967498223, 6.804204132560326, 7.585986677918108, 6.785714285714286, 6.949526485117309, 7.419293656902046, 8.142230552333121, 9.851811222938888, 7.464285714285714, 7.613511753750026, 8.044598263710238, 8.715822464029989, 9.147668934694538, 9.943482132808663, 11.493918870901677], [3.6254837819332777, 2.5286622259727025, 2.0357142857142856, 2.1420964258187976, 2.5286622259727025, 3.6254837819332777, 5.476800391229001, 2.022828894072328, 1.357142857142857, 2.022828894072328, 3.292694449033174, 1.5600689705086004, 2.7060495342163735, 3.300975239704009, 1.6463472245165869, 0.6785714285714284, 1.6463472245165869, 3.0757859456850163, 1.5, 0.0, 1.5, 3.0, 1.646347224516587, 0.6785714285714288, 1.646347224516587, 3.0757859456850163, 2.0228288940723282, 1.3571428571428577, 2.0228288940723282, 3.292694449033174, 2.5286622259727025, 2.0357142857142856, 2.5286622259727025, 3.6254837819332777, 3.1011847637274874, 2.7142857142857144, 3.1011847637274874, 4.0456577881446565, 3.7096468284510236, 3.3928571428571432, 3.7096468284510236, 4.528960100490701, 4.338955013853555, 4.071428571428572, 4.338955013853555, 5.057324451945406, 4.98121471129282, 4.750000000000001, 4.98121471129282, 5.618051263561059, 5.631996782234703, 5.428571428571429, 5.631996782234703, 6.202369527454975, 6.288655967498223, 6.107142857142857, 6.288655967498223, 6.804204132560326, 6.949526485117309, 6.785714285714286, 6.949526485117309, 7.419293656902046, 8.932381112910665, 7.613511753750026, 7.464285714285714, 7.613511753750026, 8.044598263710238, 8.51057265633609, 10.162356351788889, 11.383400842054028], [4.939041673549761, 3.6254837819332777, 2.5286622259727025, 2.1996765892979973, 2.0357142857142856, 2.5286622259727025, 4.09872889436751, 3.292694449033174, 2.022828894072328, 1.357142857142857, 2.022828894072328, 2.860736826893338, 1.4396888836247408, 1.9245274277804498, 3.0757859456850163, 1.6463472245165869, 0.6785714285714284, 1.6463472245165869, 3.0, 1.5, 0.0, 1.5, 3.0757859456850163, 1.646347224516587, 0.6785714285714288, 1.646347224516587, 3.292694449033174, 2.0228288940723282, 1.3571428571428577, 2.0228288940723282, 3.6254837819332777, 2.5286622259727025, 2.0357142857142856, 2.5286622259727025, 4.0456577881446565, 3.1011847637274874, 2.7142857142857144, 3.1011847637274874, 4.528960100490701, 3.7096468284510236, 3.3928571428571432, 3.7096468284510236, 5.057324451945406, 4.338955013853555, 4.071428571428572, 4.338955013853555, 5.618051263561059, 4.98121471129282, 4.750000000000001, 4.98121471129282, 6.202369527454975, 5.631996782234703, 5.428571428571429, 5.631996782234703, 6.804204132560326, 6.288655967498223, 6.107142857142857, 6.288655967498223, 7.419293656902046, 6.949526485117309, 6.785714285714286, 6.949526485117309, 8.186371621184914, 8.044598263710238, 7.613511753750026, 7.464285714285714, 7.613511753750026, 8.104310392548863, 10.59122921647921, 11.469675603559288], [6.335939760845365, 4.939041673549761, 3.6254837819332777, 3.0965427653280795, 2.5286622259727025, 2.0357142857142856, 2.8467199675556585, 4.7001953932463145, 3.292694449033174, 2.022828894072328, 1.357142857142857, 4.293461912343438, 1.1500887277217584, 1.0055715327213313, 4.550874551520121, 3.0757859456850163, 1.6463472245165869, 0.6785714285714284, 4.5, 3.0, 1.5, 0.0, 4.550874551520122, 3.0757859456850163, 1.646347224516587, 0.6785714285714288, 4.7001953932463145, 3.292694449033174, 2.0228288940723282, 1.3571428571428577, 4.939041673549761, 3.6254837819332777, 2.5286622259727025, 2.0357142857142856, 5.255220921976117, 4.0456577881446565, 3.1011847637274874, 2.7142857142857144, 5.6357323917869575, 4.528960100490701, 3.7096468284510236, 3.3928571428571432, 6.068486682216984, 5.057324451945406, 4.338955013853555, 4.071428571428572, 6.543126164151201, 5.618051263561059, 4.98121471129282, 4.750000000000001, 7.05119761140631, 6.202369527454975, 5.631996782234703, 5.428571428571429, 7.585986677918108, 6.804204132560326, 6.288655967498223, 6.107142857142857, 8.142230552333121, 7.419293656902046, 6.949526485117309, 6.785714285714286, 7.664589244962856, 8.715822464029989, 8.044598263710238, 7.613511753750026, 7.464285714285714, 7.964285714285714, 11.20601561712555, 11.748408495234147], [3.1011847637274874, 2.7142857142857144, 3.1011847637274874, 3.473008981160278, 4.0456577881446565, 5.255220921976117, 7.1194078025725736, 2.0357142857142856, 2.5286622259727025, 3.6254837819332777, 4.939041673549761, 1.7463924591325952, 4.3518703462079475, 4.939581218302342, 1.3571428571428572, 2.0228288940723282, 3.292694449033174, 4.7001953932463145, 0.6785714285714288, 1.646347224516587, 3.0757859456850163, 4.550874551520122, 0.0, 1.5, 3.0, 4.5, 0.6785714285714288, 1.646347224516587, 3.0757859456850163, 4.550874551520122, 1.3571428571428568, 2.022828894072328, 3.2926944490331738, 4.7001953932463145, 2.0357142857142856, 2.5286622259727025, 3.6254837819332777, 4.939041673549761, 2.7142857142857144, 3.1011847637274874, 4.0456577881446565, 5.255220921976117, 3.3928571428571432, 3.7096468284510236, 4.528960100490701, 5.6357323917869575, 4.071428571428572, 4.338955013853555, 5.057324451945406, 6.068486682216984, 4.75, 4.981214711292819, 5.618051263561058, 6.5431261641512, 5.428571428571428, 5.631996782234702, 6.202369527454974, 7.051197611406309, 6.107142857142857, 6.288655967498223, 6.804204132560326, 7.585986677918108, 9.35305400072648, 6.785714285714286, 6.949526485117309, 7.419293656902046, 8.142230552333121, 8.563389086866321, 9.266805680258015, 10.822303001490146], [4.0456577881446565, 3.1011847637274874, 2.7142857142857144, 2.7949582077769883, 3.1011847637274874, 4.0456577881446565, 5.743709905930854, 2.5286622259727025, 2.0357142857142856, 2.5286622259727025, 3.6254837819332777, 2.073616797124096, 3.0312993105604207, 3.564664205692528, 2.0228288940723282, 1.3571428571428572, 2.0228288940723282, 3.292694449033174, 1.646347224516587, 0.6785714285714288, 1.646347224516587, 3.0757859456850163, 1.5, 0.0, 1.5, 3.0, 1.646347224516587, 0.6785714285714288, 1.646347224516587, 3.0757859456850163, 2.022828894072328, 1.3571428571428568, 2.022828894072328, 3.2926944490331738, 2.5286622259727025, 2.0357142857142856, 2.5286622259727025, 3.6254837819332777, 3.1011847637274874, 2.7142857142857144, 3.1011847637274874, 4.0456577881446565, 3.7096468284510236, 3.3928571428571432, 3.7096468284510236, 4.528960100490701, 4.338955013853555, 4.071428571428572, 4.338955013853555, 5.057324451945406, 4.981214711292819, 4.75, 4.981214711292819, 5.618051263561058, 5.631996782234702, 5.428571428571428, 5.631996782234702, 6.202369527454974, 6.288655967498223, 6.107142857142857, 6.288655967498223, 6.804204132560326, 8.379073165593208, 6.949526485117309, 6.785714285714286, 6.949526485117309, 7.419293656902046, 7.879189847507243, 9.501280819495921, 10.704853384146341], [5.255220921976117, 4.0456577881446565, 3.1011847637274874, 2.8393293897010183, 2.7142857142857144, 3.1011847637274874, 4.449094234520684, 3.6254837819332777, 2.5286622259727025, 2.0357142857142856, 2.5286622259727025, 3.1701556146844267, 1.9846348556356865, 2.348233205302624, 3.292694449033174, 2.0228288940723282, 1.3571428571428572, 2.0228288940723282, 3.0757859456850163, 1.646347224516587, 0.6785714285714288, 1.646347224516587, 3.0, 1.5, 0.0, 1.5, 3.0757859456850163, 1.646347224516587, 0.6785714285714288, 1.646347224516587, 3.2926944490331738, 2.022828894072328, 1.3571428571428568, 2.022828894072328, 3.6254837819332777, 2.5286622259727025, 2.0357142857142856, 2.5286622259727025, 4.0456577881446565, 3.1011847637274874, 2.7142857142857144, 3.1011847637274874, 4.528960100490701, 3.7096468284510236, 3.3928571428571432, 3.7096468284510236, 5.057324451945406, 4.338955013853555, 4.071428571428572, 4.338955013853555, 5.618051263561058, 4.981214711292819, 4.75, 4.981214711292819, 6.202369527454974, 5.631996782234702, 5.428571428571428, 5.631996782234702, 6.804204132560326, 6.288655967498223, 6.107142857142857, 6.288655967498223, 7.5787937752799905, 7.419293656902046, 6.949526485117309, 6.785714285714286, 6.949526485117309, 7.438523553304192, 9.958663911699198, 10.796551750261566], [6.585388898066348, 5.255220921976117, 4.0456577881446565, 3.5793562805649786, 3.1011847637274874, 2.7142857142857144, 3.331467474222459, 4.939041673549761, 3.6254837819332777, 2.5286622259727025, 2.0357142857142856, 4.505539548302201, 1.7857142857142858, 1.6797522060191283, 4.7001953932463145, 3.292694449033174, 2.0228288940723282, 1.3571428571428572, 4.550874551520122, 3.0757859456850163, 1.646347224516587, 0.6785714285714288, 4.5, 3.0, 1.5, 0.0, 4.550874551520122, 3.0757859456850163, 1.646347224516587, 0.6785714285714288, 4.7001953932463145, 3.2926944490331738, 2.022828894072328, 1.3571428571428568, 4.939041673549761, 3.6254837819332777, 2.5286622259727025, 2.0357142857142856, 5.255220921976117, 4.0456577881446565, 3.1011847637274874, 2.7142857142857144, 5.6357323917869575, 4.528960100490701, 3.7096468284510236, 3.3928571428571432, 6.068486682216984, 5.057324451945406, 4.338955013853555, 4.071428571428572, 6.5431261641512, 5.618051263561058, 4.981214711292819, 4.75, 7.051197611406309, 6.202369527454974, 5.631996782234702, 5.428571428571428, 7.585986677918108, 6.804204132560326, 6.288655967498223, 6.107142857142857, 7.011944313960378, 8.142230552333121, 7.419293656902046, 6.949526485117309, 6.785714285714286, 7.285714285714286, 10.610166662283813, 11.092212286829117], [3.7096468284510236, 3.3928571428571432, 3.7096468284510236, 4.025658211557605, 4.528960100490701, 5.6357323917869575, 7.389299478624498, 2.7142857142857144, 3.1011847637274874, 4.0456577881446565, 5.255220921976117, 2.415962834406515, 4.6610905704697965, 5.208720989432894, 2.035714285714286, 2.528662225972703, 3.625483781933278, 4.939041673549761, 1.3571428571428577, 2.0228288940723282, 3.292694449033174, 4.7001953932463145, 0.6785714285714288, 1.646347224516587, 3.0757859456850163, 4.550874551520122, 0.0, 1.5, 3.0, 4.5, 0.6785714285714279, 1.6463472245165869, 3.075785945685016, 4.550874551520121, 1.3571428571428568, 2.022828894072328, 3.2926944490331738, 4.7001953932463145, 2.0357142857142856, 2.5286622259727025, 3.6254837819332777, 4.939041673549761, 2.7142857142857144, 3.1011847637274874, 4.0456577881446565, 5.255220921976117, 3.3928571428571432, 3.7096468284510236, 4.528960100490701, 5.6357323917869575, 4.071428571428571, 4.338955013853554, 5.057324451945405, 6.068486682216983, 4.749999999999999, 4.981214711292818, 5.618051263561058, 6.5431261641512, 5.428571428571428, 5.631996782234702, 6.202369527454974, 7.051197611406309, 8.878173926880098, 6.107142857142857, 6.288655967498223, 6.804204132560326, 7.585986677918108, 7.994018810003756, 8.590428189164166, 10.151612279268877], [4.528960100490701, 3.7096468284510236, 3.3928571428571432, 3.457733945271264, 3.7096468284510236, 4.528960100490701, 6.0750294492255135, 3.1011847637274874, 2.7142857142857144, 3.1011847637274874, 4.0456577881446565, 2.662118783456809, 3.4606018705020736, 3.9291401900287397, 2.528662225972703, 2.035714285714286, 2.528662225972703, 3.625483781933278, 2.0228288940723282, 1.3571428571428577, 2.0228288940723282, 3.292694449033174, 1.646347224516587, 0.6785714285714288, 1.646347224516587, 3.0757859456850163, 1.5, 0.0, 1.5, 3.0, 1.6463472245165869, 0.6785714285714279, 1.6463472245165869, 3.075785945685016, 2.022828894072328, 1.3571428571428568, 2.022828894072328, 3.2926944490331738, 2.5286622259727025, 2.0357142857142856, 2.5286622259727025, 3.6254837819332777, 3.1011847637274874, 2.7142857142857144, 3.1011847637274874, 4.0456577881446565, 3.7096468284510236, 3.3928571428571432, 3.7096468284510236, 4.528960100490701, 4.338955013853554, 4.071428571428571, 4.338955013853554, 5.057324451945405, 4.981214711292818, 4.749999999999999, 4.981214711292818, 5.618051263561058, 5.631996782234702, 5.428571428571428, 5.631996782234702, 6.202369527454974, 7.845458574856676, 6.288655967498223, 6.107142857142857, 6.288655967498223, 6.804204132560326, 7.256330803835632, 8.842856222309917, 10.026309170807039], [5.6357323917869575, 4.528960100490701, 3.7096468284510236, 3.4936977597212358, 3.3928571428571432, 3.7096468284510236, 4.869314000258581, 4.0456577881446565, 3.1011847637274874, 2.7142857142857144, 3.1011847637274874, 3.5828586934504636, 2.5934080485188695, 2.871499768420568, 3.625483781933278, 2.528662225972703, 2.035714285714286, 2.528662225972703, 3.292694449033174, 2.0228288940723282, 1.3571428571428577, 2.0228288940723282, 3.0757859456850163, 1.646347224516587, 0.6785714285714288, 1.646347224516587, 3.0, 1.5, 0.0, 1.5, 3.075785945685016, 1.6463472245165869, 0.6785714285714279, 1.6463472245165869, 3.2926944490331738, 2.022828894072328, 1.3571428571428568, 2.022828894072328, 3.6254837819332777, 2.5286622259727025, 2.0357142857142856, 2.5286622259727025, 4.0456577881446565, 3.1011847637274874, 2.7142857142857144, 3.1011847637274874, 4.528960100490701, 3.7096468284510236, 3.3928571428571432, 3.7096468284510236, 5.057324451945405, 4.338955013853554, 4.071428571428571, 4.338955013853554, 5.618051263561058, 4.981214711292818, 4.749999999999999, 4.981214711292818, 6.202369527454974, 5.631996782234702, 5.428571428571428, 5.631996782234702, 6.984301555893094, 6.804204132560326, 6.288655967498223, 6.107142857142857, 6.288655967498223, 6.7752739232221355, 9.332564270537015, 10.12415523925903], [6.892857142857143, 5.6357323917869575, 4.528960100490701, 4.117757160916751, 3.7096468284510236, 3.3928571428571432, 3.874849010899805, 5.255220921976117, 4.0456577881446565, 3.1011847637274874, 2.7142857142857144, 4.804880478974848, 2.4445378512353724, 2.3564547963370033, 4.939041673549761, 3.625483781933278, 2.528662225972703, 2.035714285714286, 4.7001953932463145, 3.292694449033174, 2.0228288940723282, 1.3571428571428577, 4.550874551520122, 3.0757859456850163, 1.646347224516587, 0.6785714285714288, 4.5, 3.0, 1.5, 0.0, 4.550874551520121, 3.075785945685016, 1.6463472245165869, 0.6785714285714279, 4.7001953932463145, 3.2926944490331738, 2.022828894072328, 1.3571428571428568, 4.939041673549761, 3.6254837819332777, 2.5286622259727025, 2.0357142857142856, 5.255220921976117, 4.0456577881446565, 3.1011847637274874, 2.7142857142857144, 5.6357323917869575, 4.528960100490701, 3.7096468284510236, 3.3928571428571432, 6.068486682216983, 5.057324451945405, 4.338955013853554, 4.071428571428571, 6.5431261641512, 5.618051263561058, 4.981214711292818, 4.749999999999999, 7.051197611406309, 6.202369527454974, 5.631996782234702, 5.428571428571428, 6.364724361471535, 7.585986677918108, 6.804204132560326, 6.288655967498223, 6.107142857142857, 6.607142857142857, 10.024839428088757, 10.438877479337652], [4.338955013853554, 4.071428571428571, 4.338955013853554, 4.612046731841443, 5.057324451945405, 6.068486682216983, 7.709633225881516, 3.3928571428571423, 3.7096468284510227, 4.5289601004907, 5.635732391786957, 3.0894634777739105, 5.0431808880296725, 5.548243365846461, 2.714285714285714, 3.101184763727487, 4.045657788144656, 5.255220921976117, 2.0357142857142856, 2.5286622259727025, 3.6254837819332777, 4.939041673549761, 1.3571428571428568, 2.022828894072328, 3.2926944490331738, 4.7001953932463145, 0.6785714285714279, 1.6463472245165869, 3.075785945685016, 4.550874551520121, 0.0, 1.5, 3.0, 4.5, 0.6785714285714288, 1.646347224516587, 3.0757859456850163, 4.550874551520122, 1.3571428571428577, 2.0228288940723282, 3.292694449033174, 4.7001953932463145, 2.0357142857142865, 2.5286622259727034, 3.6254837819332786, 4.939041673549761, 2.7142857142857153, 3.101184763727488, 4.0456577881446565, 5.255220921976117, 3.3928571428571432, 3.7096468284510236, 4.528960100490701, 5.6357323917869575, 4.071428571428571, 4.338955013853554, 5.057324451945405, 6.068486682216983, 4.75, 4.981214711292819, 5.618051263561058, 6.5431261641512, 8.431206543473388, 5.428571428571429, 5.631996782234703, 6.2023