totalHoles = 70;
zeroHoleID = 41;
C = [[0.0, 1.666666666666667, 3.0, 3.5, 0.55, 1.7550720149833678, 1.3017082793177759, 2.692582403567252, 1.1, 1.9969421067666882, 1.7598137527717086, 2.9415132160165456, 1.6500000000000004, 2.3452671015851863, 3.515837184954831, 5.087988171463861, 2.2593017603774057, 3.2649655434629015, 2.2, 2.7600322059312603, 2.777938884216938, 3.643144246389374, 2.75, 3.2156302302624566, 3.3067271499844746, 4.060788100849391, 3.3000000000000003, 3.696995777354605, 4.737556801183965, 3.84147685720537, 4.5069390943299865, 3.8500000000000005, 4.1952684988898845, 4.38000507356378, 4.973932046178356, 4.4, 4.7050799969583705, 4.9210714732103265, 5.456418239101545, 4.95, 5.223052534464667, 5.463922075253677, 5.950630218724736, 5.5, 5.74697988318889, 6.264982043070834, 6.0080732722266665, 6.453874805107394, 6.0, 6.227180564089801, 6.5, 6.553201083779166, 6.710274046399132, 6.96419413859206, 7.0, 7.0494286608522, 7.195677714974301, 7.433034373659253, 7.5, 7.54615428178118, 7.68295371441074, 7.905694150420948, 8.043285674675769, 8.381527307120106, 12.296170839920205, 8.540751983545972, 8.860022573334675, 10.435966357823283, 14.165189760223882, 15.073074181395905], [1.666666666666667, 0.0, 1.333333333333333, 1.833333333333333, 1.7550720149833678, 0.55, 1.3017082793177759, 1.3017082793177757, 1.9969421067666882, 1.1, 1.7598137527717086, 1.7598137527717084, 2.3452671015851863, 1.6500000000000004, 2.2669117514559067, 3.6235723874979766, 2.2593017603774057, 2.2593017603774057, 2.7600322059312603, 2.2, 2.777938884216938, 2.7779388842169377, 3.2156302302624566, 2.75, 3.3067271499844746, 3.3067271499844746, 3.696995777354605, 3.3000000000000003, 3.9015666369065407, 3.84147685720537, 3.84147685720537, 4.1952684988898845, 3.8500000000000005, 4.38000507356378, 4.38000507356378, 4.7050799969583705, 4.4, 4.9210714732103265, 4.921071473210326, 5.223052534464667, 4.95, 5.463922075253677, 5.463922075253677, 5.74697988318889, 5.5, 5.659308948783215, 6.0080732722266665, 6.0080732722266665, 6.227180564089801, 6.0, 6.710274046399132, 6.553201083779166, 6.5, 6.553201083779166, 7.195677714974301, 7.0494286608522, 7.0, 7.0494286608522, 7.68295371441074, 7.54615428178118, 7.5, 7.54615428178118, 8.043285674675769, 8.043285674675769, 11.138409562549612, 8.540751983545972, 8.540751983545972, 9.801880462025562, 13.769410929519012, 14.530762894338574], [3.0, 1.333333333333333, 0.0, 0.5, 3.05, 1.4423168090879954, 2.3863035105460586, 1.118033988749895, 3.1953090617340916, 1.728518954995223, 2.664009092410242, 1.6286497474902328, 3.4238136631539984, 2.1213858153994, 1.833333333333333, 2.6314253588166028, 3.017357195368895, 2.1587033144922905, 3.7202150475476548, 2.572504184209965, 3.42300225598004, 2.6967573120323602, 4.0697051490249265, 3.056186803482041, 3.864510893301304, 3.23882694814033, 4.459820624195552, 3.5591821782226574, 3.666666666666666, 4.330928820062094, 3.783186487605389, 4.88082984747471, 4.074343846287127, 4.815022787531171, 4.328972164382673, 5.325410782277739, 4.597583906551112, 5.311962391098458, 4.875705077217038, 5.788134414472421, 5.126429339977074, 5.818457222017229, 5.4230987451825, 6.264982043070834, 5.659308948783215, 5.5, 6.332214813510707, 5.970971445250765, 6.708203932499369, 6.146362971528592, 7.158910531638177, 6.851601597031489, 6.635343079131461, 6.519202405202649, 7.615773105863909, 7.327649312326869, 7.125852775477317, 7.0178344238090995, 8.077747210701755, 7.806692285753579, 7.617596588017626, 7.516648189186454, 8.288211172770904, 8.0156097709407, 10.313042605844835, 8.771798244627178, 8.514693182963201, 9.476857813010264, 13.59234852658666, 14.223201970807596], [3.5, 1.833333333333333, 0.5, 0.0, 3.542950747611375, 1.9140561933002673, 2.848001248439177, 1.4142135623730951, 3.6687872655688283, 2.13801569477661, 3.0844142249560305, 1.8445866745696715, 3.8694314827891705, 2.4664977419635137, 1.9002923751652296, 2.3481614190754097, 3.3942762278740823, 2.3259406699226015, 4.1340053217188775, 2.8637582144991067, 3.759469525227078, 2.8324018076537096, 4.451123453691214, 3.3050886691753236, 4.165466493816883, 3.3526109228480423, 4.810405388322278, 3.775064385028567, 3.700600551862419, 4.601479230759508, 3.881043674065006, 5.2031240615614776, 4.264224561524769, 5.059754056385658, 4.4147480109288235, 5.622277118748239, 4.766666666666667, 5.5347638713057234, 4.952019789944302, 6.062384019509157, 5.278599351258922, 6.022550216570312, 5.491812087098393, 6.519202405202649, 5.7975090436420285, 5.522680508593631, 6.520246246201988, 6.033448433524563, 6.946221994724902, 6.27384340823957, 7.3824115301167, 7.025746302785998, 6.75359986311827, 6.576473218982953, 7.826237921249264, 7.490735018081411, 7.236097782030803, 7.0710678118654755, 8.276472678623424, 7.959969290839703, 7.720823214600313, 7.566372975210778, 8.432740427115679, 8.06225774829855, 10.031750571770377, 8.908485343261844, 8.558621384311845, 9.400943607199551, 13.559197175928634, 14.13859230875332], [0.55, 1.7550720149833678, 3.05, 3.542950747611375, 0.0, 1.666666666666667, 0.9470715096783582, 2.5401771591761073, 0.55, 1.7550720149833678, 1.3017082793177757, 2.692582403567252, 1.1000000000000003, 1.9969421067666884, 3.2629655904475063, 4.893328536233133, 1.7598137527717088, 2.9415132160165456, 1.6500000000000001, 2.345267101585186, 2.259301760377406, 3.264965543462902, 2.2, 2.7600322059312603, 2.777938884216938, 3.643144246389374, 2.75, 3.2156302302624566, 4.325923151318237, 3.3067271499844746, 4.060788100849391, 3.3000000000000007, 3.6969957773546054, 3.841476857205371, 4.506939094329987, 3.8500000000000005, 4.1952684988898845, 4.38000507356378, 4.973932046178356, 4.4, 4.7050799969583705, 4.9210714732103265, 5.456418239101545, 4.95, 5.223052534464667, 5.788134414472421, 5.463922075253677, 5.950630218724736, 5.45, 5.69914710968034, 5.95, 6.0080732722266665, 6.179019159848736, 6.453874805107394, 6.45, 6.503610108581575, 6.66185242839991, 6.91755014437915, 6.95, 6.999781742629154, 7.147046787154662, 7.38596642288604, 7.496462128527326, 7.8582758923316, 11.926868436111972, 7.9935564328053905, 8.333816652650812, 9.947515889735316, 13.64027630036618, 14.564629406086267], [1.7550720149833678, 0.55, 1.4423168090879954, 1.9140561933002673, 1.666666666666667, 0.0, 0.9470715096783582, 0.9470715096783578, 1.7550720149833678, 0.55, 1.3017082793177757, 1.3017082793177754, 1.9969421067666884, 1.1000000000000003, 1.8506005031400539, 3.344744740334472, 1.7598137527717088, 1.7598137527717086, 2.345267101585186, 1.6500000000000001, 2.259301760377406, 2.259301760377406, 2.7600322059312603, 2.2, 2.777938884216938, 2.7779388842169377, 3.2156302302624566, 2.75, 3.389895114732738, 3.3067271499844746, 3.3067271499844746, 3.6969957773546054, 3.3000000000000007, 3.841476857205371, 3.841476857205371, 4.1952684988898845, 3.8500000000000005, 4.38000507356378, 4.38000507356378, 4.7050799969583705, 4.4, 4.9210714732103265, 4.921071473210326, 5.223052534464667, 4.95, 5.126429339977074, 5.463922075253677, 5.463922075253677, 5.69914710968034, 5.45, 6.179019159848736, 6.0080732722266665, 5.95, 6.0080732722266665, 6.66185242839991, 6.503610108581575, 6.45, 6.503610108581575, 7.147046787154662, 6.999781742629154, 6.95, 6.999781742629154, 7.496462128527326, 7.496462128527326, 10.729330871536991, 7.9935564328053905, 7.9935564328053905, 9.280115255036204, 13.228802438359166, 14.002640277828167], [1.3017082793177759, 1.3017082793177759, 2.3863035105460586, 2.848001248439177, 0.9470715096783582, 0.9470715096783582, 0.0, 1.6666666666666665, 0.8393118874676115, 0.8393118874676115, 0.5499999999999998, 1.7550720149833672, 1.0568559241658464, 1.0568559241658464, 2.321398046197353, 3.9663399015903402, 1.1, 1.996942106766688, 1.4609738000540753, 1.4609738000540753, 1.6500000000000004, 2.345267101585186, 1.9382838916021679, 1.9382838916021679, 2.2, 2.7600322059312603, 2.4463124175878366, 2.4463124175878366, 3.4359213546813834, 2.75, 3.215630230262456, 2.969334006885121, 2.969334006885121, 3.3000000000000007, 3.696995777354605, 3.5006348630561925, 3.5006348630561925, 3.8500000000000005, 4.195268498889884, 4.036947416606321, 4.036947416606321, 4.4, 4.7050799969583705, 4.576510072581994, 4.576510072581994, 4.994441354590566, 4.95, 5.223052534464667, 5.068968775248516, 5.068968775248516, 5.562773089426212, 5.5, 5.562773089426212, 5.74697988318889, 6.057593948462083, 6.0, 6.057593948462083, 6.227180564089801, 6.553201083779166, 6.5, 6.553201083779166, 6.710274046399132, 7.0, 7.195677714974301, 11.005488281511333, 7.5, 7.68295371441074, 9.17312815428092, 12.974705720414091, 13.839344098744245], [2.692582403567252, 1.3017082793177757, 1.118033988749895, 1.4142135623730951, 2.5401771591761073, 0.9470715096783578, 1.6666666666666665, 0.0, 2.5019992006393608, 0.8393118874676112, 1.7550720149833672, 0.5499999999999998, 2.583118270617898, 1.056855924165846, 0.9718253158075498, 2.3983917960181302, 1.996942106766688, 1.1, 2.7730849247724096, 1.4609738000540748, 2.345267101585186, 1.6500000000000004, 3.0516389039334255, 1.9382838916021676, 2.7600322059312603, 2.2, 3.397057550292606, 2.4463124175878366, 2.7131367660166172, 3.215630230262456, 2.75, 3.791108017453473, 2.969334006885121, 3.696995777354605, 3.3000000000000007, 4.220189569201839, 3.5006348630561925, 4.195268498889884, 3.8500000000000005, 4.67466576345304, 4.036947416606321, 4.7050799969583705, 4.4, 5.1478150704935, 4.576510072581994, 4.527692569068709, 5.223052534464667, 4.95, 5.5901699437494745, 5.068968775248516, 6.041522986797286, 5.74697988318889, 5.562773089426212, 5.5, 6.5, 6.227180564089801, 6.057593948462083, 6.0, 6.96419413859206, 6.710274046399132, 6.553201083779166, 6.5, 7.195677714974301, 7.0, 9.837016842053986, 7.68295371441074, 7.5, 8.60764338729586, 12.651673514279842, 13.351057181918137], [1.1, 1.9969421067666882, 3.1953090617340916, 3.6687872655688283, 0.55, 1.7550720149833678, 0.8393118874676115, 2.5019992006393608, 0.0, 1.666666666666667, 0.9470715096783582, 2.5401771591761073, 0.5500000000000003, 1.7550720149833678, 3.0883292858401252, 4.754650848808019, 1.3017082793177759, 2.692582403567252, 1.1, 1.9969421067666882, 1.7598137527717088, 2.9415132160165456, 1.65, 2.345267101585186, 2.2593017603774057, 3.2649655434629015, 2.2, 2.7600322059312603, 3.9481359877514066, 2.7779388842169377, 3.643144246389374, 2.7500000000000004, 3.215630230262457, 3.306727149984475, 4.060788100849391, 3.3000000000000003, 3.696995777354605, 3.8414768572053704, 4.506939094329987, 3.85, 4.195268498889884, 4.38000507356378, 4.973932046178356, 4.4, 4.7050799969583705, 5.325410782277739, 4.921071473210326, 5.456418239101544, 4.9, 5.175691043501127, 5.4, 5.463922075253677, 5.651351854006064, 5.950630218724736, 5.9, 5.958560601726263, 6.130887193365882, 6.407807737440318, 6.4, 6.454025444979625, 6.613454299968949, 6.870953354520754, 6.950139886681739, 7.338937252763509, 11.57193000584363, 7.446774096509471, 7.810889834071404, 9.465820140455548, 13.11741873073781, 14.059313432575639], [1.9969421067666882, 1.1, 1.728518954995223, 2.13801569477661, 1.7550720149833678, 0.55, 0.8393118874676115, 0.8393118874676112, 1.666666666666667, 0.0, 0.9470715096783582, 0.9470715096783578, 1.7550720149833678, 0.5500000000000003, 1.5216949614017765, 3.138368669954574, 1.3017082793177759, 1.3017082793177757, 1.9969421067666882, 1.1, 1.7598137527717088, 1.7598137527717086, 2.345267101585186, 1.65, 2.2593017603774057, 2.2593017603774057, 2.7600322059312603, 2.2, 2.8923270139380075, 2.7779388842169377, 2.7779388842169377, 3.215630230262457, 2.7500000000000004, 3.306727149984475, 3.306727149984475, 3.696995777354605, 3.3000000000000003, 3.8414768572053704, 3.8414768572053704, 4.195268498889884, 3.85, 4.38000507356378, 4.38000507356378, 4.7050799969583705, 4.4, 4.597583906551112, 4.921071473210326, 4.921071473210326, 5.175691043501127, 4.9, 5.651351854006064, 5.463922075253677, 5.4, 5.463922075253677, 6.130887193365882, 5.958560601726263, 5.9, 5.958560601726263, 6.613454299968949, 6.454025444979625, 6.4, 6.454025444979625, 6.950139886681739, 6.950139886681739, 10.33333994015182, 7.446774096509471, 7.446774096509471, 8.761804477484816, 12.689001164800848, 13.476268000044549], [1.7598137527717086, 1.7598137527717086, 2.664009092410242, 3.0844142249560305, 1.3017082793177757, 1.3017082793177757, 0.5499999999999998, 1.7550720149833672, 0.9470715096783582, 0.9470715096783582, 0.0, 1.6666666666666665, 0.8393118874676117, 0.8393118874676117, 2.185113777866549, 3.8586128006713754, 0.5500000000000003, 1.7550720149833674, 1.0568559241658464, 1.0568559241658464, 1.1000000000000005, 1.9969421067666882, 1.4609738000540753, 1.4609738000540753, 1.6500000000000004, 2.345267101585186, 1.9382838916021683, 1.9382838916021683, 3.0289803931722994, 2.2, 2.7600322059312603, 2.446312417587837, 2.446312417587837, 2.750000000000001, 3.215630230262457, 2.969334006885121, 2.969334006885121, 3.3000000000000007, 3.696995777354605, 3.5006348630561925, 3.5006348630561925, 3.8500000000000005, 4.195268498889884, 4.036947416606321, 4.036947416606321, 4.505213029862677, 4.4, 4.7050799969583705, 4.527355126831166, 4.527355126831166, 5.019655809360284, 4.95, 5.019655809360284, 5.223052534464667, 5.5133424022496955, 5.45, 5.5133424022496955, 5.69914710968034, 6.0080732722266665, 5.95, 6.0080732722266665, 6.179019159848736, 6.45, 6.66185242839991, 10.643079708538473, 6.95, 7.147046787154662, 8.676978661364712, 12.443774553507708, 13.32510073291066], [2.9415132160165456, 1.7598137527717084, 1.6286497474902328, 1.8445866745696715, 2.692582403567252, 1.3017082793177754, 1.7550720149833672, 0.5499999999999998, 2.5401771591761073, 0.9470715096783578, 1.6666666666666665, 0.0, 2.5019992006393608, 0.8393118874676112, 0.5746979883188889, 2.2156993789240453, 1.7550720149833674, 0.5500000000000003, 2.583118270617898, 1.056855924165846, 1.9969421067666882, 1.1000000000000005, 2.7730849247724096, 1.4609738000540748, 2.345267101585186, 1.6500000000000004, 3.051638903933426, 1.938283891602168, 2.1749201773347395, 2.7600322059312603, 2.2, 3.3970575502926064, 2.446312417587837, 3.215630230262457, 2.750000000000001, 3.791108017453473, 2.969334006885121, 3.696995777354605, 3.3000000000000007, 4.220189569201839, 3.5006348630561925, 4.195268498889884, 3.8500000000000005, 4.67466576345304, 4.036947416606321, 3.9815198103236913, 4.7050799969583705, 4.4, 5.1041649659861115, 4.527355126831166, 5.545493666031907, 5.223052534464667, 5.019655809360284, 4.95, 5.996040360104325, 5.69914710968034, 5.5133424022496955, 5.45, 6.453874805107394, 6.179019159848736, 6.0080732722266665, 5.95, 6.66185242839991, 6.45, 9.429807724374546, 7.147046787154662, 6.95, 8.076831262182925, 12.106584130922721, 12.817238093037707], [1.6500000000000004, 2.3452671015851863, 3.4238136631539984, 3.8694314827891705, 1.1000000000000003, 1.9969421067666884, 1.0568559241658464, 2.583118270617898, 0.5500000000000003, 1.7550720149833678, 0.8393118874676117, 2.5019992006393608, 0.0, 1.666666666666667, 3.005596631471214, 4.6769375904140675, 0.9470715096783582, 2.5401771591761073, 0.5499999999999998, 1.7550720149833676, 1.3017082793177759, 2.692582403567252, 1.0999999999999996, 1.996942106766688, 1.7598137527717086, 2.9415132160165456, 1.65, 2.345267101585186, 3.614822878709888, 2.2593017603774053, 3.2649655434629015, 2.2, 2.7600322059312603, 2.777938884216938, 3.643144246389374, 2.75, 3.2156302302624566, 3.3067271499844746, 4.060788100849391, 3.3, 3.6969957773546045, 3.84147685720537, 4.5069390943299865, 3.8499999999999996, 4.195268498889884, 4.880829847474709, 4.380005073563779, 4.973932046178355, 4.35, 4.6583556946392335, 4.85, 4.921071473210326, 5.1283796444664445, 5.456418239101544, 5.35, 5.41451239212216, 5.603595076179022, 5.905294234837075, 5.85, 5.9090561382038365, 6.082785363448046, 6.361800059731522, 6.4044472395706755, 6.824404735945839, 11.232717277131309, 6.900503202263183, 7.291947613635194, 8.991964717811738, 12.596873055035958, 13.55747611667344], [2.3452671015851863, 1.6500000000000004, 2.1213858153994, 2.4664977419635137, 1.9969421067666884, 1.1000000000000003, 1.0568559241658464, 1.056855924165846, 1.7550720149833678, 0.5500000000000003, 0.8393118874676117, 0.8393118874676112, 1.666666666666667, 0.0, 1.3458784822148275, 3.0193374172340803, 0.9470715096783582, 0.9470715096783578, 1.7550720149833676, 0.5499999999999998, 1.3017082793177759, 1.3017082793177757, 1.996942106766688, 1.0999999999999996, 1.7598137527717086, 1.7598137527717084, 2.345267101585186, 1.65, 2.417586032020829, 2.2593017603774053, 2.2593017603774053, 2.7600322059312603, 2.2, 2.777938884216938, 2.7779388842169377, 3.2156302302624566, 2.75, 3.3067271499844746, 3.3067271499844746, 3.6969957773546045, 3.3, 3.84147685720537, 3.84147685720537, 4.195268498889884, 3.8499999999999996, 4.074343846287126, 4.380005073563779, 4.380005073563779, 4.6583556946392335, 4.35, 5.1283796444664445, 4.921071473210326, 4.85, 4.921071473210326, 5.603595076179022, 5.41451239212216, 5.35, 5.41451239212216, 6.082785363448046, 5.9090561382038365, 5.85, 5.9090561382038365, 6.4044472395706755, 6.4044472395706755, 9.9519991803937, 6.900503202263183, 6.900503202263183, 8.247599423868147, 12.150114697709528, 12.951859467574286], [3.515837184954831, 2.2669117514559067, 1.833333333333333, 1.9002923751652296, 3.2629655904475063, 1.8506005031400539, 2.321398046197353, 0.9718253158075498, 3.0883292858401252, 1.5216949614017765, 2.185113777866549, 0.5746979883188889, 3.005596631471214, 1.3458784822148275, 0.0, 1.6735129614054247, 2.183015244004392, 0.5666666666666669, 3.022324344679843, 1.382831234179436, 2.3154673154438803, 0.9575721614815489, 3.136921704119785, 1.6180406532456333, 2.561683474245447, 1.4552586635295388, 3.3393279430315186, 1.9821424996424677, 1.833333333333333, 2.892759159618297, 1.9808107206674523, 3.614822878709889, 2.4175860320208304, 3.28312182059833, 2.5168322241350234, 3.9481359877514075, 2.892327013938009, 3.714124691259332, 3.0578223914704044, 4.3259231513182375, 3.389895114732739, 4.173194885882465, 3.601542879254822, 4.737556801183965, 3.901566636906542, 3.666666666666667, 4.652030619943176, 4.146919874369946, 5.134307266916455, 4.374801582802229, 5.547772325697746, 5.145116346811045, 4.85340659285368, 4.693375946776242, 5.97448277631164, 5.602578771323871, 5.335936864527374, 5.190803834132479, 6.411794687223781, 6.066758241067099, 5.821416398857661, 5.688682721958671, 6.536223850375859, 6.1869037310901955, 8.882165846636106, 7.009913614937697, 6.685390373377193, 7.679575094724687, 11.766612579805896, 12.426656842291067], [5.087988171463861, 3.6235723874979766, 2.6314253588166028, 2.3481614190754097, 4.893328536233133, 3.344744740334472, 3.9663399015903402, 2.3983917960181302, 4.754650848808019, 3.138368669954574, 3.8586128006713754, 2.2156993789240453, 4.6769375904140675, 3.0193374172340803, 1.6735129614054247, 0.0, 3.827653756031536, 2.161333909492406, 4.663237690187524, 2.9980725424290675, 3.875303059970878, 2.244639124420461, 4.714109278086667, 3.0766019404896077, 3.9987515973334697, 2.4516209595768226, 4.827511451700568, 3.2476945716587555, 2.3235993775139123, 4.191307059585864, 2.7545391374953643, 4.999190669184109, 3.49779367049274, 4.443995431848646, 3.1256241601560215, 5.223403859306188, 3.811377846907389, 4.747224023452965, 3.5435246466065906, 5.493722636607359, 4.174163583576203, 5.091971765377955, 3.993570764574692, 5.803708205839559, 4.574459766246836, 3.836639769980543, 5.4703945917971595, 4.466055080518266, 6.1148754809993475, 4.963300853525668, 6.449835296945541, 5.8759899183474555, 5.3705706002440925, 4.954562393671145, 6.805075206588252, 6.2638590924539885, 5.792383083136315, 5.40891502266193, 7.177584675705311, 6.666678628801307, 6.22578308258498, 5.870692883465757, 7.081897849398397, 6.338273277602745, 7.689121281003042, 7.507459647504688, 6.810461170227065, 7.284909442847233, 11.513596120281582, 11.973813385233893], [2.2593017603774057, 2.2593017603774057, 3.017357195368895, 3.3942762278740823, 1.7598137527717088, 1.7598137527717088, 1.1, 1.996942106766688, 1.3017082793177759, 1.3017082793177759, 0.5500000000000003, 1.7550720149833674, 0.9470715096783582, 0.9470715096783582, 2.183015244004392, 3.827653756031536, 0.0, 1.6666666666666665, 0.8393118874676115, 0.8393118874676115, 0.5500000000000003, 1.7550720149833674, 1.056855924165846, 1.056855924165846, 1.1, 1.996942106766688, 1.4609738000540753, 1.4609738000540753, 2.673740617354063, 1.65, 2.3452671015851854, 1.9382838916021683, 1.9382838916021683, 2.2000000000000006, 2.7600322059312608, 2.4463124175878366, 2.4463124175878366, 2.7500000000000004, 3.2156302302624566, 2.9693340068851204, 2.9693340068851204, 3.3000000000000003, 3.696995777354605, 3.500634863056192, 3.500634863056192, 4.031680101948124, 3.85, 4.195268498889884, 3.9880376683833423, 3.9880376683833423, 4.478218891975296, 4.4, 4.478218891975296, 4.7050799969583705, 4.9703565711570885, 4.9, 4.9703565711570885, 5.175691043501127, 5.463922075253677, 5.4, 5.463922075253677, 5.651351854006064, 5.9, 6.130887193365882, 10.297306397797604, 6.4, 6.613454299968949, 8.187712577069119, 11.914573502467716, 12.813827453223535], [3.2649655434629015, 2.2593017603774057, 2.1587033144922905, 2.3259406699226015, 2.9415132160165456, 1.7598137527717086, 1.996942106766688, 1.1, 2.692582403567252, 1.3017082793177757, 1.7550720149833674, 0.5500000000000003, 2.5401771591761073, 0.9470715096783578, 0.5666666666666669, 2.161333909492406, 1.6666666666666665, 0.0, 2.5019992006393608, 0.8393118874676112, 1.7550720149833674, 0.5500000000000003, 2.5831182706178977, 1.0568559241658457, 1.996942106766688, 1.1, 2.7730849247724096, 1.4609738000540748, 1.6445195178058674, 2.3452671015851854, 1.65, 3.051638903933426, 1.938283891602168, 2.7600322059312608, 2.2000000000000006, 3.397057550292606, 2.4463124175878366, 3.2156302302624566, 2.7500000000000004, 3.791108017453473, 2.9693340068851204, 3.696995777354605, 3.3000000000000003, 4.220189569201838, 3.500634863056192, 3.4365680554879163, 4.195268498889884, 3.85, 4.632493928760188, 3.9880376683833423, 5.060632371551998, 4.7050799969583705, 4.478218891975295, 4.4, 5.500909015790027, 5.175691043501127, 4.9703565711570885, 4.9, 5.950630218724736, 5.651351854006064, 5.463922075253677, 5.4, 6.130887193365882, 5.9, 9.03773462138018, 6.613454299968949, 6.4, 7.548766905441754, 11.561959865277586, 12.28484663283941], [2.2, 2.7600322059312603, 3.7202150475476548, 4.1340053217188775, 1.6500000000000001, 2.345267101585186, 1.4609738000540753, 2.7730849247724096, 1.1, 1.9969421067666882, 1.0568559241658464, 2.583118270617898, 0.5499999999999998, 1.7550720149833676, 3.022324344679843, 4.663237690187524, 0.8393118874676115, 2.5019992006393608, 0.0, 1.666666666666667, 0.9470715096783583, 2.5401771591761078, 0.5499999999999998, 1.7550720149833676, 1.3017082793177759, 2.692582403567252, 1.1, 1.9969421067666882, 3.339327943031518, 1.7598137527717086, 2.9415132160165456, 1.6500000000000004, 2.3452671015851863, 2.259301760377406, 3.264965543462902, 2.2, 2.7600322059312603, 2.777938884216938, 3.643144246389374, 2.75, 3.2156302302624566, 3.3067271499844746, 4.060788100849391, 3.3, 3.6969957773546045, 4.459820624195552, 3.84147685720537, 4.5069390943299865, 3.8, 4.149431018558783, 4.3, 4.380005073563779, 4.611700096252767, 4.973932046178355, 4.8, 4.871800944665581, 5.081119736610994, 5.412023651093923, 5.3, 5.365113646927197, 5.555877768433875, 5.860034129593445, 5.859560089669228, 6.315853069855251, 10.910697081111925, 6.354875643507467, 6.777905281132217, 8.527256771159667, 12.078938172367252, 13.059518487024693], [2.7600322059312603, 2.2, 2.572504184209965, 2.8637582144991067, 2.345267101585186, 1.6500000000000001, 1.4609738000540753, 1.4609738000540748, 1.9969421067666882, 1.1, 1.0568559241658464, 1.056855924165846, 1.7550720149833676, 0.5499999999999998, 1.382831234179436, 2.9980725424290675, 0.8393118874676115, 0.8393118874676112, 1.666666666666667, 0.0, 0.9470715096783583, 0.947071509678358, 1.7550720149833676, 0.5499999999999998, 1.3017082793177759, 1.3017082793177757, 1.9969421067666882, 1.1, 1.9821424996424666, 1.7598137527717086, 1.7598137527717084, 2.3452671015851863, 1.6500000000000004, 2.259301760377406, 2.259301760377406, 2.7600322059312603, 2.2, 2.777938884216938, 2.7779388842169377, 3.2156302302624566, 2.75, 3.3067271499844746, 3.3067271499844746, 3.6969957773546045, 3.3, 3.559182178222657, 3.84147685720537, 3.84147685720537, 4.149431018558783, 3.8, 4.611700096252767, 4.380005073563779, 4.3, 4.380005073563779, 5.081119736610994, 4.871800944665581, 4.8, 4.871800944665581, 5.555877768433875, 5.365113646927197, 5.3, 5.365113646927196, 5.859560089669228, 5.859560089669228, 9.587056954789462, 6.354875643507467, 6.354875643507467, 7.7383186036443, 11.612270397070372, 12.429663234640053], [2.777938884216938, 2.777938884216938, 3.42300225598004, 3.759469525227078, 2.259301760377406, 2.259301760377406, 1.6500000000000004, 2.345267101585186, 1.7598137527717088, 1.7598137527717088, 1.1000000000000005, 1.9969421067666882, 1.3017082793177759, 1.3017082793177759, 2.3154673154438803, 3.875303059970878, 0.5500000000000003, 1.7550720149833674, 0.9470715096783583, 0.9470715096783583, 0.0, 1.6666666666666665, 0.8393118874676115, 0.8393118874676115, 0.5499999999999998, 1.7550720149833672, 1.056855924165846, 1.056855924165846, 2.393335654594974, 1.0999999999999996, 1.9969421067666877, 1.4609738000540753, 1.4609738000540753, 1.6500000000000004, 2.345267101585186, 1.9382838916021679, 1.9382838916021679, 2.2, 2.7600322059312603, 2.446312417587836, 2.446312417587836, 2.75, 3.215630230262456, 2.9693340068851204, 2.9693340068851204, 3.580076038919347, 3.3, 3.6969957773546045, 3.452092763012669, 3.452092763012669, 3.9391552958019367, 3.8499999999999996, 3.9391552958019367, 4.195268498889884, 4.42910199074761, 4.35, 4.42910199074761, 4.6583556946392335, 4.921071473210326, 4.85, 4.921071473210326, 5.1283796444664445, 5.35, 5.603595076179022, 9.969899318345373, 5.85, 6.082785363448046, 7.706641019251712, 11.38734377951617, 12.305894459963245], [3.643144246389374, 2.7779388842169377, 2.6967573120323602, 2.8324018076537096, 3.264965543462902, 2.259301760377406, 2.345267101585186, 1.6500000000000004, 2.9415132160165456, 1.7598137527717086, 1.9969421067666882, 1.1000000000000005, 2.692582403567252, 1.3017082793177757, 0.9575721614815489, 2.244639124420461, 1.7550720149833674, 0.5500000000000003, 2.5401771591761078, 0.947071509678358, 1.6666666666666665, 0.0, 2.5019992006393608, 0.8393118874676111, 1.7550720149833672, 0.5499999999999998, 2.5831182706178977, 1.0568559241658457, 1.132965626623822, 1.9969421067666877, 1.0999999999999996, 2.7730849247724096, 1.4609738000540748, 2.345267101585186, 1.6500000000000004, 3.0516389039334255, 1.9382838916021676, 2.7600322059312603, 2.2, 3.3970575502926055, 2.446312417587836, 3.215630230262456, 2.75, 3.7911080174534724, 2.9693340068851204, 2.8935272592460572, 3.6969957773546045, 3.3, 4.180011961705373, 3.452092763012669, 4.590479277809671, 4.195268498889884, 3.9391552958019367, 3.8499999999999996, 5.0172203459684726, 4.6583556946392335, 4.4291019907476095, 4.35, 5.456418239101544, 5.1283796444664445, 4.921071473210326, 4.85, 5.603595076179022, 5.35, 8.662852905037349, 6.082785363448046, 5.85, 7.024070069953027, 11.017869691254726, 11.754076792804902], [2.75, 3.2156302302624566, 4.0697051490249265, 4.451123453691214, 2.2, 2.7600322059312603, 1.9382838916021679, 3.0516389039334255, 1.65, 2.345267101585186, 1.4609738000540753, 2.7730849247724096, 1.0999999999999996, 1.996942106766688, 3.136921704119785, 4.714109278086667, 1.056855924165846, 2.5831182706178977, 0.5499999999999998, 1.7550720149833676, 0.8393118874676115, 2.5019992006393608, 0.0, 1.666666666666667, 0.9470715096783583, 2.5401771591761078, 0.5500000000000003, 1.7550720149833678, 3.136921704119785, 1.3017082793177759, 2.692582403567252, 1.1000000000000005, 1.9969421067666884, 1.7598137527717093, 2.9415132160165456, 1.6500000000000004, 2.3452671015851863, 2.259301760377406, 3.264965543462902, 2.2, 2.7600322059312603, 2.777938884216938, 3.643144246389374, 2.75, 3.2156302302624566, 4.0697051490249265, 3.3067271499844746, 4.060788100849391, 3.25, 3.652434500135188, 3.75, 3.84147685720537, 4.103690750748377, 4.5069390943299865, 4.25, 4.330928820062094, 4.565115308267446, 4.930770730829005, 4.75, 4.822545432076762, 5.033912770179652, 5.367727638395972, 5.315726144605687, 5.814851674806504, 10.607435324507257, 5.810072671184453, 6.269968101992227, 8.073276075807495, 11.56396489008206, 12.565901781078377], [3.2156302302624566, 2.75, 3.056186803482041, 3.3050886691753236, 2.7600322059312603, 2.2, 1.9382838916021679, 1.9382838916021676, 2.345267101585186, 1.65, 1.4609738000540753, 1.4609738000540748, 1.996942106766688, 1.0999999999999996, 1.6180406532456333, 3.0766019404896077, 1.056855924165846, 1.0568559241658457, 1.7550720149833676, 0.5499999999999998, 0.8393118874676115, 0.8393118874676111, 1.666666666666667, 0.0, 0.9470715096783583, 0.947071509678358, 1.7550720149833678, 0.5500000000000003, 1.6180406532456326, 1.3017082793177759, 1.3017082793177757, 1.9969421067666884, 1.1000000000000005, 1.7598137527717093, 1.7598137527717093, 2.3452671015851863, 1.6500000000000004, 2.259301760377406, 2.259301760377406, 2.7600322059312603, 2.2, 2.777938884216938, 2.7779388842169377, 3.2156302302624566, 2.75, 3.056186803482041, 3.3067271499844746, 3.3067271499844746, 3.652434500135188, 3.25, 4.103690750748377, 3.84147685720537, 3.75, 3.84147685720537, 4.565115308267446, 4.330928820062094, 4.25, 4.330928820062094, 5.033912770179652, 4.822545432076762, 4.75, 4.822545432076762, 5.315726144605687, 5.315726144605687, 9.240456396856006, 5.810072671184453, 5.810072671184453, 7.235001960360808, 11.075620090173585, 11.909970301614173], [3.3067271499844746, 3.3067271499844746, 3.864510893301304, 4.165466493816883, 2.777938884216938, 2.777938884216938, 2.2, 2.7600322059312603, 2.2593017603774057, 2.2593017603774057, 1.6500000000000004, 2.345267101585186, 1.7598137527717086, 1.7598137527717086, 2.561683474245447, 3.9987515973334697, 1.1, 1.996942106766688, 1.3017082793177759, 1.3017082793177759, 0.5499999999999998, 1.7550720149833672, 0.9470715096783583, 0.9470715096783583, 0.0, 1.6666666666666665, 0.8393118874676115, 0.8393118874676115, 2.216353361317238, 0.5499999999999998, 1.7550720149833672, 1.0568559241658464, 1.0568559241658464, 1.1000000000000005, 1.9969421067666882, 1.4609738000540753, 1.4609738000540753, 1.6500000000000004, 2.345267101585186, 1.9382838916021679, 1.9382838916021679, 2.2, 2.7600322059312603, 2.446312417587836, 2.446312417587836, 3.159817153641084, 2.75, 3.215630230262456, 2.9213771486140647, 2.9213771486140647, 3.4035928728983498, 3.3, 3.4035928728983498, 3.6969957773546045, 3.890301330802595, 3.8, 3.890301330802595, 4.149431018558783, 4.380005073563779, 4.3, 4.380005073563779, 4.611700096252767, 4.8, 5.081119736610994, 9.662725587833053, 5.3, 5.555877768433875, 7.235398700453924, 10.86237243699853, 11.80173304724874], [4.060788100849391, 3.3067271499844746, 3.23882694814033, 3.3526109228480423, 3.643144246389374, 2.7779388842169377, 2.7600322059312603, 2.2, 3.2649655434629015, 2.2593017603774057, 2.345267101585186, 1.6500000000000004, 2.9415132160165456, 1.7598137527717084, 1.4552586635295388, 2.4516209595768226, 1.996942106766688, 1.1, 2.692582403567252, 1.3017082793177757, 1.7550720149833672, 0.5499999999999998, 2.5401771591761078, 0.947071509678358, 1.6666666666666665, 0.0, 2.5019992006393608, 0.8393118874676112, 0.6839428176227725, 1.7550720149833672, 0.5499999999999998, 2.583118270617898, 1.056855924165846, 1.9969421067666882, 1.1000000000000005, 2.7730849247724096, 1.4609738000540748, 2.345267101585186, 1.6500000000000004, 3.0516389039334255, 1.9382838916021676, 2.7600322059312603, 2.2, 3.3970575502926055, 2.446312417587836, 2.3537204591879637, 3.215630230262456, 2.75, 3.753664875824692, 2.9213771486140647, 4.1400483088968905, 3.6969957773546045, 3.4035928728983498, 3.3, 4.548626166217663, 4.149431018558783, 3.890301330802595, 3.8, 4.973932046178355, 4.611700096252767, 4.380005073563779, 4.3, 5.081119736610994, 4.8, 8.307490224016766, 5.555877768433875, 5.3, 6.503555866026461, 10.474396838990268, 11.225158605112165], [3.3000000000000003, 3.696995777354605, 4.459820624195552, 4.810405388322278, 2.75, 3.2156302302624566, 2.4463124175878366, 3.397057550292606, 2.2, 2.7600322059312603, 1.9382838916021683, 3.051638903933426, 1.65, 2.345267101585186, 3.3393279430315186, 4.827511451700568, 1.4609738000540753, 2.7730849247724096, 1.1, 1.9969421067666882, 1.056855924165846, 2.5831182706178977, 0.5500000000000003, 1.7550720149833678, 0.8393118874676115, 2.5019992006393608, 0.0, 1.666666666666667, 3.022324344679843, 0.9470715096783582, 2.5401771591761073, 0.5500000000000003, 1.7550720149833678, 1.301708279317776, 2.6925824035672523, 1.1, 1.9969421067666882, 1.7598137527717088, 2.9415132160165456, 1.65, 2.345267101585186, 2.2593017603774057, 3.2649655434629015, 2.1999999999999997, 2.76003220593126, 3.7202150475476548, 2.7779388842169377, 3.643144246389374, 2.6999999999999997, 3.1729761703766037, 3.1999999999999997, 3.306727149984474, 3.6080157673959485, 4.060788100849391, 3.6999999999999997, 3.7926830139684022, 4.058050982648909, 4.465422712353221, 4.199999999999999, 4.281873940746555, 4.5186035207548105, 4.887739763939974, 4.773305400290709, 5.323532661682465, 10.324585102144516, 5.26635020146253, 5.769748694700662, 7.631937182073953, 11.05236719378389, 12.07715827628659], [3.696995777354605, 3.3000000000000003, 3.5591821782226574, 3.775064385028567, 3.2156302302624566, 2.75, 2.4463124175878366, 2.4463124175878366, 2.7600322059312603, 2.2, 1.9382838916021683, 1.938283891602168, 2.345267101585186, 1.65, 1.9821424996424677, 3.2476945716587555, 1.4609738000540753, 1.4609738000540748, 1.9969421067666882, 1.1, 1.056855924165846, 1.0568559241658457, 1.7550720149833678, 0.5500000000000003, 0.8393118874676115, 0.8393118874676112, 1.666666666666667, 0.0, 1.3828312341794355, 0.9470715096783582, 0.9470715096783578, 1.7550720149833678, 0.5500000000000003, 1.301708279317776, 1.3017082793177759, 1.9969421067666882, 1.1, 1.7598137527717088, 1.7598137527717086, 2.345267101585186, 1.65, 2.2593017603774057, 2.2593017603774057, 2.76003220593126, 2.1999999999999997, 2.5725041842099645, 2.7779388842169377, 2.7779388842169377, 3.1729761703766037, 2.6999999999999997, 3.6080157673959485, 3.306727149984474, 3.1999999999999997, 3.306727149984474, 4.058050982648909, 3.7926830139684022, 3.6999999999999997, 3.7926830139684022, 4.5186035207548105, 4.281873940746555, 4.199999999999999, 4.281873940746555, 4.773305400290709, 4.773305400290708, 8.914337204190627, 5.26635020146253, 5.26635020146253, 6.738985971297313, 10.540346151291072, 11.393123234833396], [4.737556801183965, 3.9015666369065407, 3.666666666666666, 3.700600551862419, 4.325923151318237, 3.389895114732738, 3.4359213546813834, 2.7131367660166172, 3.9481359877514066, 2.8923270139380075, 3.0289803931722994, 2.1749201773347395, 3.614822878709888, 2.417586032020829, 1.833333333333333, 2.3235993775139123, 2.673740617354063, 1.6445195178058674, 3.339327943031518, 1.9821424996424666, 2.393335654594974, 1.132965626623822, 3.136921704119785, 1.6180406532456326, 2.216353361317238, 0.6839428176227725, 3.022324344679843, 1.3828312341794355, 0.0, 2.1682686385429477, 0.5068968775248517, 3.0055966314712146, 1.3458784822148278, 2.257333727111602, 0.8069145624606813, 3.0883292858401252, 1.5216949614017772, 2.468749120956243, 1.2846313781695433, 3.262965590447507, 1.8506005031400545, 2.774687169554235, 1.8040078836979754, 3.5158371849548313, 2.2669117514559076, 1.833333333333334, 3.1477063960216425, 2.3374368678343194, 3.80058475033046, 2.68741924943285, 4.126472801046649, 3.56682242650545, 3.131382371342656, 2.877112750272012, 4.48454134902457, 3.975620147292188, 3.590109871423003, 3.3706247360261146, 4.8676939555034116, 4.403281604540969, 4.058598553961974, 3.865804501581068, 4.844813951249544, 4.362084109434134, 7.625556680436465, 5.296749527356901, 4.859126579037751, 5.904501290137881, 9.94367270984481, 10.642666417395407], [3.84147685720537, 3.84147685720537, 4.330928820062094, 4.601479230759508, 3.3067271499844746, 3.3067271499844746, 2.75, 3.215630230262456, 2.7779388842169377, 2.7779388842169377, 2.2, 2.7600322059312603, 2.2593017603774053, 2.2593017603774053, 2.892759159618297, 4.191307059585864, 1.65, 2.3452671015851854, 1.7598137527717086, 1.7598137527717086, 1.0999999999999996, 1.9969421067666877, 1.3017082793177759, 1.3017082793177759, 0.5499999999999998, 1.7550720149833672, 0.9470715096783582, 0.9470715096783582, 2.1682686385429477, 0.0, 1.6666666666666665, 0.8393118874676117, 0.8393118874676117, 0.5500000000000007, 1.7550720149833676, 1.0568559241658464, 1.0568559241658464, 1.1000000000000005, 1.9969421067666882, 1.4609738000540753, 1.4609738000540753, 1.6500000000000004, 2.345267101585186, 1.9382838916021679, 1.9382838916021679, 2.7851291611780673, 2.2, 2.7600322059312603, 2.3993633414813282, 2.3993633414813282, 2.873489941594445, 2.75, 2.873489941594445, 3.215630230262456, 3.355137023199566, 3.25, 3.355137023199566, 3.6524345001351874, 3.84147685720537, 3.75, 3.84147685720537, 4.103690750748377, 4.25, 4.565115308267446, 9.377773677882386, 4.75, 5.033912770179652, 6.776036666772664, 10.340003460697934, 11.301847962934737], [4.5069390943299865, 3.84147685720537, 3.783186487605389, 3.881043674065006, 4.060788100849391, 3.3067271499844746, 3.215630230262456, 2.75, 3.643144246389374, 2.7779388842169377, 2.7600322059312603, 2.2, 3.2649655434629015, 2.2593017603774053, 1.9808107206674523, 2.7545391374953643, 2.3452671015851854, 1.65, 2.9415132160165456, 1.7598137527717084, 1.9969421067666877, 1.0999999999999996, 2.692582403567252, 1.3017082793177757, 1.7550720149833672, 0.5499999999999998, 2.5401771591761073, 0.9470715096783578, 0.5068968775248517, 1.6666666666666665, 0.0, 2.5019992006393608, 0.8393118874676112, 1.7550720149833676, 0.5500000000000007, 2.583118270617898, 1.056855924165846, 1.9969421067666882, 1.1000000000000005, 2.7730849247724096, 1.4609738000540748, 2.345267101585186, 1.6500000000000004, 3.0516389039334255, 1.9382838916021676, 1.8200274723201295, 2.7600322059312603, 2.2, 3.3634060117684275, 2.399363341481328, 3.7165171868296265, 3.215630230262456, 2.873489941594445, 2.75, 4.100304866714182, 3.6524345001351874, 3.355137023199566, 3.25, 4.5069390943299865, 4.103690750748377, 3.84147685720537, 3.75, 4.565115308267446, 4.25, 7.974256528978374, 5.033912770179652, 4.75, 5.988315076667598, 9.931642651033572, 10.698366705656182], [3.8500000000000005, 4.1952684988898845, 4.88082984747471, 5.2031240615614776, 3.3000000000000007, 3.6969957773546054, 2.969334006885121, 3.791108017453473, 2.7500000000000004, 3.215630230262457, 2.446312417587837, 3.3970575502926064, 2.2, 2.7600322059312603, 3.614822878709889, 4.999190669184109, 1.9382838916021683, 3.051638903933426, 1.6500000000000004, 2.3452671015851863, 1.4609738000540753, 2.7730849247724096, 1.1000000000000005, 1.9969421067666884, 1.0568559241658464, 2.583118270617898, 0.5500000000000003, 1.7550720149833678, 3.0055966314712146, 0.8393118874676117, 2.5019992006393608, 0.0, 1.666666666666667, 0.9470715096783583, 2.5401771591761078, 0.5499999999999998, 1.7550720149833676, 1.3017082793177759, 2.692582403567252, 1.0999999999999996, 1.996942106766688, 1.7598137527717086, 2.9415132160165456, 1.6499999999999995, 2.3452671015851854, 3.423813663153998, 2.2593017603774053, 3.2649655434629015, 2.1499999999999995, 2.7203451578389415, 2.6499999999999995, 2.7779388842169372, 3.1305395346134466, 3.6431442463893737, 3.1499999999999995, 3.258365302485963, 3.5637449091900186, 4.021504693519578, 3.6499999999999995, 3.7439209986916713, 4.012515143619744, 4.424081825644729, 4.232841178740875, 4.844842618702902, 10.063867591500028, 4.72408133338583, 5.279441258315125, 7.205563385748555, 10.54463641826546, 11.593904281528578], [4.1952684988898845, 3.8500000000000005, 4.074343846287127, 4.264224561524769, 3.6969957773546054, 3.3000000000000007, 2.969334006885121, 2.969334006885121, 3.215630230