totalHoles = 70;
zeroHoleID = 7;
C = [[0.0, 1.0, 2.0, 4.333333333333334, 2.1666666666666665, 4.412734098291243, 1.118033988749895, 1.8027756377319946, 3.3208098075285464, 5.5901699437494745, 2.6034165586355518, 4.642796092394707, 3.6590830666833587, 5.797509043642029, 3.38489269989778, 2.5, 2.692582403567252, 3.2015621187164243, 5.002777006601212, 4.139914116124741, 6.112373606964083, 3.0, 3.1622776601683795, 3.605551275463989, 5.2704627669473, 3.5355339059327378, 3.8078865529319543, 4.719934086168766, 6.519202405202649, 4.162030754331353, 5.665710703678558, 4.031128874149275, 4.272001872658765, 5.101742621671322, 6.800735254367722, 4.742362280551751, 6.104734046441154, 7.362002154446145, 5.625857959260772, 7.202256590819297, 5.338773267333986, 6.578774793058186, 6.173959651453659, 7.638062581571324, 5.946427498927402, 7.08080346978913, 6.740198645275804, 8.102623032080414, 6.562202374203344, 7.605279598921909, 10.993979579459557, 7.320367325331276, 7.184010022264724, 8.147869523855778, 7.911401758081673, 7.810409720366788, 8.705186831870858, 8.511038583967164, 8.440379138403676, 9.274576959504826, 9.117580697629048, 9.073174747573201, 9.85394731961653, 8.99386859842292, 9.729736778442557, 9.7082439194738, 10.44163673845139, 10.346510415486847, 10.967122584241402, 11.693562801372623], [1.0, 0.0, 1.0, 3.333333333333334, 1.3017082793177759, 3.4359213546813843, 1.118033988749895, 1.118033988749895, 2.386303510546059, 4.6097722286464435, 1.9436506316151003, 3.72677996249965, 2.838231060987734, 4.85912657903775, 2.759030115127097, 2.692582403567252, 2.5, 2.692582403567252, 4.166666666666667, 3.435921354681384, 5.230784942158405, 3.1622776601683795, 3.0, 3.1622776601683795, 4.48454134902457, 3.5355339059327378, 3.5355339059327378, 4.116363011742823, 5.70087712549569, 3.7845078940332524, 4.9430366285423295, 4.031128874149275, 4.031128874149275, 4.549114687985393, 6.020797289396148, 4.414748010928823, 5.440690315677884, 6.592203150190539, 5.1300043318153685, 6.470896383036897, 5.05, 5.967714060769929, 5.725770205347438, 6.952697318307479, 5.688585061331157, 6.516986351919966, 6.332214813510707, 7.460060321471938, 6.329494450586082, 7.083333333333334, 10.201544515343105, 6.946541905469544, 6.972087205421344, 7.662970123334106, 7.566831863101257, 7.615937237136347, 8.253097061776938, 8.191730247294796, 8.260750571225353, 8.851616299360876, 8.820257617804847, 8.906317982196684, 9.456934551487132, 8.960793647232807, 9.45169003112377, 9.5524865872714, 10.067825540359305, 10.085481864762063, 10.721214690716927, 11.695446132250021], [2.0, 1.0, 0.0, 2.333333333333334, 0.8333333333333335, 2.477678124553085, 1.8027756377319946, 1.118033988749895, 1.5365907428821481, 3.640054944640259, 1.666666666666667, 2.867441755680876, 2.173067468400883, 3.9510898637098992, 2.401457008262942, 3.2015621187164243, 2.692582403567252, 2.5, 3.4197140881138655, 2.9107081994288304, 4.400126260814695, 3.605551275463989, 3.1622776601683795, 3.0, 3.80058475033046, 3.8078865529319543, 3.5355339059327378, 3.689323936863109, 4.949747468305833, 3.6500000000000004, 4.332083152992848, 4.272001872658765, 4.031128874149275, 4.166666666666667, 5.315072906367325, 4.3, 4.892284174538969, 5.891961390292238, 4.7941225590415515, 5.820008591058952, 4.95, 5.4723801443653795, 5.426887792382583, 6.351377803280167, 5.6, 6.066666666666666, 6.0633003480869325, 6.903079023160608, 6.25, 6.671352519875145, 9.44856782816741, 6.702321322580044, 6.9, 7.283848189277729, 7.343269783353402, 7.550000000000001, 7.902337910039311, 7.985681630963704, 8.2, 8.525517253776714, 8.629230041615017, 8.850000000000001, 9.152428335936014, 9.038914382318143, 9.27367840239843, 9.5, 9.782353727219459, 9.918851299979808, 10.564615994493654, 11.782508624018844], [4.333333333333334, 3.333333333333334, 2.333333333333334, 0.0, 2.477678124553085, 0.8333333333333335, 3.9616214413349047, 3.004626062886658, 1.5365907428821481, 1.5365907428821475, 2.867441755680876, 1.666666666666667, 2.173067468400883, 2.1730674684008826, 3.0396030840356807, 5.002777006601212, 4.166666666666667, 3.4197140881138655, 2.5, 2.9107081994288304, 2.91070819942883, 5.2704627669473, 4.48454134902457, 3.80058475033046, 3.0, 5.190803834132479, 4.503085362035432, 3.689323936863109, 3.689323936863109, 4.332083152992848, 3.6500000000000004, 5.540256712864887, 4.901813723284247, 4.166666666666667, 4.166666666666667, 4.892284174538969, 4.3, 4.700547023719802, 4.7941225590415515, 4.7941225590415515, 5.4723801443653795, 4.95, 5.426887792382583, 5.426887792382583, 6.066666666666666, 5.6, 6.0633003480869325, 6.063300348086932, 6.671352519875145, 6.25, 7.907530163889073, 6.702321322580044, 7.283848189277729, 6.9, 7.343269783353402, 7.902337910039311, 7.550000000000001, 7.985681630963704, 8.525517253776714, 8.2, 8.629230041615017, 9.152428335936014, 8.850000000000001, 9.631239205905203, 9.27367840239843, 9.782353727219459, 9.5, 9.918851299979808, 10.564615994493654, 12.303444049771645], [2.1666666666666665, 1.3017082793177759, 0.8333333333333335, 2.477678124553085, 0.0, 2.333333333333334, 1.509230856356236, 0.5270462766947298, 1.1785113019775795, 3.5039660069381067, 0.8333333333333335, 2.477678124553085, 1.5365907428821481, 3.640054944640259, 1.5879168567788446, 2.6034165586355513, 1.9436506316151, 1.6666666666666665, 2.867441755680876, 2.173067468400883, 3.9510898637098992, 2.948634335492355, 2.3863035105460586, 2.1666666666666665, 3.1841621957571338, 3.0595932917809696, 2.7131367660166177, 2.9107081994288304, 4.400126260814695, 2.816666666666667, 3.6576024326812173, 3.5039660069381062, 3.2058973436118907, 3.3747427885527643, 4.719934086168766, 3.4666666666666663, 4.178782385123951, 5.292109320604068, 3.990996812270784, 5.1785079361187085, 4.116666666666667, 4.731954024384525, 4.616516243036758, 5.674602286602217, 4.766666666666666, 5.307123095949024, 5.247989032847619, 6.199215900239141, 5.416666666666666, 5.897857426406832, 8.899902051203448, 5.883498581248706, 6.066666666666666, 6.499914529352589, 6.521864934374386, 6.716666666666667, 7.110418803105452, 7.162324265829416, 7.366666666666665, 7.727368389188017, 7.804361316312537, 8.016666666666667, 8.349334637495907, 8.213744411185433, 8.447616363343105, 8.666666666666666, 8.975274678557506, 9.091830887609431, 9.736814445985686, 10.9566861075988], [4.412734098291243, 3.4359213546813843, 2.477678124553085, 0.8333333333333335, 2.333333333333334, 0.0, 3.83695481107378, 2.838231060987734, 1.1785113019775795, 1.1785113019775786, 2.477678124553085, 0.8333333333333335, 1.5365907428821481, 1.5365907428821475, 2.448197518581053, 4.642796092394707, 3.72677996249965, 2.867441755680876, 1.6666666666666665, 2.173067468400883, 2.1730674684008826, 4.844813951249544, 3.975620147292188, 3.1841621957571338, 2.1666666666666665, 4.6696419087073, 3.890872509976251, 2.9107081994288304, 2.91070819942883, 3.6576024326812173, 2.816666666666667, 4.972144630058766, 4.249182927993988, 3.3747427885527643, 3.374742788552764, 4.178782385123951, 3.4666666666666663, 3.9225443730735674, 3.990996812270784, 3.9909968122707835, 4.731954024384525, 4.116666666666667, 4.616516243036758, 4.616516243036758, 5.307123095949024, 4.766666666666666, 5.247989032847619, 5.247989032847619, 5.897857426406832, 5.416666666666666, 7.243055695654333, 5.883498581248706, 6.499914529352589, 6.066666666666666, 6.521864934374386, 7.110418803105452, 6.716666666666667, 7.162324265829416, 7.727368389188017, 7.366666666666665, 7.804361316312537, 8.349334637495907, 8.016666666666667, 8.861399025140875, 8.447616363343105, 8.975274678557506, 8.666666666666666, 9.091830887609431, 9.736814445985686, 11.515042182781242], [1.118033988749895, 1.118033988749895, 1.8027756377319946, 3.9616214413349047, 1.509230856356236, 3.83695481107378, 0.0, 1.0, 2.666666666666667, 5.0, 1.6414763002993509, 3.8908725099762513, 2.793842435706702, 5.068968775248516, 2.357312148926203, 1.5811388300841898, 1.5811388300841898, 2.1213203435596424, 4.116363011742823, 3.1446603773522015, 5.270462766947299, 2.0615528128088303, 2.0615528128088303, 2.5, 4.323707257024283, 2.5, 2.692582403567252, 3.655285366576885, 5.5901699437494745, 3.0450779957170226, 4.660144251463087, 3.0, 3.1622776601683795, 4.013864859597432, 5.830951894845301, 3.6249137920783716, 5.058106804373001, 6.379202940668101, 4.520355197449766, 6.1905169412578145, 4.225221887664599, 5.504266022318003, 5.059754056385657, 6.594694837519018, 4.838388161361178, 5.987858084861768, 5.6225982526863065, 7.035801304755557, 5.460082416960389, 6.5005341660854645, 10.015268465386196, 6.202508453126937, 6.087692502089769, 7.03593948555873, 6.795116710632064, 6.719560997565243, 7.589265079337028, 7.397371905691313, 7.354590403278757, 8.156864866138486, 8.007097545996997, 7.992027277230729, 8.735956985038587, 7.96402932524373, 8.622709035512628, 8.631338250816034, 9.324400487132909, 9.24303040734537, 9.867173410410457, 10.6838127772867], [1.8027756377319946, 1.118033988749895, 1.118033988749895, 3.004626062886658, 0.5270462766947298, 2.838231060987734, 1.0, 0.0, 1.666666666666667, 4.0, 0.8333333333333336, 2.9107081994288304, 1.863389981249825, 4.0858835573770875, 1.6467146546478642, 2.1213203435596424, 1.5811388300841898, 1.5811388300841898, 3.205897343611891, 2.357022603955159, 4.333333333333333, 2.5, 2.0615528128088303, 2.0615528128088303, 3.468108674447469, 2.692582403567252, 2.5, 3.0046260628866577, 4.716990566028302, 2.6967573120323602, 3.8794687494266253, 3.1622776601683795, 3.0, 3.4318767136623336, 5.0, 3.337663853655727, 4.349457181968548, 5.563478840576364, 4.012515143619745, 5.4150253923689045, 3.9815198103236913, 4.8610984126818275, 4.611700096252767, 5.8728187440104085, 4.62709412050371, 5.402571404227599, 5.223052534464667, 6.3641574461982, 5.273755777432247, 5.965758776365147, 9.19290628358151, 5.8427542972281294, 5.921148537234985, 6.5450575075989805, 6.468406123441676, 6.5690562488077395, 7.136545227053339, 7.098434882266497, 7.217340230306452, 7.7374270773802944, 7.731770675451891, 7.865907449239409, 8.345674195520564, 7.9894876879517165, 8.367662623324257, 8.514693182963201, 8.959786703810408, 9.005569264503926, 9.645090864153524, 10.73256282081922], [3.3208098075285464, 2.386303510546059, 1.5365907428821481, 1.5365907428821481, 1.1785113019775795, 1.1785113019775795, 2.666666666666667, 1.666666666666667, 0.0, 2.333333333333333, 1.3437096247164253, 1.3437096247164253, 0.8333333333333335, 2.477678124553084, 1.5537142301180782, 3.5039660069381067, 2.63523138347365, 1.90029237516523, 1.90029237516523, 1.666666666666667, 2.8674417556808756, 3.7453675090407055, 2.948634335492356, 2.3154073315749675, 2.3154073315749675, 3.655285366576885, 3.0046260628866577, 2.5, 3.419714088113865, 2.895446616864333, 2.895446616864333, 4.013864859597432, 3.4318767136623336, 3.0, 3.8005847503304597, 3.50015872655957, 3.50015872655957, 4.377234934617896, 3.6500000000000004, 4.332083152992847, 4.118690460706062, 4.118690460706062, 4.3, 4.892284174538969, 4.745641275013432, 4.745641275013432, 4.95, 5.472380144365379, 5.378067600087517, 5.378067600087517, 7.913733393585203, 5.6, 6.014242355534995, 6.014242355534995, 6.25, 6.653090342924191, 6.653090342924191, 6.9, 7.29390917897331, 7.29390917897331, 7.550000000000001, 7.936221463083747, 7.936221463083747, 8.303810892075987, 8.2, 8.579691784155834, 8.579691784155834, 8.850000000000001, 9.5, 11.01691568536628], [5.5901699437494745, 4.6097722286464435, 3.640054944640259, 1.5365907428821475, 3.5039660069381067, 1.1785113019775786, 5.0, 4.0, 2.333333333333333, 0.0, 3.5629263877386586, 1.3437096247164246, 2.477678124553084, 0.8333333333333335, 3.366105093317776, 5.70087712549569, 4.743416490252569, 3.8078865529319543, 1.9002923751652296, 2.8674417556808756, 1.666666666666667, 5.852349955359813, 4.924428900898052, 4.031128874149275, 2.315407331574967, 5.5901699437494745, 4.716990566028302, 3.419714088113865, 2.5, 4.390045557850169, 2.895446616864333, 5.830951894845301, 5.0, 3.8005847503304597, 3.0, 4.810405388322278, 3.5001587265595697, 3.4618728189796975, 4.332083152992847, 3.6500000000000004, 5.277546778570513, 4.118690460706062, 4.892284174538969, 4.3, 5.78013840664737, 4.745641275013432, 5.472380144365379, 4.95, 6.309714732061981, 5.378067600087517, 6.428469488029431, 6.066666666666666, 6.860029154456998, 6.014242355534994, 6.671352519875144, 7.426472917879659, 6.65309034292419, 7.2838481892777285, 8.005623023850173, 7.293909178973309, 7.902337910039311, 8.594911285173339, 7.936221463083747, 9.244269317057563, 8.525517253776714, 9.192388155425117, 8.579691784155834, 9.152428335936014, 9.782353727219459, 11.805257374309841], [2.6034165586355518, 1.9436506316151003, 1.666666666666667, 2.867441755680876, 0.8333333333333335, 2.477678124553085, 1.6414763002993509, 0.8333333333333336, 1.3437096247164253, 3.5629263877386586, 0.0, 2.333333333333334, 1.1785113019775795, 3.5039660069381067, 0.8153851939043905, 2.1666666666666665, 1.3017082793177757, 0.833333333333333, 2.477678124553085, 1.5365907428821481, 3.640054944640259, 2.403700850309326, 1.6666666666666663, 1.333333333333333, 2.68741924943285, 2.3687784005919825, 1.9002923751652296, 2.1730674684008826, 3.9510898637098992, 1.9833333333333334, 3.0623611079615607, 2.7738861628488727, 2.3863035105460586, 2.6087459737497545, 4.206476488041321, 2.633333333333333, 3.518364519047009, 4.763037054930745, 3.2033402705439973, 4.59894311530136, 3.283333333333333, 4.0279923314502755, 3.8160479847903144, 5.044909425461582, 3.9333333333333327, 4.5733527696379985, 4.4393755817181715, 5.531450482870152, 4.583333333333333, 5.143091374736491, 8.398212186378679, 5.069407153591915, 5.233333333333333, 5.729940856782226, 5.703921652882534, 5.883333333333334, 6.329143350845797, 6.341573586701928, 6.533333333333332, 6.937498748748635, 6.981503340176018, 7.1833333333333345, 7.5527956560615515, 7.390406631747065, 7.623137295249392, 7.833333333333333, 8.173466556826153, 8.266078608116159, 8.910044269749106, 10.132093581027938], [4.642796092394707, 3.72677996249965, 2.867441755680876, 1.666666666666667, 2.477678124553085, 0.8333333333333335, 3.8908725099762513, 2.9107081994288304, 1.3437096247164253, 1.3437096247164246, 2.333333333333334, 0.0, 1.1785113019775795, 1.1785113019775786, 2.033972507282859, 4.412734098291242, 3.4359213546813843, 2.477678124553085, 0.833333333333333, 1.5365907428821481, 1.5365907428821475, 4.533823502911815, 3.590109871423003, 2.68741924943285, 1.333333333333333, 4.249182927993988, 3.3747427885527643, 2.1730674684008826, 2.173067468400882, 3.0623611079615607, 1.9833333333333334, 4.487637339278754, 3.670452590924207, 2.6087459737497545, 2.608745973749754, 3.518364519047009, 2.633333333333333, 3.1727677639798975, 3.2033402705439973, 3.203340270543997, 4.0279923314502755, 3.283333333333333, 3.8160479847903144, 3.8160479847903144, 4.5733527696379985, 3.9333333333333327, 4.4393755817181715, 4.4393755817181715, 5.143091374736491, 4.583333333333333, 6.616915234214103, 5.069407153591915, 5.729940856782226, 5.233333333333333, 5.703921652882534, 6.329143350845797, 5.883333333333334, 6.341573586701928, 6.937498748748635, 6.533333333333332, 6.981503340176018, 7.5527956560615515, 7.1833333333333345, 8.104128923768346, 7.623137295249392, 8.173466556826153, 7.833333333333333, 8.266078608116159, 8.910044269749106, 10.733431247531723], [3.6590830666833587, 2.838231060987734, 2.173067468400883, 2.173067468400883, 1.5365907428821481, 1.5365907428821481, 2.793842435706702, 1.863389981249825, 0.8333333333333335, 2.477678124553084, 1.1785113019775795, 1.1785113019775795, 0.0, 2.333333333333333, 0.9138811503939035, 3.236081306491267, 2.2669117514559076, 1.343709624716425, 1.343709624716425, 0.8333333333333335, 2.477678124553084, 3.3747427885527648, 2.4608038433722337, 1.6499158227686108, 1.6499158227686108, 3.1446603773522015, 2.3570226039551585, 1.6666666666666665, 2.867441755680875, 2.1590249857027803, 2.1590249857027803, 3.435921354681384, 2.733536577809454, 2.1666666666666665, 3.184162195757133, 2.7286545321010416, 2.7286545321010416, 3.757401279612813, 2.816666666666667, 3.657602432681217, 3.3278705236565655, 3.3278705236565655, 3.4666666666666663, 4.178782385123951, 3.943207943906698, 3.943207943906698, 4.116666666666667, 4.731954024384524, 4.5681566912219145, 4.5681566912219145, 7.363875705696517, 4.766666666666666, 5.199252082965609, 5.199252082965609, 5.416666666666666, 5.834499883356662, 5.834499883356662, 6.066666666666666, 6.472677618695028, 6.472677618695028, 6.716666666666667, 7.112996711810166, 7.112996711810166, 7.50889912300256, 7.366666666666665, 7.7549267494212275, 7.7549267494212275, 8.016666666666667, 8.666666666666666, 10.210805985352298], [5.797509043642029, 4.85912657903775, 3.9510898637098992, 2.1730674684008826, 3.640054944640259, 1.5365907428821475, 5.068968775248516, 4.0858835573770875, 2.477678124553084, 0.8333333333333335, 3.5039660069381067, 1.1785113019775786, 2.333333333333333, 0.0, 3.122789513789513, 5.540256712864887, 4.549114687985393, 3.5629263877386586, 1.3437096247164244, 2.477678124553084, 0.8333333333333335, 5.622375931144333, 4.648775226993784, 3.689323936863109, 1.6499158227686104, 5.270462766947299, 4.333333333333333, 2.867441755680875, 1.6666666666666665, 3.9433840515194283, 2.15902498570278, 5.449260908090605, 4.549114687985393, 3.184162195757133, 2.1666666666666665, 4.281873940746556, 2.728654532101041, 2.6348514413505577, 3.657602432681217, 2.816666666666667, 4.686535085872197, 3.327870523656565, 4.178782385123951, 3.4666666666666663, 5.141767962265292, 3.9432079439066974, 4.731954024384524, 4.116666666666667, 5.635330020898904, 4.5681566912219145, 5.738005676428629, 5.307123095949024, 6.15801194470351, 5.199252082965609, 5.897857426406832, 6.703005130370839, 5.834499883356661, 6.499914529352589, 7.2652903895470295, 6.472677618695028, 7.110418803105451, 7.8411485836649675, 7.112996711810166, 8.537376992634258, 7.727368389188016, 8.427797919847022, 7.754926749421227, 8.349334637495907, 8.975274678557506, 11.056773006882867], [3.38489269989778, 2.759030115127097, 2.401457008262942, 3.0396030840356807, 1.5879168567788446, 2.448197518581053, 2.357312148926203, 1.6467146546478642, 1.5537142301180782, 3.366105093317776, 0.8153851939043905, 2.033972507282859, 0.9138811503939035, 3.122789513789513, 0.0, 2.4264413862711716, 1.4291138468878273, 0.4439763211292741, 1.915543296213245, 0.8032549371824901, 3.0922247791026622, 2.5047238656680744, 1.5583293071761761, 0.7636352636967082, 2.0137849840301127, 2.233168103538862, 1.4634850067630751, 1.3579937849856663, 3.2803631979474708, 1.353687486412612, 2.303184959314843, 2.5244927452660693, 1.8782471102754223, 1.7972676379152195, 3.48522690117671, 1.9816157058771633, 2.7201088124784767, 4.026038605174516, 2.404059474556798, 3.833554166513729, 2.620330475472131, 3.21532625819403, 3.0288335959763883, 4.253289144004169, 3.2635046798797385, 3.7580119666575005, 3.662398660307779, 4.725441729342631, 3.908937680560527, 4.330356213575268, 7.660521653324479, 4.300871416577478, 4.555669521092907, 4.922023560626147, 4.942350244250414, 5.2032159075252515, 5.526811642010957, 5.585799578551945, 5.8513064161119415, 6.140845049435525, 6.230608953116866, 6.4997782862295965, 6.761605498406851, 6.791947133048871, 6.876395779881273, 7.148527734089775, 7.387397370589639, 7.522908341624134, 8.169974351941804, 9.520535508001299], [2.5, 2.692582403567252, 3.2015621187164243, 5.002777006601212, 2.6034165586355513, 4.642796092394707, 1.5811388300841898, 2.1213203435596424, 3.5039660069381067, 5.70087712549569, 2.1666666666666665, 4.412734098291242, 3.236081306491267, 5.540256712864887, 2.4264413862711716, 0.0, 1.0, 2.0, 4.333333333333334, 3.171049598406742, 5.50252467307306, 0.5, 1.118033988749895, 2.0615528128088303, 4.362084109434134, 1.118033988749895, 1.8027756377319946, 3.3208098075285464, 5.5901699437494745, 2.3070543990118657, 4.483333333333334, 1.5811388300841898, 2.1213203435596424, 3.5039660069381067, 5.70087712549569, 2.690724809414742, 4.69231049460474, 6.183799681290329, 3.8275681284306073, 5.905294234837076, 3.162672920173694, 4.977979286595896, 4.227029427124654, 6.171709649683789, 3.689173349139343, 5.328018184820485, 4.6829774479253885, 6.492495668077107, 4.25, 5.730643748984732, 9.738209343244053, 5.18051906451253, 4.833218389437829, 6.175579145131069, 5.708789519484649, 5.431620384378865, 6.654342775795202, 6.260014199486913, 6.040695324215582, 7.160152077838695, 6.8286365972848335, 6.657514551242079, 7.687670503980891, 6.50747348489189, 7.410652992670603, 7.280109889280518, 8.232726023485647, 8.003141744201324, 8.603939666093538, 9.196219908876827], [2.692582403567252, 2.5, 2.692582403567252, 4.166666666666667, 1.9436506316151, 3.72677996249965, 1.5811388300841898, 1.5811388300841898, 2.63523138347365, 4.743416490252569, 1.3017082793177757, 3.4359213546813843, 2.2669117514559076, 4.549114687985393, 1.4291138468878273, 1.0, 0.0, 1.0, 3.333333333333334, 2.173067468400883, 4.503085362035432, 1.118033988749895, 0.5, 1.118033988749895, 3.3706247360261146, 1.118033988749895, 1.118033988749895, 2.386303510546059, 4.6097722286464435, 1.5239750654128172, 3.5261325997629633, 1.5811388300841898, 1.5811388300841898, 2.63523138347365, 4.743416490252569, 2.0591260281974, 3.7882860387134327, 5.243800639768712, 3.0523670232205773, 4.987233702163956, 2.6462237244798485, 4.136860054571717, 3.540401734894565, 5.3, 3.2572994949804657, 4.5520447176089025, 4.073934761927889, 5.67031745143074, 3.881043674065006, 5.0173310744967905, 8.83383522134067, 4.637288479752413, 4.512205669071391, 5.520064411862521, 5.220818369225695, 5.148057886232439, 6.050918203967983, 5.818457222017229, 5.7870545184921145, 6.603113743614531, 6.426269870184759, 6.428257928863777, 7.171723022475919, 6.461684113229381, 7.041622287828597, 7.0710678118654755, 7.753135566408671, 7.662698248296383, 8.288211172770904, 9.198614561722811], [3.2015621187164243, 2.692582403567252, 2.5, 3.4197140881138655, 1.6666666666666665, 2.867441755680876, 2.1213203435596424, 1.5811388300841898, 1.90029237516523, 3.8078865529319543, 0.833333333333333, 2.477678124553085, 1.343709624716425, 3.5629263877386586, 0.4439763211292741, 2.0, 1.0, 0.0, 2.333333333333334, 1.1785113019775795, 3.5039660069381067, 2.0615528128088303, 1.118033988749895, 0.5, 2.3863035105460595, 1.8027756377319946, 1.118033988749895, 1.5365907428821481, 3.640054944640259, 1.1500000000000004, 2.601335127284535, 2.1213203435596424, 1.5811388300841898, 1.90029237516523, 3.8078865529319543, 1.7999999999999998, 2.9469381473733796, 4.330763420108645, 2.446142087269485, 4.107614879708175, 2.45, 3.3833333333333337, 3.033333333333333, 4.4821869662029945, 3.0999999999999996, 3.8800057273726343, 3.6419240946388647, 4.914519305079593, 3.75, 4.416666666666667, 7.952393867430878, 4.262758626888357, 4.4, 4.98040605216527, 4.891176863609729, 5.050000000000001, 5.562997792957, 5.524591488165538, 5.699999999999999, 6.159094450034392, 6.161461767398311, 6.350000000000001, 6.765127082652954, 6.569589941674514, 6.800816944390659, 7.0, 7.378647873726218, 7.442016602447964, 8.08462189042327, 9.309057906031923], [5.002777006601212, 4.166666666666667, 3.4197140881138655, 2.5, 2.867441755680876, 1.6666666666666665, 4.116363011742823, 3.205897343611891, 1.90029237516523, 1.9002923751652296, 2.477678124553085, 0.833333333333333, 1.343709624716425, 1.3437096247164244, 1.915543296213245, 4.333333333333334, 3.333333333333334, 2.333333333333334, 0.0, 1.1785113019775795, 1.1785113019775788, 4.362084109434134, 3.3706247360261146, 2.3863035105460595, 0.5, 3.9616214413349047, 3.004626062886658, 1.5365907428821481, 1.5365907428821475, 2.601335127284535, 1.1500000000000004, 4.116363011742823, 3.205897343611891, 1.90029237516523, 1.9002923751652296, 2.9469381473733796, 1.7999999999999998, 2.4769830638213466, 2.446142087269485, 2.4461420872694846, 3.3833333333333337, 2.45, 3.033333333333333, 3.0333333333333328, 3.8800057273726343, 3.0999999999999996, 3.6419240946388647, 3.6419240946388642, 4.416666666666667, 3.75, 6.041040267378424, 4.262758626888357, 4.98040605216527, 4.4, 4.891176863609729, 5.562997792957, 5.050000000000001, 5.524591488165538, 6.159094450034392, 5.699999999999999, 6.161461767398311, 6.765127082652954, 6.350000000000001, 7.36330818533617, 6.800816944390659, 7.378647873726218, 7.0, 7.442016602447964, 8.08462189042327, 9.960210093599345], [4.139914116124741, 3.435921354681384, 2.9107081994288304, 2.9107081994288304, 2.173067468400883, 2.173067468400883, 3.1446603773522015, 2.357022603955159, 1.666666666666667, 2.8674417556808756, 1.5365907428821481, 1.5365907428821481, 0.8333333333333335, 2.477678124553084, 0.8032549371824901, 3.171049598406742, 2.173067468400883, 1.1785113019775795, 1.1785113019775795, 0.0, 2.333333333333333, 3.1841621957571338, 2.1921577396609844, 1.21335164821342, 1.21335164821342, 2.793842435706702, 1.8633899812498247, 0.833333333333333, 2.477678124553084, 1.5257966953547764, 1.5257966953547764, 2.9814239699997196, 2.1343747458109497, 1.333333333333333, 2.6874192494328493, 2.007209228976613, 2.007209228976613, 3.234939252616897, 1.9833333333333334, 3.0623611079615602, 2.564122115310077, 2.564122115310077, 2.633333333333333, 3.518364519047008, 3.1568268174791525, 3.1568268174791525, 3.283333333333333, 4.027992331450275, 3.7684730181983377, 3.7684730181983377, 6.8713203594387915, 3.9333333333333327, 4.391152721350309, 4.391152721350309, 4.583333333333333, 5.0207624476323875, 5.0207624476323875, 5.233333333333333, 5.654987965406193, 5.654987965406193, 5.883333333333334, 6.292433728075508, 6.292433728075508, 6.723298716878965, 6.533333333333332, 6.93221144769514, 6.93221144769514, 7.1833333333333345, 7.833333333333333, 9.409440759759953], [6.112373606964083, 5.230784942158405, 4.400126260814695, 2.91070819942883, 3.9510898637098992, 2.1730674684008826, 5.270462766947299, 4.333333333333333, 2.8674417556808756, 1.666666666666667, 3.640054944640259, 1.5365907428821475, 2.477678124553084, 0.8333333333333335, 3.0922247791026622, 5.50252467307306, 4.503085362035432, 3.5039660069381067, 1.1785113019775788, 2.333333333333333, 0.0, 5.510091751605513, 4.512328790226961, 3.515837184954831, 1.213351648213419, 5.068968775248516, 4.0858835573770875, 2.477678124553084, 0.833333333333333, 3.635511579467798, 1.5257966953547757, 5.174724898753341, 4.216370213557839, 2.6874192494328493, 1.333333333333333, 3.862353916690931, 2.0072092289766124, 1.813617851167294, 3.0623611079615602, 1.9833333333333334, 4.178948565262692, 2.5641221153100764, 3.518364519047008, 2.633333333333333, 4.566666666666666, 3.1568268174791516, 4.027992331450275, 3.283333333333333, 5.009019642382906, 3.7684730181983372, 5.090489879748101, 4.5733527696379985, 5.492823600946157, 4.391152721350309, 5.143091374736491, 6.0080732722266665, 5.0207624476323875, 5.729940856782225, 6.547348912176421, 5.654987965406193, 6.329143350845797, 7.105181990006387, 6.292433728075507, 7.85531574867099, 6.937498748748634, 7.677528537520681, 6.93221144769514, 7.552795656061551, 8.17346655682615, 10.3213005898801], [3.0, 3.1622776601683795, 3.605551275463989, 5.2704627669473, 2.948634335492355, 4.844813951249544, 2.0615528128088303, 2.5, 3.7453675090407055, 5.852349955359813, 2.403700850309326, 4.533823502911815, 3.3747427885527648, 5.622375931144333, 2.5047238656680744, 0.5, 1.118033988749895, 2.0615528128088303, 4.362084109434134, 3.1841621957571338, 5.510091751605513, 0.0, 1.0, 2.0, 4.333333333333334, 0.7071067811865476, 1.5811388300841898, 3.205897343611891, 5.522680508593631, 2.102974084481309, 4.3818121568339485, 1.118033988749895, 1.8027756377319946, 3.3208098075285464, 5.5901699437494745, 2.3853720883753127, 4.524132820527906, 6.045447795951737, 3.5707531107285733, 5.742168579900803, 2.7932955446926844, 4.7518709765499505, 3.91379327223319, 5.961543424315552, 3.280243893371345, 5.053491642199261, 4.327849093692822, 6.241193796061776, 3.816084380618437, 5.416666666666667, 9.545980727861343, 4.7945570992301025, 4.382921400162226, 5.829903753731942, 5.300026205385949, 4.970160963188215, 6.283333333333334, 5.834190413225968, 5.571355310873647, 6.768883052452434, 6.3898574145107325, 6.182434795450739, 7.280128967111627, 6.011548795006628, 6.961880333485902, 6.800735254367722, 7.812027763505311, 7.546540782224516, 8.141116494546543, 8.696934548274921], [3.1622776601683795, 3.0, 3.1622776601683795, 4.48454134902457, 2.3863035105460586, 3.975620147292188, 2.0615528128088303, 2.0615528128088303, 2.948634335492356, 4.924428900898052, 1.6666666666666663, 3.590109871423003, 2.4608038433722337, 4.648775226993784, 1.5583293071761761, 1.118033988749895, 0.5, 1.118033988749895, 3.3706247360261146, 2.1921577396609844, 4.512328790226961, 1.0, 0.0, 1.0, 3.333333333333334, 0.7071067811865476, 0.7071067811865476, 2.2236106773543893, 4.527692569068709, 1.1926860441876566, 3.396117063811422, 1.118033988749895, 1.118033988749895, 2.386303510546059, 4.6097722286464435, 1.6401219466856725, 3.5778640431284017, 5.07991197806518, 2.7234067717556343, 4.792963592601137, 2.191460700081113, 3.8618144842950595, 3.1598171536410846, 5.053711507397311, 2.7856776554368237, 4.227423696663384, 3.6601836626656383, 5.380752735445107, 3.400367627183861, 4.655492574487807, 8.62146574322797, 4.201719224846473, 4.026164427839479, 5.130410423261585, 4.770423927120571, 4.658594208556913, 5.640355583747457, 5.3576528857741845, 5.29528091794949, 6.1766585716802505, 5.957931221862539, 5.93485467387366, 6.7330239202836, 5.961951806022555, 6.5676818166263535, 6.576473218982953, 7.304869000270376, 7.1844933324796445, 7.806692285753579, 8.699466637656263], [3.605551275463989, 3.1622776601683795, 3.0, 3.80058475033046, 2.1666666666666665, 3.1841621957571338, 2.5, 2.0615528128088303, 2.3154073315749675, 4.031128874149275, 1.333333333333333, 2.68741924943285, 1.6499158227686108, 3.689323936863109, 0.7636352636967082, 2.0615528128088303, 1.118033988749895, 0.5, 2.3863035105460595, 1.21335164821342, 3.515837184954831, 2.0, 1.0, 0.0, 2.333333333333334, 1.5811388300841898, 0.7071067811865476, 1.269295517643985, 3.5355339059327378, 0.6500000000000004, 2.4221776244620146, 1.8027756377319946, 1.118033988749895, 1.5365907428821481, 3.640054944640259, 1.2999999999999998, 2.6710380836754175, 4.1308077123248506, 2.0207946731697195, 3.8694314827891705, 1.9500000000000002, 3.0408788934195403, 2.578974817851293, 4.188078318274385, 2.5999999999999996, 3.4934860017530402, 3.172319515923816, 4.577390086064328, 3.25, 4.000867961385935, 7.715801647697188, 3.784324392954588, 3.9000000000000004, 4.544716101633242, 4.407222607392451, 4.550000000000001, 5.113408300189263, 5.036974400482011, 5.199999999999999, 5.699512649731067, 5.671297127739925, 5.850000000000001, 6.298169928196957, 6.078735046037586, 6.308812179096086, 6.5, 6.906116451700221, 6.948640954252215, 7.5901983578238, 8.816165210703055], [5.2704627669473, 4.48454134902457, 3.80058475033046, 3.0, 3.1841621957571338, 2.1666666666666665, 4.323707257024283, 3.468108674447469, 2.3154073315749675, 2.315407331574967, 2.68741924943285, 1.333333333333333, 1.6499158227686108, 1.6499158227686104, 2.0137849840301127, 4.362084109434134, 3.3706247360261146, 2.3863035105460595, 0.5, 1.21335164821342, 1.213351648213419, 4.333333333333334, 3.333333333333334, 2.333333333333334, 0.0, 3.865804501581068, 2.877112750272012, 1.269295517643985, 1.2692955176439842, 2.4221776244620146, 0.6500000000000004, 3.9616214413349047, 3.004626062886658, 1.5365907428821481, 1.5365907428821475, 2.6710380836754175, 1.2999999999999998, 2.1079624412472637, 2.0207946731697195, 2.020794673169719, 3.0408788934195403, 1.9500000000000002, 2.578974817851293, 2.578974817851293, 3.4934860017530402, 2.5999999999999996, 3.172319515923816, 3.1723195159238156, 4.000867961385935, 3.25, 5.726010334948932, 3.784324392954588, 4.544716101633242, 3.9000000000000004, 4.407222607392451, 5.113408300189263, 4.550000000000001, 5.036974400482011, 5.699512649731067, 5.199999999999999, 5.671297127739925, 6.298169928196957, 5.850000000000001, 6.928911544421193, 6.308812179096086, 6.906116451700221, 6.5, 6.948640954252215, 7.5901983578238, 9.501157562802213], [3.5355339059327378, 3.5355339059327378, 3.8078865529319543, 5.190803834132479, 3.0595932917809696, 4.6696419087073, 2.5, 2.692582403567252, 3.655285366576885, 5.5901699437494745, 2.3687784005919825, 4.249182927993988, 3.1446603773522015, 5.270462766947299, 2.233168103538862, 1.118033988749895, 1.118033988749895, 1.8027756377319946, 3.9616214413349047, 2.793842435706702, 5.068968775248516, 0.7071067811865476, 0.7071067811865476, 1.5811388300841898, 3.865804501581068, 0.0, 1.0, 2.666666666666667, 5.0, 1.5074813431681335, 3.8362669933731737, 0.5, 1.118033988749895, 2.713136766016618, 5.024937810560445, 1.7, 3.915921915008578, 5.452938009411554, 2.9040680279757765, 5.130545779934139, 2.0862646045025066, 4.098407549822791, 3.217314269870308, 5.314132102234569, 2.580697580112788, 4.3708631235082676, 3.6212720294271064, 5.567988864931395, 3.132491021535417, 4.7177266182393875, 8.903411517672941, 4.089145523347281, 3.7161808352124095, 5.123909097988025, 4.601479230759508, 4.318854014666392, 5.57646343522886, 5.14500836841993, 4.933558553417603, 6.065018091023673, 5.710832786127704, 5.556302727533843, 6.581560942849688, 5.4665621632078105, 6.292941371974723, 6.18465843842649, 7.120003121097943, 6.887206335743915, 7.490735018081411, 8.183819712267098], [3.8078865529319543, 3.5355339059327378, 3.5355339059327378, 4.503085362035432, 2.7131367660166177, 3.890872509976251, 2.692582403567252, 2.5, 3.0046260628866577, 4.716990566028302, 1.9002923751652296, 3.3747427885527643, 2.3570226039551585, 4.333333333333333, 1.4634850067630751, 1.8027756377319946, 1.118033988749895, 1.118033988749895, 3.004626062886658, 1.8633899812498247, 4.0858835573770875, 1.5811388300841898, 0.7071067811865476, 0.7071067811865476, 2.877112750272012, 1.0, 0.0, 1.666666666666667, 4.0, 0.5220153254455276, 2.8373011433011093, 1.118033988749895, 0.5, 1.7400510848184252, 4.031128874149275, 0.9433981132056602, 2.9441089955668724, 4.471308486986512, 2.0249142643030047, 4.162030754331352, 1.5337861650177969, 3.1828097300620692, 2.4531159323965466, 4.386342439892261, 2.15870331449229, 3.5267233769857507, 2.963153350364739, 4.690682253148256, 2.7950849718747373, 3.9484525801607115, 7.967098603505823, 3.519627505543417, 3.4365680554879168, 4.425808149680438, 4.103690750748377, 4.080747480548141, 4.942699442387509, 4.7050799969583705, 4.726520919238588, 5.487966634171328, 5.317920437330534, 5.3733136889632656, 6.053947288982437, 5.5035854046980335, 5.938668013770241, 6.020797289396148, 6.635343079131461, 6.565080180605397, 7.195677714974301, 8.247360445961363], [4.719934086168766, 4.116363011742823, 3.689323936863109, 3.689323936863109, 2.9107081994288304, 2.9107081994288304, 3.655285366576885, 3.0046260628866577, 2.5, 3.419714088113865, 2.1730674684008826, 2.1730674684008826, 1.6666666666666665, 2.867441755680875, 1.3579937849856663, 3.3208098075285464, 2.386303510546059, 1.5365907428821481, 1.5365907428821481, 0.833333333333333, 2.477678124553084, 3.205897343611891, 2.2236106773543893, 1.269295517643985, 1.269295517643985, 2.666666666666667, 1.666666666666667, 0.0, 2.333333333333333, 1.1762699992395929, 1.1762699992395929, 2.713136766016618, 1.7400510848184252, 0.5, 2.3863035105460586, 1.4146063449281965, 1.4146063449281965, 2.8636494982968883, 1.1500000000000004, 2.601335127284534, 1.8610779433197076, 1.8610779433197076, 1.7999999999999998, 2.9469381473733787, 2.402313699563633, 2.402313699563633, 2.45, 3.3833333333333333, 2.9872413881558204, 2.9872413881558204, 6.44921006356729, 3.0999999999999996, 3.594594707489443, 3.594594707489443, 3.75, 4.214689918737927, 4.214689918737927, 4.4, 4.842634728235354, 4.842634728235354, 5.050000000000001, 5.475729276645361, 5.475729276645361, 5.950698624719029, 5.699999999999999, 6.112373606964083, 6.112373606964083, 6.350000000000001, 7.0, 8.614144231509393], [6.519202405202649, 5.70087712549569, 4.949747468305833, 3.689323936863109, 4.400126260814695, 2.91070819942883, 5.5901699437494745, 4.716990566028302, 3.419714088113865, 2.5, 3.9510898637098992, 2.173067468400882, 2.867441755680875, 1.6666666666666665, 3.2803631979474708, 5.5901699437494745, 4.6097722286464435, 3.640054944640259, 1.5365907428821475, 2.477678124553084, 0.833333333333333, 5.522680508593631, 4.527692569068709, 3.5355339059327378, 1.2692955176439842, 5.0, 4.0, 2.333333333333333, 0.0, 3.503212811120672, 1.1762699992395922, 5.024937810560445, 4.031128874149275, 2.3863035105460586, 0.5, 3.5902646142032486, 1.4146063449281958, 1.0123567508774394, 2.601335127284534, 1.1500000000000004, 3.7884693479029234, 1.8610779433197069, 2.9469381473733787, 1.7999999999999998, 4.08166632639171, 2.4023136995636327, 3.3833333333333333, 2.45, 4.451123453691214, 2.98724138815582, 4.504481565929358, 3.880005727372634, 4.879549159502341, 3.594594707489443, 4.416666666666666, 5.3528030040344285, 4.214689918737927, 4.98040605216527, 5.860034129593443, 4.842634728235354, 5.562997792957, 6.393160407810836, 5.475729276645361, 7.205140803423975, 6.159094450034391, 6.946221994724902, 6.112373606964082, 6.7651270826529535, 7.378647873726218, 9.601830622150853], [4.162030754331353, 3.7845078940332524, 3.6500000000000004, 4.332083152992848, 2.816666666666667, 3.6576024326812173, 3.0450779957170226, 2.6967573120323602, 2.895446616864333, 4.390045557850169, 1.9833333333333334, 3.0623611079615607, 2.1590249857027803, 3.9433840515194283, 1.353687486412612, 2.3070543990118657, 1.5239750654128172, 1.1500000000000004, 2.601335127284535, 1.5257966953547764, 3.635511579467798, 2.102974084481309, 1.1926860441876566, 0.6500000000000004, 2.4221776244620146, 1.5074813431681335, 0.5220153254455276, 1.1762699992395929, 3.503212811120672, 0.0, 2.333333333333334, 1.540292180074936, 0.6103277807866849, 1.2180357593728977, 3.5174564673923117, 0.6499999999999995, 2.422177624462014, 3.9511455399705544, 1.5365907428821481, 3.640054944640259, 1.2999999999999998, 2.6710380836754175, 2.0207946731697186, 3.8694314827891705, 1.9499999999999993, 3.04087889341954, 2.578974817851293, 4.188078318274385, 2.5999999999999996, 3.4934860017530402, 7.447283394877449, 3.172319515923815, 3.25, 4.000867961385935, 3.784324392954588, 3.9000000000000004, 4.544716101633242, 4.407222607392451, 4.549999999999999, 5.113408300189262, 5.036974400482011, 5.200000000000001, 5.6995126497310675, 5.443113065659447, 5.671297127739924, 5.85, 6.298169928196955, 6.308812179096088, 6.948640954252213, 8.176695048999495], [5.665710703678558, 4.9430366285423295, 4.332083152992848, 3.6500000000000004, 3.6576024326812173, 2.816666666666667, 4.660144251463087, 3.8794687494266253, 2.895446616864333, 2.895446616864333, 3.0623611079615607, 1.9833333333333334, 2.1590249857027803, 2.15902498570278, 2.303184959314843, 4.483333333333334, 3.5261325997629633, 2.601335127284535, 1.1500000000000004, 1.5257966953547764, 1.5257966953547757, 4.3818121568339485, 3.396117063811422, 2.4221776244620146, 0.6500000000000004, 3.8362669933731737, 2.8373011433011093, 1.1762699992395929, 1.1762699992395922, 2.333333333333334, 0.0, 3.8492784316602053, 2.8548691349653454, 1.2180357593728977, 1.218035759372897, 2.422177624462014, 0.6499999999999995, 1.7295908115897995, 1.5365907428821481, 1.5365907428821475, 2.6710380836754175, 1.2999999999999998, 2.0207946731697186, 2.020794673169718, 3.04087889341954, 1.9499999999999993, 2.578974817851293, 2.578974817851293, 3.4934860017530402, 2.5999999999999996, 5.35869660019605, 3.172319515923815, 4.000867961385935, 3.25, 3.784324392954588, 4.544716101633242, 3.9000000000000004, 4.407222607392451, 5.113408300189262, 4.549999999999999, 5.036974400482011, 5.6995126497310675, 5.200000000000001, 6.378579408931137, 5.671297127739924, 6.298169928196955, 5.85, 6.308812179096088, 6.948640954252213, 8.910980189357156], [4.031128874149275, 4.031128874149275, 4.272001872658765, 5.540256712864887, 3.5039660069381062, 4.972144630058766, 3.0, 3.1622776601683795, 4.013864859597432, 5.830951894845301, 2.7738861628488727, 4.487637339278754, 3.435921354681384, 5.4492