totalHoles = 20;
zeroHoleID = 5;
C = [[0.0, 1.8013606287573432, 3.8186958362537, 3.1076713003043634, 2.6433960504215883, 2.388797466702103, 4.537697423210082, 4.065923115894787, 3.7231240313769582, 3.5468948688330957, 5.494272472353533, 5.111561687021097, 4.84334436612461, 4.709224490976081, 6.519630688815005, 6.200533622060167, 5.981349259736269, 5.873274182641702, 7.414517379825597, 10.075107419180025], [1.8013606287573432, 0.0, 2.1456684196838065, 1.4434728208363958, 1.3731535988559178, 1.7539602950173714, 2.8564716825891376, 2.5636845761720197, 2.5247605089710756, 2.750498416306825, 3.920525158351209, 3.712622476085262, 3.685851688754044, 3.843999035111417, 5.030290924322186, 4.869997424638624, 4.849619772471282, 4.970878981426814, 6.96722879923492, 9.337477753579103], [3.8186958362537, 2.1456684196838065, 0.0, 1.9701538140580168, 2.691666542514994, 3.463743695776403, 2.438336429071925, 2.8142775942500067, 3.3591250501499457, 4.004519036848374, 3.5645980264276234, 3.8315836055304975, 4.247893083778988, 4.77462535338151, 4.7105685284163314, 4.915702360504019, 5.246683945323184, 5.681561760295157, 8.025222824414117, 9.944104655590207], [3.1076713003043634, 1.4434728208363958, 1.9701538140580168, 0.0, 0.8333333333333339, 1.666666666666667, 1.4337208778404371, 1.166666666666666, 1.4337208778404378, 2.034425935955617, 2.477678124553084, 2.333333333333333, 2.4776781245530843, 2.8674417556808756, 3.5978388574871505, 3.5, 3.5978388574871505, 3.8765677832043357, 6.11919031050538, 8.23290081488596], [2.6433960504215883, 1.3731535988559178, 2.691666542514994, 0.8333333333333339, 0.0, 0.833333333333333, 2.034425935955617, 1.4337208778404378, 1.166666666666666, 1.4337208778404371, 2.8674417556808756, 2.4776781245530843, 2.333333333333333, 2.477678124553084, 3.8765677832043357, 3.5978388574871505, 3.5, 3.5978388574871505, 5.650168082946852, 7.966284869241519], [2.388797466702103, 1.7539602950173714, 3.463743695776403, 1.666666666666667, 0.833333333333333, 0.0, 2.7588242262078078, 2.034425935955617, 1.4337208778404371, 1.166666666666666, 3.419714088113865, 2.8674417556808756, 2.477678124553084, 2.333333333333333, 4.301162633521313, 3.8765677832043357, 3.5978388574871505, 3.5, 5.271925413338904, 7.780207085736967], [4.537697423210082, 2.8564716825891376, 2.438336429071925, 1.4337208778404371, 2.034425935955617, 2.7588242262078078, 0.0, 0.833333333333333, 1.666666666666667, 2.5, 1.166666666666667, 1.4337208778404378, 2.0344259359556176, 2.758824226207808, 2.333333333333334, 2.477678124553085, 2.867441755680876, 3.4197140881138655, 5.864591522586042, 7.547691391023463], [4.065923115894787, 2.5636845761720197, 2.8142775942500067, 1.166666666666666, 1.4337208778404378, 2.034425935955617, 0.833333333333333, 0.0, 0.8333333333333339, 1.666666666666667, 1.4337208778404378, 1.166666666666667, 1.4337208778404384, 2.0344259359556176, 2.477678124553085, 2.333333333333334, 2.4776781245530852, 2.867441755680876, 5.2425617924129, 7.159594627868066], [3.7231240313769582, 2.5247605089710756, 3.3591250501499457, 1.4337208778404378, 1.166666666666666, 1.4337208778404371, 1.666666666666667, 0.8333333333333339, 0.0, 0.833333333333333, 2.0344259359556176, 1.4337208778404384, 1.166666666666667, 1.4337208778404378, 2.867441755680876, 2.4776781245530852, 2.333333333333334, 2.477678124553085, 4.686615351896926, 6.851338119342362], [3.5468948688330957, 2.750498416306825, 4.004519036848374, 2.034425935955617, 1.4337208778404371, 1.166666666666666, 2.5, 1.666666666666667, 0.833333333333333, 0.0, 2.758824226207808, 2.0344259359556176, 1.4337208778404378, 1.166666666666667, 3.4197140881138655, 2.867441755680876, 2.477678124553085, 2.333333333333334, 4.22293282623501, 6.6340607251214605], [5.494272472353533, 3.920525158351209, 3.5645980264276234, 2.477678124553084, 2.8674417556808756, 3.419714088113865, 1.166666666666667, 1.4337208778404378, 2.0344259359556176, 2.758824226207808, 0.0, 0.833333333333333, 1.666666666666667, 2.5, 1.166666666666667, 1.4337208778404378, 2.0344259359556176, 2.758824226207808, 5.211105452789735, 6.570312546903631], [5.111561687021097, 3.712622476085262, 3.8315836055304975, 2.333333333333333, 2.4776781245530843, 2.8674417556808756, 1.4337208778404378, 1.166666666666667, 1.4337208778404384, 2.0344259359556176, 0.833333333333333, 0.0, 0.8333333333333339, 1.666666666666667, 1.4337208778404378, 1.166666666666667, 1.4337208778404384, 2.0344259359556176, 4.499626702358142, 6.120552006581339], [4.84334436612461, 3.685851688754044, 4.247893083778988, 2.4776781245530843, 2.333333333333333, 2.477678124553084, 2.0344259359556176, 1.4337208778404384, 1.166666666666667, 1.4337208778404378, 1.666666666666667, 0.8333333333333339, 0.0, 0.833333333333333, 2.0344259359556176, 1.4337208778404384, 1.166666666666667, 1.4337208778404378, 3.8375186996212527, 5.756925885872017], [4.709224490976081, 3.843999035111417, 4.77462535338151, 2.8674417556808756, 2.477678124553084, 2.333333333333333, 2.758824226207808, 2.0344259359556176, 1.4337208778404378, 1.166666666666667, 2.5, 1.666666666666667, 0.833333333333333, 0.0, 2.758824226207808, 2.0344259359556176, 1.4337208778404378, 1.166666666666667, 3.2550496107125713, 5.496555588226927], [6.519630688815005, 5.030290924322186, 4.7105685284163314, 3.5978388574871505, 3.8765677832043357, 4.301162633521313, 2.333333333333334, 2.477678124553085, 2.867441755680876, 3.4197140881138655, 1.166666666666667, 1.4337208778404378, 2.0344259359556176, 2.758824226207808, 0.0, 0.833333333333333, 1.666666666666667, 2.5, 4.758153904154845, 5.665032287294671], [6.200533622060167, 4.869997424638624, 4.915702360504019, 3.5, 3.5978388574871505, 3.8765677832043357, 2.477678124553085, 2.333333333333334, 2.4776781245530852, 2.867441755680876, 1.4337208778404378, 1.166666666666667, 1.4337208778404384, 2.0344259359556176, 0.833333333333333, 0.0, 0.8333333333333339, 1.666666666666667, 3.9662386458839674, 5.136607899904241], [5.981349259736269, 4.849619772471282, 5.246683945323184, 3.5978388574871505, 3.5, 3.5978388574871505, 2.867441755680876, 2.4776781245530852, 2.333333333333334, 2.477678124553085, 2.0344259359556176, 1.4337208778404384, 1.166666666666667, 1.4337208778404378, 1.666666666666667, 0.8333333333333339, 0.0, 0.833333333333333, 3.1954590132673997, 4.697422645186944], [5.873274182641702, 4.970878981426814, 5.681561760295157, 3.8765677832043357, 3.5978388574871505, 3.5, 3.4197140881138655, 2.867441755680876, 2.477678124553085, 2.333333333333334, 2.758824226207808, 2.0344259359556176, 1.4337208778404378, 1.166666666666667, 2.5, 1.666666666666667, 0.833333333333333, 0.0, 2.4657162253043508, 4.37443792807264], [7.414517379825597, 6.96722879923492, 8.025222824414117, 6.11919031050538, 5.650168082946852, 5.271925413338904, 5.864591522586042, 5.2425617924129, 4.686615351896926, 4.22293282623501, 5.211105452789735, 4.499626702358142, 3.8375186996212527, 3.2550496107125713, 4.758153904154845, 3.9662386458839674, 3.1954590132673997, 2.4657162253043508, 0.0, 2.9026702166462828], [10.075107419180025, 9.337477753579103, 9.944104655590207, 8.23290081488596, 7.966284869241519, 7.780207085736967, 7.547691391023463, 7.159594627868066, 6.851338119342362, 6.6340607251214605, 6.570312546903631, 6.120552006581339, 5.756925885872017, 5.496555588226927, 5.665032287294671, 5.136607899904241, 4.697422645186944, 4.37443792807264, 2.9026702166462828, 0.0]];