totalHoles = 20;
zeroHoleID = 17;
C = [[0.0, 5.0, 0.5, 2.5495097567963922, 2.692582403567252, 7.566372975210778, 2.31308021837626, 4.333333333333333, 5.002777006601211, 6.616477747093069, 6.5118754777814996, 8.450642838835577, 8.166666666666666, 8.54075198354597, 9.575721614815482, 10.482764521495191, 10.46923250196081, 12.0, 12.257650672131263, 13.0], [5.0, 0.0, 5.024937810560445, 2.5495097567963922, 2.692582403567252, 2.692582403567252, 4.037603355259792, 6.616477747093069, 5.002777006601211, 4.333333333333333, 6.914377266348907, 7.148412432517548, 9.575721614815482, 8.54075198354597, 8.166666666666666, 9.385047170876089, 9.720531772596205, 13.0, 12.257650672131263, 12.0], [0.5, 5.024937810560445, 0.0, 2.5, 2.5495097567963922, 7.516648189186454, 1.939773073637565, 3.833333333333333, 4.576510072581994, 6.300352723811933, 6.036927030163765, 8.03307727016967, 7.666666666666666, 8.063980268935296, 9.153020145163987, 10.037864834306067, 10.009229646958739, 11.5, 11.76860229593982, 12.539936203984453], [2.5495097567963922, 2.5495097567963922, 2.5, 0.0, 0.5, 5.024937810560445, 1.728777011673313, 4.576510072581994, 3.833333333333333, 4.576510072581994, 5.7355499596078126, 6.9371138369224425, 8.063980268935296, 7.666666666666666, 8.063980268935296, 9.14352829191357, 9.293902974882382, 11.76860229593982, 11.5, 11.76860229593982], [2.692582403567252, 2.692582403567252, 2.5495097567963922, 0.5, 0.0, 5.0, 1.3787854933440045, 4.166666666666666, 3.333333333333333, 4.166666666666666, 5.2379861653642275, 6.460689934161397, 7.590198357823799, 7.166666666666666, 7.590198357823799, 8.658780979081522, 8.80093639631447, 11.280514172678478, 11.0, 11.280514172678478], [7.566372975210778, 2.692582403567252, 7.516648189186454, 5.024937810560445, 5.0, 0.0, 6.1524751274927905, 8.207381501496753, 6.009252125773315, 4.166666666666666, 7.605300113198532, 6.813732482361105, 10.373577546396957, 8.738484485945552, 7.590198357823799, 8.841111153591214, 9.345608070848701, 13.313526955694348, 12.083045973594572, 11.280514172678478], [2.31308021837626, 4.037603355259792, 1.939773073637565, 1.728777011673313, 1.3787854933440045, 6.1524751274927905, 0.0, 2.8639262163432093, 2.7254401023575463, 4.376525348997706, 4.407469111751197, 6.149528147381805, 6.483079211069029, 6.423104112177865, 7.278888432635644, 8.222816093785472, 8.254934079115323, 10.259017868695903, 10.22122292140733, 10.77958015824287], [4.333333333333333, 6.616477747093069, 3.833333333333333, 4.576510072581994, 4.166666666666666, 8.207381501496753, 2.8639262163432093, 0.0, 2.5, 5.0, 2.7133011266638563, 5.3264917633409, 3.833333333333333, 4.576510072581994, 6.300352723811933, 6.883028118940348, 6.676423529985806, 7.666666666666667, 8.063980268935296, 9.153020145163987], [5.002777006601211, 5.002777006601211, 4.576510072581994, 3.833333333333333, 3.333333333333333, 6.009252125773315, 2.7254401023575463, 2.5, 0.0, 2.5, 1.952958877086415, 3.4590074389689685, 4.576510072581994, 3.833333333333333, 4.576510072581994, 5.497404412934254, 5.546763518730357, 8.063980268935296, 7.666666666666667, 8.063980268935296], [6.616477747093069, 4.333333333333333, 6.300352723811933, 4.576510072581994, 4.166666666666666, 4.166666666666666, 4.376525348997706, 5.0, 2.5, 0.0, 3.57296707894516, 2.8386529236148044, 6.300352723811933, 4.576510072581994, 3.833333333333333, 5.056365737619709, 5.4275721933188334, 9.153020145163987, 8.063980268935296, 7.666666666666667], [6.5118754777814996, 6.914377266348907, 6.036927030163765, 5.7355499596078126, 5.2379861653642275, 7.605300113198532, 4.407469111751197, 2.7133011266638563, 1.952958877086415, 3.57296707894516, 0.0, 2.732381036164312, 2.7691888576400294, 2.029889726293763, 3.61559091609494, 4.177551711210729, 4.022833186201675, 6.112585356744634, 5.815130704904595, 6.539708746324983], [8.450642838835577, 7.148412432517548, 8.03307727016967, 6.9371138369224425, 6.460689934161397, 6.813732482361105, 6.149528147381805, 5.3264917633409, 3.4590074389689685, 2.8386529236148044, 2.732381036164312, 0.0, 4.647750796917707, 2.279211580383312, 1.134911179809949, 2.2515608915337655, 2.5898070171415273, 6.649853331047897, 5.273875925953607, 4.88947699046199], [8.166666666666666, 9.575721614815482, 7.666666666666666, 8.063980268935296, 7.590198357823799, 10.373577546396957, 6.483079211069029, 3.833333333333333, 4.576510072581994, 6.300352723811933, 2.7691888576400294, 4.647750796917707, 0.0, 2.5, 5.0, 4.835525889635742, 4.284095361546869, 3.833333333333334, 4.5765100725819945, 6.300352723811933], [8.54075198354597, 8.54075198354597, 8.063980268935296, 7.666666666666666, 7.166666666666666, 8.738484485945552, 6.423104112177865, 4.576510072581994, 3.833333333333333, 4.576510072581994, 2.029889726293763, 2.279211580383312, 2.5, 0.0, 2.5, 2.495533975437528, 2.1320008085826876, 4.5765100725819945, 3.833333333333334, 4.5765100725819945], [9.575721614815482, 8.166666666666666, 9.153020145163987, 8.063980268935296, 7.590198357823799, 7.590198357823799, 7.278888432635644, 6.300352723811933, 4.576510072581994, 3.833333333333333, 3.61559091609494, 1.134911179809949, 5.0, 2.5, 0.0, 1.2542204813303486, 1.799272583231088, 6.300352723811933, 4.5765100725819945, 3.833333333333334], [10.482764521495191, 9.385047170876089, 10.037864834306067, 9.14352829191357, 8.658780979081522, 8.841111153591214, 8.222816093785472, 6.883028118940348, 5.497404412934254, 5.056365737619709, 4.177551711210729, 2.2515608915337655, 4.835525889635742, 2.495533975437528, 1.2542204813303486, 0.0, 0.7296505974144277, 5.364460276807019, 3.409224729269977, 2.639733404700453], [10.46923250196081, 9.720531772596205, 10.009229646958739, 9.293902974882382, 8.80093639631447, 9.345608070848701, 8.254934079115323, 6.676423529985806, 5.546763518730357, 5.4275721933188334, 4.022833186201675, 2.5898070171415273, 4.284095361546869, 2.1320008085826876, 1.799272583231088, 0.7296505974144277, 0.0, 4.639095156471307, 2.7772573254499453, 2.5308323991792157], [12.0, 13.0, 11.5, 11.76860229593982, 11.280514172678478, 13.313526955694348, 10.259017868695903, 7.666666666666667, 8.063980268935296, 9.153020145163987, 6.112585356744634, 6.649853331047897, 3.833333333333334, 4.5765100725819945, 6.300352723811933, 5.364460276807019, 4.639095156471307, 0.0, 2.5, 5.0], [12.257650672131263, 12.257650672131263, 11.76860229593982, 11.5, 11.0, 12.083045973594572, 10.22122292140733, 8.063980268935296, 7.666666666666667, 8.063980268935296, 5.815130704904595, 5.273875925953607, 4.5765100725819945, 3.833333333333334, 4.5765100725819945, 3.409224729269977, 2.7772573254499453, 2.5, 0.0, 2.5], [13.0, 12.0, 12.539936203984453, 11.76860229593982, 11.280514172678478, 11.280514172678478, 10.77958015824287, 9.153020145163987, 8.063980268935296, 7.666666666666667, 6.539708746324983, 4.88947699046199, 6.300352723811933, 4.5765100725819945, 3.833333333333334, 2.639733404700453, 2.5308323991792157, 5.0, 2.5, 0.0]];