totalHoles = 20;
zeroHoleID = 7;
C = [[0.0, 1.5, 2.5, 3.0, 3.333333333333333, 4.166666666666667, 4.5, 5.0, 1.7730857538354092, 6.726812023536855, 7.650409133892563, 6.807762292933886, 8.0, 8.139410298049853, 8.54400374531753, 9.17877987534291, 9.433981132056603, 9.917717031207893, 11.149290699998428, 12.46621990569699], [1.5, 0.0, 1.0, 1.5, 1.833333333333333, 2.666666666666667, 3.0, 3.5, 0.3682911268348359, 5.70087712549569, 6.940681559229487, 6.769917448978469, 8.139410298049853, 8.0, 8.139410298049853, 8.54400374531753, 8.73212459828649, 9.386751893552482, 11.178984979786623, 12.497514165352273], [2.5, 1.0, 0.0, 0.5, 0.833333333333333, 1.666666666666667, 2.0, 2.5, 0.7938357490938545, 5.1478150704935, 6.615834104662537, 6.927425121831122, 8.381527307120106, 8.06225774829855, 8.0156097709407, 8.246211251235321, 8.381527307120106, 9.153020145163987, 11.309806359458324, 12.617791989772641], [3.0, 1.5, 0.5, 0.0, 0.33333333333333304, 1.166666666666667, 1.5, 2.0, 1.2757129840824168, 4.924428900898052, 6.50517955919049, 7.05818227979937, 8.54400374531753, 8.139410298049853, 8.0, 8.139410298049853, 8.246211251235321, 9.07530226004132, 11.407573240769418, 12.707048512111912], [3.333333333333333, 1.833333333333333, 0.833333333333333, 0.33333333333333304, 0.0, 0.8333333333333339, 1.166666666666667, 1.666666666666667, 1.6031428537965515, 4.7987266829626565, 6.451914884204284, 7.163439145423298, 8.666666666666666, 8.207381501496753, 8.006941432976209, 8.08462189042327, 8.171767114754175, 9.038497908637499, 11.484388385601818, 12.777080957516862], [4.166666666666667, 2.666666666666667, 1.666666666666667, 1.166666666666667, 0.8333333333333339, 0.0, 0.33333333333333304, 0.833333333333333, 2.4287543539245364, 4.576510072581994, 6.393280795843909, 7.485278274765588, 9.020039418489873, 8.432740427115679, 8.08462189042327, 8.006941432976209, 8.043285674675769, 9.0, 11.715780903684431, 12.987987133563008], [4.5, 3.0, 2.0, 1.5, 1.166666666666667, 0.33333333333333304, 0.0, 0.5, 2.760298694237212, 4.527692569068709, 6.400129818057701, 7.635711618687843, 9.17877987534291, 8.54400374531753, 8.139410298049853, 8.0, 8.0156097709407, 9.006170724070865, 11.82352524878862, 13.086263923104655], [5.0, 3.5, 2.5, 2.0, 1.666666666666667, 0.833333333333333, 0.5, 0.0, 3.2582997564104996, 4.5, 6.44280698802045, 7.882436818653316, 9.433981132056603, 8.73212459828649, 8.246211251235321, 8.0156097709407, 8.0, 9.038497908637499, 12.0006981740154, 13.248045541027755], [1.7730857538354092, 0.3682911268348359, 0.7938357490938545, 1.2757129840824168, 1.6031428537965515, 2.4287543539245364, 2.760298694237212, 3.2582997564104996, 0.0, 5.33437029502065, 6.59679064901598, 6.530392853918757, 7.928277969692973, 7.736239191517421, 7.8320624417851334, 8.205669220464136, 8.38631479118746, 9.059626150965357, 10.937518474148073, 12.253987987210415], [6.726812023536855, 5.70087712549569, 5.1478150704935, 4.924428900898052, 4.7987266829626565, 4.576510072581994, 4.527692569068709, 4.5, 5.33437029502065, 0.0, 2.0545336422866542, 4.655811531861839, 6.103277807866851, 4.949747468305833, 4.031128874149275, 3.5355339059327378, 3.5, 4.576510072581994, 8.002258953409562, 9.146107977052598], [7.650409133892563, 6.940681559229487, 6.615834104662537, 6.50517955919049, 6.451914884204284, 6.393280795843909, 6.400129818057701, 6.44280698802045, 6.59679064901598, 2.0545336422866542, 0.0, 3.2994432563498557, 4.498646523393467, 3.1435841221640057, 2.0065945588990215, 1.634234473533304, 1.7941077201156328, 2.6070543798148065, 5.999293189167001, 7.109589765639412], [6.807762292933886, 6.769917448978469, 6.927425121831122, 7.05818227979937, 7.163439145423298, 7.485278274765588, 7.635711618687843, 7.882436818653316, 6.530392853918757, 4.655811531861839, 3.2994432563498557, 0.0, 1.5567408995980605, 1.3818817088926487, 2.4281169424603, 3.792348443267502, 4.267390888054473, 3.951826475313693, 4.40908390833074, 5.727756502828419], [8.0, 8.139410298049853, 8.381527307120106, 8.54400374531753, 8.666666666666666, 9.020039418489873, 9.17877987534291, 9.433981132056603, 7.928277969692973, 6.103277807866851, 4.498646523393467, 1.5567408995980605, 0.0, 1.5, 3.0, 4.5, 5.0, 4.28498671072748, 3.181027351787027, 4.483414325996042], [8.139410298049853, 8.0, 8.06225774829855, 8.139410298049853, 8.207381501496753, 8.432740427115679, 8.54400374531753, 8.73212459828649, 7.736239191517421, 4.949747468305833, 3.1435841221640057, 1.3818817088926487, 1.5, 0.0, 1.5, 3.0, 3.5, 2.8480012484391772, 3.283589054379479, 4.569707386095023], [8.54400374531753, 8.139410298049853, 8.0156097709407, 8.0, 8.006941432976209, 8.08462189042327, 8.139410298049853, 8.246211251235321, 7.8320624417851334, 4.031128874149275, 2.0065945588990215, 2.4281169424603, 3.0, 1.5, 0.0, 1.5, 2.0, 1.5365907428821481, 3.993116470034934, 5.115021717501917], [9.17877987534291, 8.54400374531753, 8.246211251235321, 8.139410298049853, 8.08462189042327, 8.006941432976209, 8.0, 8.0156097709407, 8.205669220464136, 3.5355339059327378, 1.634234473533304, 3.792348443267502, 4.5, 3.0, 1.5, 0.0, 0.5, 1.0540925533894596, 5.060434883336391, 5.9953872891166196], [9.433981132056603, 8.73212459828649, 8.381527307120106, 8.246211251235321, 8.171767114754175, 8.043285674675769, 8.0156097709407, 8.0, 8.38631479118746, 3.5, 1.7941077201156328, 4.267390888054473, 5.0, 3.5, 2.0, 0.5, 0.0, 1.3017082793177757, 5.46159395813734, 6.3407472697227165], [9.917717031207893, 9.386751893552482, 9.153020145163987, 9.07530226004132, 9.038497908637499, 9.0, 9.006170724070865, 9.038497908637499, 9.059626150965357, 4.576510072581994, 2.6070543798148065, 3.951826475313693, 4.28498671072748, 2.8480012484391772, 1.5365907428821481, 1.0540925533894596, 1.3017082793177757, 0.0, 4.218803807994724, 5.046679177748252], [11.149290699998428, 11.178984979786623, 11.309806359458324, 11.407573240769418, 11.484388385601818, 11.715780903684431, 11.82352524878862, 12.0006981740154, 10.937518474148073, 8.002258953409562, 5.999293189167001, 4.40908390833074, 3.181027351787027, 3.283589054379479, 3.993116470034934, 5.060434883336391, 5.46159395813734, 4.218803807994724, 0.0, 1.32045585182972], [12.46621990569699, 12.497514165352273, 12.617791989772641, 12.707048512111912, 12.777080957516862, 12.987987133563008, 13.086263923104655, 13.248045541027755, 12.253987987210415, 9.146107977052598, 7.109589765639412, 5.727756502828419, 4.483414325996042, 4.569707386095023, 5.115021717501917, 5.9953872891166196, 6.3407472697227165, 5.046679177748252, 1.32045585182972, 0.0]];