totalHoles = 20;
zeroHoleID = 11;
C = [[0.0, 1.6770509831248424, 2.5, 3.0, 3.0413812651491097, 3.1622776601683795, 3.3541019662496847, 3.605551275463989, 5.315072906367325, 9.008996418770892, 9.515831762269777, 5.852349955359813, 7.3824115301167, 10.295100828208836, 8.246211251235321, 9.656603957913983, 10.688779163215974, 14.164754198474984, 12.020815280171307, 14.430770767518622], [1.6770509831248424, 0.0, 2.3048861143232218, 2.704163456597992, 2.462214450449026, 2.3048861143232218, 2.25, 2.3048861143232218, 3.816084380618437, 7.341875525751956, 7.843721580218483, 4.7762432936357, 6.0878978309429606, 8.698034851128819, 7.267220926874317, 8.488963423174823, 9.762812094883317, 12.681705163543299, 10.93446386431452, 13.02128843700884], [2.5, 2.3048861143232218, 0.0, 0.5, 0.7071067811865476, 1.118033988749895, 1.5811388300841898, 2.0615528128088303, 3.8078865529319543, 7.963199521986732, 8.521217254556355, 3.605551275463989, 5.315072906367325, 8.788234666763556, 5.852349955359813, 7.3824115301167, 8.246211251235321, 12.26783416143014, 9.656603957913983, 12.39457145061201], [3.0, 2.704163456597992, 0.5, 0.0, 0.5, 1.0, 1.5, 2.0, 3.640054944640259, 7.833431729304745, 8.397806938341358, 3.2015621187164243, 4.949747468305833, 8.542942236555767, 5.385164807134504, 6.946221994724902, 7.762087348130012, 11.91518584471849, 9.192388155425117, 12.008374275656868], [3.0413812651491097, 2.462214450449026, 0.7071067811865476, 0.5, 0.0, 0.5, 1.0, 1.5, 3.1622776601683795, 7.347707549278684, 7.910686262048057, 2.9154759474226504, 4.6097722286464435, 8.104558493656826, 5.220153254455275, 6.708203932499369, 7.648529270389178, 11.560781366926493, 9.013878188659973, 11.692005657684598], [3.1622776601683795, 2.3048861143232218, 1.118033988749895, 1.0, 0.5, 0.0, 0.5, 1.0, 2.692582403567252, 6.86403378501123, 7.425277967824334, 2.692582403567252, 4.301162633521313, 7.6737132274461235, 5.0990195135927845, 6.5, 7.566372975210778, 11.217471992992438, 8.860022573334675, 11.38880765727474], [3.3541019662496847, 2.25, 1.5811388300841898, 1.5, 1.0, 0.5, 0.0, 0.5, 2.23606797749979, 6.382876575167676, 6.9419412747702705, 2.5495097567963922, 4.031128874149275, 7.251750203713459, 5.024937810560445, 6.324555320336759, 7.516648189186454, 10.8863074553893, 8.73212459828649, 11.099859612151445], [3.605551275463989, 2.3048861143232218, 2.0615528128088303, 2.0, 1.5, 1.0, 0.5, 0.0, 1.8027756377319946, 5.904851136639507, 6.461141108601538, 2.5, 3.8078865529319543, 6.84031339465048, 5.0, 6.18465843842649, 7.5, 10.568429500780123, 8.631338250816034, 10.82630255278975], [5.315072906367325, 3.816084380618437, 3.8078865529319543, 3.640054944640259, 3.1622776601683795, 2.692582403567252, 2.23606797749979, 1.8027756377319946, 0.0, 4.200707050418534, 4.768413516315064, 2.1213203435596424, 2.5, 5.039195699217478, 4.272001872658765, 5.0, 6.670832032063167, 8.869923100889855, 7.5, 9.212272262021873], [9.008996418770892, 7.341875525751956, 7.963199521986732, 7.833431729304745, 7.347707549278684, 6.86403378501123, 6.382876575167676, 5.904851136639507, 4.200707050418534, 0.0, 0.5716281467118199, 5.667256576105925, 4.460545916923057, 2.2026190096158724, 6.470573950814474, 5.886170234585637, 8.007425142110403, 6.5469346935551425, 7.867498343442146, 7.375500708738472], [9.515831762269777, 7.843721580218483, 8.521217254556355, 8.397806938341358, 7.910686262048057, 7.425277967824334, 6.9419412747702705, 6.461141108601538, 4.768413516315064, 0.5716281467118199, 0.0, 6.229481021464575, 4.979744655512249, 2.2576819487890063, 6.954604458077679, 6.2735911729749665, 8.392056514337861, 6.451073423644243, 8.149726104425596, 7.34991988841039], [5.852349955359813, 4.7762432936357, 3.605551275463989, 3.2015621187164243, 2.9154759474226504, 2.692582403567252, 2.5495097567963922, 2.5, 2.1213203435596424, 5.667256576105925, 6.229481021464575, 0.0, 1.8027756377319946, 5.747508576083489, 2.5, 3.8078865529319543, 5.0, 8.749354011702652, 6.18465843842649, 8.808353050610437], [7.3824115301167, 6.0878978309429606, 5.315072906367325, 4.949747468305833, 4.6097722286464435, 4.301162633521313, 4.031128874149275, 3.8078865529319543, 2.5, 4.460545916923057, 4.979744655512249, 1.8027756377319946, 0.0, 4.078904361483658, 2.1213203435596424, 2.5, 4.272001872658765, 6.966708643601881, 5.0, 7.088315507176154], [10.295100828208836, 8.698034851128819, 8.788234666763556, 8.542942236555767, 8.104558493656826, 7.6737132274461235, 7.251750203713459, 6.84031339465048, 5.039195699217478, 2.2026190096158724, 2.2576819487890063, 5.747508576083489, 4.078904361483658, 0.0, 5.637182126494738, 4.5145795247452325, 6.559099772254591, 4.397306140419691, 6.05189191743932, 5.177009302863238], [8.246211251235321, 7.267220926874317, 5.852349955359813, 5.385164807134504, 5.220153254455275, 5.0990195135927845, 5.024937810560445, 5.0, 4.272001872658765, 6.470573950814474, 6.954604458077679, 2.5, 2.1213203435596424, 5.637182126494738, 0.0, 1.8027756377319946, 2.5, 7.342389878727151, 3.8078865529319543, 7.103896111561213], [9.656603957913983, 8.488963423174823, 7.3824115301167, 6.946221994724902, 6.708203932499369, 6.5, 6.324555320336759, 6.18465843842649, 5.0, 5.886170234585637, 6.2735911729749665, 3.8078865529319543, 2.5, 4.5145795247452325, 1.8027756377319946, 0.0, 2.1213203435596424, 5.558284162758756, 2.5, 5.303062627287205], [10.688779163215974, 9.762812094883317, 8.246211251235321, 7.762087348130012, 7.648529270389178, 7.566372975210778, 7.516648189186454, 7.5, 6.670832032063167, 8.007425142110403, 8.392056514337861, 5.0, 4.272001872658765, 6.559099772254591, 2.5, 2.1213203435596424, 0.0, 6.615903765954624, 1.8027756377319946, 5.986952184835859], [14.164754198474984, 12.681705163543299, 12.26783416143014, 11.91518584471849, 11.560781366926493, 11.217471992992438, 10.8863074553893, 10.568429500780123, 8.869923100889855, 6.5469346935551425, 6.451073423644243, 8.749354011702652, 6.966708643601881, 4.397306140419691, 7.342389878727151, 5.558284162758756, 6.615903765954624, 0.0, 5.074841509161883, 1.2160718411107663], [12.020815280171307, 10.93446386431452, 9.656603957913983, 9.192388155425117, 9.013878188659973, 8.860022573334675, 8.73212459828649, 8.631338250816034, 7.5, 7.867498343442146, 8.149726104425596, 6.18465843842649, 5.0, 6.05189191743932, 3.8078865529319543, 2.5, 1.8027756377319946, 5.074841509161883, 0.0, 4.301247461909929], [14.430770767518622, 13.02128843700884, 12.39457145061201, 12.008374275656868, 11.692005657684598, 11.38880765727474, 11.099859612151445, 10.82630255278975, 9.212272262021873, 7.375500708738472, 7.34991988841039, 8.808353050610437, 7.088315507176154, 5.177009302863238, 7.103896111561213, 5.303062627287205, 5.986952184835859, 1.2160718411107663, 4.301247461909929, 0.0]];