totalHoles = 20;
zeroHoleID = 4;
C = [[0.0, 3.6849610173025886, 2.3048861143232218, 4.034420431667523, 4.5, 5.830951894845301, 5.449260908090605, 5.174724898753341, 5.024937810560445, 5.0, 5.024937810560445, 6.180233787628173, 8.077747210701755, 7.806692285753579, 7.617596588017626, 7.516648189186454, 7.5, 7.516648189186454, 12.977217721462818, 14.1768799609403], [3.6849610173025886, 0.0, 2.297402087480335, 1.2140911401328982, 5.153488674258526, 7.814892737085892, 7.125643033955816, 6.470387754335682, 5.86054055735818, 5.522736011335014, 5.211073831500859, 4.492675120368305, 9.395923912425337, 8.830947079633727, 8.311242708968711, 7.845812469105322, 7.5968052974145, 7.373339009789355, 11.438995033802684, 12.440529250909469], [2.3048861143232218, 2.297402087480335, 0.0, 2.0115385602790448, 3.132491021535417, 5.55090082779363, 4.899688198696366, 4.311644440092176, 3.816084380618437, 3.5794552658190883, 3.400367627183861, 3.9239020217289875, 7.301540933255117, 6.819600020854922, 6.410169871210729, 6.0878978309429606, 5.942432162002357, 5.836308764964376, 10.855909708775496, 12.011185466584951], [4.034420431667523, 1.2140911401328982, 2.0115385602790448, 0.0, 4.285745805197321, 7.145758650173636, 6.397933943409361, 5.673987988251023, 4.984336417848718, 4.5934690696950735, 4.225672332564092, 3.2785910463145935, 8.498445247451196, 7.88005480194295, 7.304508513802374, 6.78272175927094, 6.500897094373961, 6.246439914030402, 10.24039497830684, 11.260834554896508], [4.5, 5.153488674258526, 3.132491021535417, 4.285745805197321, 0.0, 3.0413812651491097, 2.223610677354389, 1.4240006242195882, 0.7071067811865476, 0.5, 0.7071067811865476, 3.300422584304085, 4.242640687119285, 3.7006005518624194, 3.2829526005987013, 3.0413812651491097, 3.0, 3.0413812651491097, 8.869635007144069, 10.1558154745154], [5.830951894845301, 7.814892737085892, 5.55090082779363, 7.145758650173636, 3.0413812651491097, 0.0, 0.8333333333333335, 1.666666666666667, 2.5, 3.0, 3.5, 6.212524860865305, 2.5, 2.6352313834736494, 3.0046260628866577, 3.5355339059327378, 3.905124837953327, 4.301162633521313, 10.314714757353968, 11.660807461232348], [5.449260908090605, 7.125643033955816, 4.899688198696366, 6.397933943409361, 2.223610677354389, 0.8333333333333335, 0.0, 0.8333333333333335, 1.6666666666666665, 2.1666666666666665, 2.6666666666666665, 5.3801948399618515, 2.6352313834736494, 2.5, 2.6352313834736494, 3.0046260628866577, 3.3082388735465345, 3.655285366576885, 9.737131805916754, 11.078039157814011], [5.174724898753341, 6.470387754335682, 4.311644440092176, 5.673987988251023, 1.4240006242195882, 1.666666666666667, 0.8333333333333335, 0.0, 0.833333333333333, 1.333333333333333, 1.833333333333333, 4.548232269126512, 3.0046260628866577, 2.6352313834736494, 2.5, 2.6352313834736494, 2.833333333333333, 3.100179206289712, 9.198859710578505, 10.529024712910406], [5.024937810560445, 5.86054055735818, 3.816084380618437, 4.984336417848718, 0.7071067811865476, 2.5, 1.6666666666666665, 0.833333333333333, 0.0, 0.5, 1.0, 3.7168838992877005, 3.5355339059327378, 3.0046260628866577, 2.6352313834736494, 2.5, 2.5495097567963922, 2.692582403567252, 8.707192029173479, 10.019314353636402], [5.0, 5.522736011335014, 3.5794552658190883, 4.5934690696950735, 0.5, 3.0, 2.1666666666666665, 1.333333333333333, 0.5, 0.0, 0.5, 3.2185677056055657, 3.905124837953327, 3.3082388735465345, 2.833333333333333, 2.5495097567963922, 2.5, 2.5495097567963922, 8.437983380782843, 9.734942527349347], [5.024937810560445, 5.211073831500859, 3.400367627183861, 4.225672332564092, 0.7071067811865476, 3.5, 2.6666666666666665, 1.833333333333333, 1.0, 0.5, 0.0, 2.7208693886972974, 4.301162633521313, 3.655285366576885, 3.100179206289712, 2.692582403567252, 2.5495097567963922, 2.5, 8.190478254402045, 9.46845034335637], [6.180233787628173, 4.492675120368305, 3.9239020217289875, 3.2785910463145935, 3.300422584304085, 6.212524860865305, 5.3801948399618515, 4.548232269126512, 3.7168838992877005, 3.2185677056055657, 2.7208693886972974, 0.0, 6.5899475984094575, 5.811922291192927, 5.0515701496501855, 4.318236923062147, 3.8975790278684763, 3.497867126301842, 7.033496544471815, 8.13045679618289], [8.077747210701755, 9.395923912425337, 7.301540933255117, 8.498445247451196, 4.242640687119285, 2.5, 2.6352313834736494, 3.0046260628866577, 3.5355339059327378, 3.905124837953327, 4.301162633521313, 6.5899475984094575, 0.0, 0.8333333333333335, 1.666666666666667, 2.5, 3.0, 3.5, 8.748658891375019, 10.080526818568272], [7.806692285753579, 8.830947079633727, 6.819600020854922, 7.88005480194295, 3.7006005518624194, 2.6352313834736494, 2.5, 2.6352313834736494, 3.0046260628866577, 3.3082388735465345, 3.655285366576885, 5.811922291192927, 0.8333333333333335, 0.0, 0.8333333333333335, 1.6666666666666665, 2.1666666666666665, 2.6666666666666665, 8.059617092508494, 9.4002947759101], [7.617596588017626, 8.311242708968711, 6.410169871210729, 7.304508513802374, 3.2829526005987013, 3.0046260628866577, 2.6352313834736494, 2.5, 2.6352313834736494, 2.833333333333333, 3.100179206289712, 5.0515701496501855, 1.666666666666667, 0.8333333333333335, 0.0, 0.833333333333333, 1.333333333333333, 1.833333333333333, 7.400318361189869, 8.746596577927908], [7.516648189186454, 7.845812469105322, 6.0878978309429606, 6.78272175927094, 3.0413812651491097, 3.5355339059327378, 3.0046260628866577, 2.6352313834736494, 2.5, 2.5495097567963922, 2.692582403567252, 4.318236923062147, 2.5, 1.6666666666666665, 0.833333333333333, 0.0, 0.5, 1.0, 6.779445766798463, 8.125838443442408], [7.5, 7.5968052974145, 5.942432162002357, 6.500897094373961, 3.0, 3.905124837953327, 3.3082388735465345, 2.833333333333333, 2.5495097567963922, 2.5, 2.5495097567963922, 3.8975790278684763, 3.0, 2.1666666666666665, 1.333333333333333, 0.5, 0.0, 0.5, 6.430027636521237, 7.772496143629601], [7.516648189186454, 7.373339009789355, 5.836308764964376, 6.246439914030402, 3.0413812651491097, 4.301162633521313, 3.655285366576885, 3.100179206289712, 2.692582403567252, 2.5495097567963922, 2.5, 3.497867126301842, 3.5, 2.6666666666666665, 1.833333333333333, 1.0, 0.5, 0.0, 6.101608468911471, 7.436003106276079], [12.977217721462818, 11.438995033802684, 10.855909708775496, 10.24039497830684, 8.869635007144069, 10.314714757353968, 9.737131805916754, 9.198859710578505, 8.707192029173479, 8.437983380782843, 8.190478254402045, 7.033496544471815, 8.748658891375019, 8.059617092508494, 7.400318361189869, 6.779445766798463, 6.430027636521237, 6.101608468911471, 0.0, 1.3472081773276317], [14.1768799609403, 12.440529250909469, 12.011185466584951, 11.260834554896508, 10.1558154745154, 11.660807461232348, 11.078039157814011, 10.529024712910406, 10.019314353636402, 9.734942527349347, 9.46845034335637, 8.13045679618289, 10.080526818568272, 9.4002947759101, 8.746596577927908, 8.125838443442408, 7.772496143629601, 7.436003106276079, 1.3472081773276317, 0.0]];