totalHoles = 20;
zeroHoleID = 2;
C = [[0.0, 0.3333333333333333, 1.0137937550497031, 4.000782041536179, 2.875, 2.8942591644687092, 5.417981979697962, 3.8785825732834125, 6.215533557613281, 5.75, 5.759653731875825, 6.7520572996515495, 8.625, 8.631438820446514, 9.353328904685847, 11.07993876804113, 9.62644289329022, 11.5, 11.504829903614878, 12.501111061732784], [0.3333333333333333, 0.0, 1.0137937550497031, 3.740836670010461, 2.8942591644687092, 2.875, 5.188874206328462, 3.8785825732834125, 6.037912694607857, 5.759653731875825, 5.75, 6.7520572996515495, 8.631438820446514, 8.625, 9.281684952059955, 10.911951627304983, 9.62644289329022, 11.504829903614878, 11.5, 12.501111061732784], [1.0137937550497031, 1.0137937550497031, 0.0, 3.3362624428523455, 1.8823928330127528, 1.8823928330127528, 4.62722300033114, 2.875, 5.305826511146826, 4.752923077199733, 4.752923077199733, 5.75, 7.626821276113515, 7.626821276113515, 8.342233320105409, 10.143830582025332, 8.625, 10.501322668015575, 10.501322668015575, 11.5], [4.000782041536179, 3.740836670010461, 3.3362624428523455, 0.0, 3.217481433422069, 2.887869252967019, 1.5607292924721758, 3.3506084399888376, 2.7726527520957336, 4.607533679198999, 4.383716306145919, 5.277665842838268, 6.974080329010443, 6.828279320832369, 6.754322263902268, 7.5119242533519825, 7.811029802734022, 9.621718987063993, 9.516568620771055, 10.521495445502813], [2.875, 2.8942591644687092, 1.8823928330127528, 3.217481433422069, 0.0, 0.3333333333333333, 3.934617067157216, 1.0137937550497031, 4.135089034060186, 2.875, 2.8942591644687092, 3.8785825732834125, 5.75, 5.759653731875825, 6.590539243087784, 8.742219373192915, 6.7520572996515495, 8.625, 8.631438820446514, 9.62644289329022], [2.8942591644687092, 2.875, 1.8823928330127528, 2.887869252967019, 0.3333333333333333, 0.0, 3.612630379921786, 1.0137937550497031, 3.8629643567466045, 2.8942591644687092, 2.875, 3.8785825732834125, 5.759653731875825, 5.75, 6.488460639068759, 8.528308436151487, 6.7520572996515495, 8.631438820446514, 8.625, 9.62644289329022], [5.417981979697962, 5.188874206328462, 4.62722300033114, 1.5607292924721758, 3.934617067157216, 3.612630379921786, 0.0, 3.6452538221125996, 1.3855365907199102, 4.25900741934055, 3.963461996130003, 4.6578759279804265, 6.109691230400343, 5.907471009459109, 5.499079589859861, 5.956100143988721, 6.828981687872103, 8.546856712479965, 8.403490135677725, 9.386448935892929], [3.8785825732834125, 3.8785825732834125, 2.875, 3.3506084399888376, 1.0137937550497031, 1.0137937550497031, 3.6452538221125996, 0.0, 3.5168023658113765, 1.8823928330127528, 1.8823928330127528, 2.875, 4.752923077199733, 4.752923077199733, 5.594041712619355, 7.893583175106293, 5.75, 7.626821276113515, 7.626821276113515, 8.625], [6.215533557613281, 6.037912694607857, 5.305826511146826, 2.7726527520957336, 4.135089034060186, 3.8629643567466045, 1.3855365907199102, 3.5168023658113765, 0.0, 3.4779757378959384, 3.14957894571365, 3.6214986944584826, 4.860547206558207, 4.631247288697797, 4.114128711739035, 4.877850400445924, 5.5130623711103155, 7.189212269850487, 7.036213851416023, 8.012721798586327], [5.75, 5.759653731875825, 4.752923077199733, 4.607533679198999, 2.875, 2.8942591644687092, 4.25900741934055, 1.8823928330127528, 3.4779757378959384, 0.0, 0.3333333333333333, 1.0137937550497031, 2.875, 2.8942591644687092, 3.989599407224799, 6.827811218429981, 3.8785825732834125, 5.75, 5.759653731875825, 6.7520572996515495], [5.759653731875825, 5.75, 4.752923077199733, 4.383716306145919, 2.8942591644687092, 2.875, 3.963461996130003, 1.8823928330127528, 3.14957894571365, 0.3333333333333333, 0.0, 1.0137937550497031, 2.8942591644687092, 2.875, 3.818614589113822, 6.551690716725063, 3.8785825732834125, 5.759653731875825, 5.75, 6.7520572996515495], [6.7520572996515495, 6.7520572996515495, 5.75, 5.277665842838268, 3.8785825732834125, 3.8785825732834125, 4.6578759279804265, 2.875, 3.6214986944584826, 1.0137937550497031, 1.0137937550497031, 0.0, 1.8823928330127528, 1.8823928330127528, 3.08625964526215, 6.184760448700491, 2.875, 4.752923077199733, 4.752923077199733, 5.75], [8.625, 8.631438820446514, 7.626821276113515, 6.974080329010443, 5.75, 5.759653731875825, 6.109691230400343, 4.752923077199733, 4.860547206558207, 2.875, 2.8942591644687092, 1.8823928330127528, 0.0, 0.3333333333333333, 2.2203264051883966, 5.774327882966732, 1.0137937550497031, 2.875, 2.8942591644687092, 3.8785825732834125], [8.631438820446514, 8.625, 7.626821276113515, 6.828279320832369, 5.759653731875825, 5.75, 5.907471009459109, 4.752923077199733, 4.631247288697797, 2.8942591644687092, 2.875, 1.8823928330127528, 0.3333333333333333, 0.0, 1.8959861011202808, 5.445044326092317, 1.0137937550497031, 2.8942591644687092, 2.875, 3.8785825732834125], [9.353328904685847, 9.281684952059955, 8.342233320105409, 6.754322263902268, 6.590539243087784, 6.488460639068759, 5.499079589859861, 5.594041712619355, 4.114128711739035, 3.989599407224799, 3.818614589113822, 3.08625964526215, 2.2203264051883966, 1.8959861011202808, 0.0, 3.5612246209125336, 2.070735259134304, 3.2363629680592365, 3.023071155479084, 3.9474219978196365], [11.07993876804113, 10.911951627304983, 10.143830582025332, 7.5119242533519825, 8.742219373192915, 8.528308436151487, 5.956100143988721, 7.893583175106293, 4.877850400445924, 6.827811218429981, 6.551690716725063, 6.184760448700491, 5.774327882966732, 5.445044326092317, 3.5612246209125336, 0.0, 5.543024289437911, 6.049625522748976, 5.736167202810505, 6.303191631133185], [9.62644289329022, 9.62644289329022, 8.625, 7.811029802734022, 6.7520572996515495, 6.7520572996515495, 6.828981687872103, 5.75, 5.5130623711103155, 3.8785825732834125, 3.8785825732834125, 2.875, 1.0137937550497031, 1.0137937550497031, 2.070735259134304, 5.543024289437911, 0.0, 1.8823928330127528, 1.8823928330127528, 2.875], [11.5, 11.504829903614878, 10.501322668015575, 9.621718987063993, 8.625, 8.631438820446514, 8.546856712479965, 7.626821276113515, 7.189212269850487, 5.75, 5.759653731875825, 4.752923077199733, 2.875, 2.8942591644687092, 3.2363629680592365, 6.049625522748976, 1.8823928330127528, 0.0, 0.3333333333333333, 1.0137937550497031], [11.504829903614878, 11.5, 10.501322668015575, 9.516568620771055, 8.631438820446514, 8.625, 8.403490135677725, 7.626821276113515, 7.036213851416023, 5.759653731875825, 5.75, 4.752923077199733, 2.8942591644687092, 2.875, 3.023071155479084, 5.736167202810505, 1.8823928330127528, 0.3333333333333333, 0.0, 1.0137937550497031], [12.501111061732784, 12.501111061732784, 11.5, 10.521495445502813, 9.62644289329022, 9.62644289329022, 9.386448935892929, 8.625, 8.012721798586327, 6.7520572996515495, 6.7520572996515495, 5.75, 3.8785825732834125, 3.8785825732834125, 3.9474219978196365, 6.303191631133185, 2.875, 1.0137937550497031, 1.0137937550497031, 0.0]];