totalHoles = 20;
zeroHoleID = 4;
C = [[0.0, 0.8333333333333335, 1.666666666666667, 2.5, 3.0, 3.5, 4.0, 5.4035415686490875, 7.328822497492012, 4.5, 4.576510072581994, 4.7987266829626565, 5.1478150704935, 5.0, 5.068968775248516, 5.270462766947299, 5.5901699437494745, 8.150213214458695, 10.620237163239137, 13.800397318370235], [0.8333333333333335, 0.0, 0.8333333333333335, 1.6666666666666665, 2.1666666666666665, 2.6666666666666665, 3.1666666666666665, 4.591935029307086, 6.543359184555734, 4.576510072581994, 4.5, 4.576510072581994, 4.7987266829626565, 5.068968775248516, 5.0, 5.068968775248516, 5.270462766947299, 7.878398325692505, 10.551276529165674, 13.550660542745877], [1.666666666666667, 0.8333333333333335, 0.0, 0.833333333333333, 1.333333333333333, 1.833333333333333, 2.333333333333333, 3.7897707096241557, 5.7713385384470035, 4.7987266829626565, 4.576510072581994, 4.5, 4.576510072581994, 5.270462766947299, 5.068968775248516, 5.0, 5.068968775248516, 7.687732682937193, 10.547906155976557, 13.348360387458397], [2.5, 1.6666666666666665, 0.833333333333333, 0.0, 0.5, 1.0, 1.5, 3.0046207145930723, 5.01896767488158, 5.1478150704935, 4.7987266829626565, 4.576510072581994, 4.5, 5.5901699437494745, 5.270462766947299, 5.068968775248516, 5.0, 7.584338884781968, 10.610188548962865, 13.195678755224979], [3.0, 2.1666666666666665, 1.333333333333333, 0.5, 0.0, 0.5, 1.0, 2.548262637455255, 4.5810169161288234, 5.408326913195984, 4.994441354590566, 4.693375946776241, 4.527692569068709, 5.830951894845301, 5.449260908090605, 5.174724898753341, 5.024937810560445, 7.565807326044692, 10.678643817112832, 13.128630246310502], [3.5, 2.6666666666666665, 1.833333333333333, 1.0, 0.5, 0.0, 0.5, 2.111762131571414, 4.157089781350731, 5.70087712549569, 5.230784942158405, 4.85912657903775, 4.6097722286464435, 6.103277807866851, 5.666666666666667, 5.325515102890153, 5.0990195135927845, 7.580282624707819, 10.769900951307841, 13.08036415691788], [4.0, 3.1666666666666665, 2.333333333333333, 1.5, 1.0, 0.5, 0.0, 1.7103906370264281, 3.751942818669136, 6.020797289396148, 5.50252467307306, 5.068968775248516, 4.743416490252569, 6.4031242374328485, 5.918426968188235, 5.517648452415616, 5.220153254455275, 7.627576865955727, 10.883386386102487, 13.051088874527869], [5.4035415686490875, 4.591935029307086, 3.7897707096241557, 3.0046207145930723, 2.548262637455255, 2.111762131571414, 1.7103906370264281, 0.0, 2.0467182554270154, 6.267359416806973, 5.582777076751128, 4.944076719352723, 4.371416042186123, 6.549806435734247, 5.89809886106062, 5.297552726777931, 4.767541137738499, 6.818986538942188, 10.222858514300386, 11.935898375247987], [7.328822497492012, 6.543359184555734, 5.7713385384470035, 5.01896767488158, 4.5810169161288234, 4.157089781350731, 3.751942818669136, 2.0467182554270154, 0.0, 7.290157601809553, 6.50002369823268, 5.722159311382387, 4.962337673010854, 7.455440514539038, 6.684871239163471, 5.93129855861671, 5.202114049844667, 6.556503717174546, 9.988093890962123, 11.001945091343242], [4.5, 4.576510072581994, 4.7987266829626565, 5.1478150704935, 5.408326913195984, 5.70087712549569, 6.020797289396148, 6.267359416806973, 7.290157601809553, 0.0, 0.8333333333333335, 1.666666666666667, 2.5, 0.5, 0.9718253158075502, 1.7400510848184252, 2.5495097567963922, 4.310947938091251, 6.178023564747903, 9.660882629521293], [4.576510072581994, 4.5, 4.576510072581994, 4.7987266829626565, 4.994441354590566, 5.230784942158405, 5.50252467307306, 5.582777076751128, 6.50002369823268, 0.8333333333333335, 0.0, 0.8333333333333335, 1.6666666666666665, 0.9718253158075502, 0.5, 0.9718253158075502, 1.740051084818425, 3.7719301242295757, 6.058710601939755, 9.300649879510347], [4.7987266829626565, 4.576510072581994, 4.5, 4.576510072581994, 4.693375946776241, 4.85912657903775, 5.068968775248516, 4.944076719352723, 5.722159311382387, 1.666666666666667, 0.8333333333333335, 0.0, 0.833333333333333, 1.7400510848184252, 0.9718253158075502, 0.5, 0.9718253158075498, 3.355522386767337, 6.0528391716964425, 9.003355600551071], [5.1478150704935, 4.7987266829626565, 4.576510072581994, 4.5, 4.527692569068709, 4.6097722286464435, 4.743416490252569, 4.371416042186123, 4.962337673010854, 2.5, 1.6666666666666665, 0.833333333333333, 0.0, 2.5495097567963922, 1.740051084818425, 0.9718253158075498, 0.5, 3.111349064796793, 6.1607336257687235, 8.775398842651068], [5.0, 5.068968775248516, 5.270462766947299, 5.5901699437494745, 5.830951894845301, 6.103277807866851, 6.4031242374328485, 6.549806435734247, 7.455440514539038, 0.5, 0.9718253158075502, 1.7400510848184252, 2.5495097567963922, 0.0, 0.8333333333333335, 1.666666666666667, 2.5, 3.970960502450467, 5.69005286308541, 9.221807280505043], [5.068968775248516, 5.0, 5.068968775248516, 5.270462766947299, 5.449260908090605, 5.666666666666667, 5.918426968188235, 5.89809886106062, 6.684871239163471, 0.9718253158075502, 0.5, 0.9718253158075502, 1.740051084818425, 0.8333333333333335, 0.0, 0.8333333333333335, 1.6666666666666665, 3.3781225627793607, 5.560278821802309, 8.843707622859622], [5.270462766947299, 5.068968775248516, 5.0, 5.068968775248516, 5.174724898753341, 5.325515102890153, 5.517648452415616, 5.297552726777931, 5.93129855861671, 1.7400510848184252, 0.9718253158075502, 0.5, 0.9718253158075498, 1.666666666666667, 0.8333333333333335, 0.0, 0.833333333333333, 2.9058192777915868, 5.553880486340065, 8.530503408789183], [5.5901699437494745, 5.270462766947299, 5.068968775248516, 5.0, 5.024937810560445, 5.0990195135927845, 5.220153254455275, 4.767541137738499, 5.202114049844667, 2.5495097567963922, 1.740051084818425, 0.9718253158075498, 0.5, 2.5, 1.6666666666666665, 0.833333333333333, 0.0, 2.6200664476498168, 5.6712754496500635, 8.289553738591195], [8.150213214458695, 7.878398325692505, 7.687732682937193, 7.584338884781968, 7.565807326044692, 7.580282624707819, 7.627576865955727, 6.818986538942188, 6.556503717174546, 4.310947938091251, 3.7719301242295757, 3.355522386767337, 3.111349064796793, 3.970960502450467, 3.3781225627793607, 2.9058192777915868, 2.6200664476498168, 0.0, 3.445972035814376, 5.672793053758749], [10.620237163239137, 10.551276529165674, 10.547906155976557, 10.610188548962865, 10.678643817112832, 10.769900951307841, 10.883386386102487, 10.222858514300386, 9.988093890962123, 6.178023564747903, 6.058710601939755, 6.0528391716964425, 6.1607336257687235, 5.69005286308541, 5.560278821802309, 5.553880486340065, 5.6712754496500635, 3.445972035814376, 0.0, 4.078200002190277], [13.800397318370235, 13.550660542745877, 13.348360387458397, 13.195678755224979, 13.128630246310502, 13.08036415691788, 13.051088874527869, 11.935898375247987, 11.001945091343242, 9.660882629521293, 9.300649879510347, 9.003355600551071, 8.775398842651068, 9.221807280505043, 8.843707622859622, 8.530503408789183, 8.289553738591195, 5.672793053758749, 4.078200002190277, 0.0]];