totalHoles = 20;
zeroHoleID = 2;
C = [[0.0, 2.5, 5.0, 7.5, 8.0, 8.0156097709407, 1.523239329040297, 5.771698190307598, 9.497635790181622, 10.46721070772916, 7.840135374503888, 11.321959470007496, 14.84082207965583, 13.0, 13.92838827718412, 15.264337522473747, 16.257106516676416, 14.221462653327892, 14.922950259397249, 15.88238017426859], [2.5, 0.0, 2.5, 5.0, 5.5, 5.522680508593631, 2.8601475444094806, 6.485560885536423, 7.907627719484089, 8.707037383633999, 8.044818193755576, 10.677580362673812, 13.656500283747663, 13.238202294873727, 13.238202294873727, 14.115594213493104, 15.069060770602603, 14.0, 14.251705550954634, 14.866068747318506], [5.0, 2.5, 0.0, 2.5, 3.0, 3.0413812651491097, 5.151759883578429, 7.956915231419774, 6.8815744344566525, 7.386643351347079, 8.970533810794889, 10.598805525257191, 12.854960132182441, 13.92838827718412, 13.0, 13.341664064126334, 14.225318018296317, 14.221462653327892, 14.000992028344912, 14.221462653327892], [7.5, 5.0, 2.5, 0.0, 0.5, 0.7071067811865476, 7.576332610195019, 9.852030247619016, 6.684426470833653, 6.768493185340442, 10.426977219244693, 11.097686007591284, 12.509996003196804, 15.008331019803634, 13.238202294873727, 13.009611831257688, 13.789225973027543, 14.866068747318506, 14.193112570695847, 14.0], [8.0, 5.5, 3.0, 0.5, 0.0, 0.5, 8.06677463455846, 10.262187875886896, 6.756230854062382, 6.75, 10.764391731382432, 11.261590738224346, 12.5, 15.264337522473747, 13.341664064126334, 13.0, 13.754976153302765, 15.041608956491324, 14.283829240710551, 14.0089257261219], [8.0156097709407, 5.522680508593631, 3.0413812651491097, 0.7071067811865476, 0.5, 0.0, 7.987591009823393, 9.990620601344043, 6.265029086451164, 6.25, 10.40696715376552, 10.794173076424734, 12.0, 14.84082207965583, 12.854960132182441, 12.5, 13.25563580419127, 14.577379737113251, 13.79412113103904, 13.509256086106296], [1.523239329040297, 2.8601475444094806, 5.151759883578429, 7.576332610195019, 8.06677463455846, 7.987591009823393, 0.0, 4.268070749978818, 8.44078449517756, 9.492026882252713, 6.317504125546097, 9.886539197243504, 13.538529513619602, 11.479021891057798, 12.489528230477605, 13.947062003397159, 14.948649990676792, 12.71163418953488, 13.476434488768536, 14.519160292973728], [5.771698190307598, 6.485560885536423, 7.956915231419774, 9.852030247619016, 10.262187875886896, 9.990620601344043, 4.268070749978818, 0.0, 7.339804469570283, 8.558621384311845, 2.341486961930254, 6.644776833473822, 10.854146673046206, 7.267220926874317, 9.100137361600648, 11.171951485752166, 12.178599246189812, 8.77852493303972, 10.008676791220262, 11.491844934561204], [9.497635790181622, 7.907627719484089, 6.8815744344566525, 6.684426470833653, 6.756230854062382, 6.265029086451164, 8.44078449517756, 7.339804469570283, 0.0, 1.2195350395792566, 6.2950686328433, 4.75409092866467, 5.978712894156188, 9.295556584788155, 6.599875249959423, 6.469075820505125, 7.343744068733827, 8.51121207404691, 7.52987596161638, 7.388620443860302], [10.46721070772916, 8.707037383633999, 7.386643351347079, 6.768493185340442, 6.75, 6.25, 9.492026882252713, 8.558621384311845, 1.2195350395792566, 0.0, 7.4768252120002865, 5.462234250809444, 5.75, 10.151970252123476, 6.932712311931024, 6.25, 7.021807140347125, 9.100137361600648, 7.783975705112252, 7.267220926874317], [7.840135374503888, 8.044818193755576, 8.970533810794889, 10.426977219244693, 10.764391731382432, 10.40696715376552, 6.317504125546097, 2.341486961930254, 6.2950686328433, 7.4768252120002865, 0.0, 4.434823002666015, 8.757455633296237, 5.217418758921371, 6.798839067518193, 9.034703379859899, 10.027839399503186, 6.468269287203335, 7.686639116128157, 9.265055948662425], [11.321959470007496, 10.677580362673812, 10.598805525257191, 11.097686007591284, 11.261590738224346, 10.794173076424734, 9.886539197243504, 6.644776833473822, 4.75409092866467, 5.462234250809444, 4.434823002666015, 0.0, 4.369449298145791, 4.758799628357039, 2.606546800765533, 4.613332159905571, 5.597897405131846, 3.7883535950093905, 3.6067003355127323, 4.84763192523427], [14.84082207965583, 13.656500283747663, 12.854960132182441, 12.509996003196804, 12.5, 12.0, 13.538529513619602, 10.854146673046206, 5.978712894156188, 5.75, 8.757455633296237, 4.369449298145791, 0.0, 8.0156097709407, 3.0413812651491097, 0.5, 1.4185058560585642, 5.70087712549569, 3.205897343611891, 1.5811388300841898], [13.0, 13.238202294873727, 13.92838827718412, 15.008331019803634, 15.264337522473747, 14.84082207965583, 11.479021891057798, 7.267220926874317, 9.295556584788155, 10.151970252123476, 5.217418758921371, 4.758799628357039, 8.0156097709407, 0.0, 5.0, 8.0, 8.72460966323063, 2.692582403567252, 5.262551134615648, 7.566372975210778], [13.92838827718412, 13.238202294873727, 13.0, 13.238202294873727, 13.341664064126334, 12.854960132182441, 12.489528230477605, 9.100137361600648, 6.599875249959423, 6.932712311931024, 6.798839067518193, 2.606546800765533, 3.0413812651491097, 5.0, 0.0, 3.0, 3.7662944923147443, 2.692582403567252, 1.0137937550497031, 2.692582403567252], [15.264337522473747, 14.115594213493104, 13.341664064126334, 13.009611831257688, 13.0, 12.5, 13.947062003397159, 11.171951485752166, 6.469075820505125, 6.25, 9.034703379859899, 4.613332159905571, 0.5, 8.0, 3.0, 0.0, 1.0122600748336508, 5.5901699437494745, 3.004626062886658, 1.118033988749895], [16.257106516676416, 15.069060770602603, 14.225318018296317, 13.789225973027543, 13.754976153302765, 13.25563580419127, 14.948649990676792, 12.178599246189812, 7.343744068733827, 7.021807140347125, 10.027839399503186, 5.597897405131846, 1.4185058560585642, 8.72460966323063, 3.7662944923147443, 1.0122600748336508, 0.0, 6.198944844096325, 3.5364738350105895, 1.2219155483303659], [14.221462653327892, 14.0, 14.221462653327892, 14.866068747318506, 15.041608956491324, 14.577379737113251, 12.71163418953488, 8.77852493303972, 8.51121207404691, 9.100137361600648, 6.468269287203335, 3.7883535950093905, 5.70087712549569, 2.692582403567252, 2.692582403567252, 5.5901699437494745, 6.198944844096325, 0.0, 2.666666666666666, 5.0], [14.922950259397249, 14.251705550954634, 14.000992028344912, 14.193112570695847, 14.283829240710551, 13.79412113103904, 13.476434488768536, 10.008676791220262, 7.52987596161638, 7.783975705112252, 7.686639116128157, 3.6067003355127323, 3.205897343611891, 5.262551134615648, 1.0137937550497031, 3.004626062886658, 3.5364738350105895, 2.666666666666666, 0.0, 2.333333333333334], [15.88238017426859, 14.866068747318506, 14.221462653327892, 14.0, 14.0089257261219, 13.509256086106296, 14.519160292973728, 11.491844934561204, 7.388620443860302, 7.267220926874317, 9.265055948662425, 4.84763192523427, 1.5811388300841898, 7.566372975210778, 2.692582403567252, 1.118033988749895, 1.2219155483303659, 5.0, 2.333333333333334, 0.0]];