totalHoles = 20;
zeroHoleID = 12;
C = [[0.0, 1.666666666666667, 1.3017082793177759, 2.692582403567252, 1.75, 2.416666666666667, 3.0516389039334255, 2.873489941594445, 3.7165171868296265, 3.5, 3.8765677832043357, 4.0, 4.576510072581994, 5.1478150704935, 6.358772339637672, 7.05050566588348, 8.5, 10.958969520296677, 12.013038686114271, 13.645262887036406], [1.666666666666667, 0.0, 1.3017082793177759, 1.3017082793177757, 2.416666666666667, 1.75, 1.9382838916021676, 2.873489941594445, 2.873489941594445, 3.8765677832043357, 3.5, 4.333333333333333, 4.576510072581994, 4.576510072581994, 6.1173349405746595, 7.117293876767802, 8.661857640124188, 10.046388743044925, 11.15414628786789, 12.777065202128618], [1.3017082793177759, 1.3017082793177759, 0.0, 1.6666666666666665, 1.1211353372561426, 1.1211353372561426, 1.8276426832884423, 1.75, 2.4166666666666665, 2.6352313834736494, 2.6352313834736494, 3.1135902820449006, 3.5, 3.8765677832043357, 5.196112047541845, 6.035741976466832, 7.54615428178118, 9.659125417080077, 10.717603547742092, 12.349878551964185], [2.692582403567252, 1.3017082793177757, 1.6666666666666665, 0.0, 2.6100766272276377, 1.1211353372561423, 0.75, 2.4166666666666665, 1.75, 3.5355339059327378, 2.6352313834736494, 3.905124837953327, 3.8765677832043357, 3.5, 5.173505513307365, 6.336734251006814, 7.905694150420948, 8.769686164866355, 9.886692294262556, 11.504671831441163], [1.75, 2.416666666666667, 1.1211353372561426, 2.6100766272276377, 0.0, 1.666666666666667, 2.5, 1.3017082793177759, 2.692582403567252, 1.75, 2.416666666666667, 2.25, 2.873489941594445, 3.7165171868296265, 4.699705126546073, 5.30758047936763, 6.75, 9.617650448879838, 10.617019509437638, 12.241908851860801], [2.416666666666667, 1.75, 1.1211353372561426, 1.1211353372561423, 1.666666666666667, 0.0, 0.833333333333333, 1.3017082793177759, 1.3017082793177757, 2.416666666666667, 1.75, 2.8000496027352404, 2.873489941594445, 2.873489941594445, 4.367496924362724, 5.395984852516332, 6.952717294538717, 8.56330041435116, 9.634468547919928, 11.266078654988203], [3.0516389039334255, 1.9382838916021676, 1.8276426832884423, 0.75, 2.5, 0.833333333333333, 0.0, 1.9436506316151, 1.0, 3.0516389039334255, 1.9382838916021676, 3.3634060117684275, 3.215630230262456, 2.75, 4.433087329567104, 5.627886535257238, 7.198090024443984, 8.113501354813112, 9.217226155559553, 10.84149249666625], [2.873489941594445, 2.873489941594445, 1.75, 2.4166666666666665, 1.3017082793177759, 1.3017082793177759, 1.9436506316151, 0.0, 1.6666666666666665, 1.1211353372561426, 1.1211353372561426, 1.5023130314433288, 1.75, 2.4166666666666665, 3.486089932826145, 4.288468445353539, 5.810072671184453, 8.318587081525884, 9.315311620996647, 10.940321445423791], [3.7165171868296265, 2.873489941594445, 2.4166666666666665, 1.75, 2.692582403567252, 1.3017082793177757, 1.0, 1.6666666666666665, 0.0, 2.6100766272276377, 1.1211353372561423, 2.7950849718747373, 2.4166666666666665, 1.75, 3.452303854727157, 4.702656841424021, 6.269968101992227, 7.2668825943657085, 8.34593849193318, 9.976402509426455], [3.5, 3.8765677832043357, 2.6352313834736494, 3.5355339059327378, 1.75, 2.416666666666667, 3.0516389039334255, 1.1211353372561426, 2.6100766272276377, 0.0, 1.666666666666667, 0.5, 1.3017082793177759, 2.692582403567252, 3.140934715275968, 3.5715810147991287, 5.0, 8.427596772917264, 9.340990742607593, 10.938942609695077], [3.8765677832043357, 3.5, 2.6352313834736494, 2.6352313834736494, 2.416666666666667, 1.75, 1.9382838916021676, 1.1211353372561426, 1.1211353372561423, 1.666666666666667, 0.0, 1.7400510848184252, 1.3017082793177759, 1.3017082793177757, 2.6178754732531, 3.7016797442370613, 5.270462766947299, 7.201062504691491, 8.207069452037047, 9.83466630553958], [4.0, 4.333333333333333, 3.1135902820449006, 3.905124837953327, 2.25, 2.8000496027352404, 3.3634060117684275, 1.5023130314433288, 2.7950849718747373, 0.5, 1.7400510848184252, 0.0, 0.9718253158075502, 2.5495097567963922, 2.7383462532199103, 3.0784944701111274, 4.5, 8.124883172683534, 9.005710616474477, 10.59036303228612], [4.576510072581994, 4.576510072581994, 3.5, 3.8765677832043357, 2.873489941594445, 2.873489941594445, 3.215630230262456, 1.75, 2.4166666666666665, 1.3017082793177759, 1.3017082793177759, 0.9718253158075502, 0.0, 1.6666666666666665, 1.852313588163214, 2.544944401573884, 4.0858835573770875, 7.157099848610207, 8.05034380545182, 9.642964606910803], [5.1478150704935, 4.576510072581994, 3.8765677832043357, 3.5, 3.7165171868296265, 2.873489941594445, 2.75, 2.4166666666666665, 1.75, 2.692582403567252, 1.3017082793177757, 2.5495097567963922, 1.6666666666666665, 0.0, 1.7879162492986844, 3.193863141792618, 4.716990566028302, 5.901929332882785, 6.905627712296198, 8.533741272796194], [6.358772339637672, 6.1173349405746595, 5.196112047541845, 5.173505513307365, 4.699705126546073, 4.367496924362724, 4.433087329567104, 3.486089932826145, 3.452303854727157, 3.140934715275968, 2.6178754732531, 2.7383462532199103, 1.852313588163214, 1.7879162492986844, 0.0, 1.4974036761376979, 2.9489259154145744, 5.5211737432171395, 6.323244392363211, 7.882656912195245], [7.05050566588348, 7.117293876767802, 6.035741976466832, 6.336734251006814, 5.30758047936763, 5.395984852516332, 5.627886535257238, 4.288468445353539, 4.702656841424021, 3.5715810147991287, 3.7016797442370613, 3.0784944701111274, 2.544944401573884, 3.193863141792618, 1.4974036761376979, 0.0, 1.5702112971144184, 6.278121552571692, 6.881389525843782, 8.3189360675102], [8.5, 8.661857640124188, 7.54615428178118, 7.905694150420948, 6.75, 6.952717294538717, 7.198090024443984, 5.810072671184453, 6.269968101992227, 5.0, 5.270462766947299, 4.5, 4.0858835573770875, 4.716990566028302, 2.9489259154145744, 1.5702112971144184, 0.0, 6.589216903061473, 6.9455931780867015, 8.192295331120686], [10.958969520296677, 10.046388743044925, 9.659125417080077, 8.769686164866355, 9.617650448879838, 8.56330041435116, 8.113501354813112, 8.318587081525884, 7.2668825943657085, 8.427596772917264, 7.201062504691491, 8.124883172683534, 7.157099848610207, 5.901929332882785, 5.5211737432171395, 6.278121552571692, 6.589216903061473, 0.0, 1.1614026373456316, 2.738569217616376], [12.013038686114271, 11.15414628786789, 10.717603547742092, 9.886692294262556, 10.617019509437638, 9.634468547919928, 9.217226155559553, 9.315311620996647, 8.34593849193318, 9.340990742607593, 8.207069452037047, 9.005710616474477, 8.05034380545182, 6.905627712296198, 6.323244392363211, 6.881389525843782, 6.9455931780867015, 1.1614026373456316, 0.0, 1.6322793803789812], [13.645262887036406, 12.777065202128618, 12.349878551964185, 11.504671831441163, 12.241908851860801, 11.266078654988203, 10.84149249666625, 10.940321445423791, 9.976402509426455, 10.938942609695077, 9.83466630553958, 10.59036303228612, 9.642964606910803, 8.533741272796194, 7.882656912195245, 8.3189360675102, 8.192295331120686, 2.738569217616376, 1.6322793803789812, 0.0]];