totalHoles = 20;
zeroHoleID = 9;
C = [[0.0, 3.6666666666666665, 2.554497000146966, 2.088327347690278, 2.088327347690278, 7.325233078014845, 9.04632172076358, 9.5, 10.183046913593419, 10.540925533894598, 10.0, 10.04987562112089, 10.166666666666666, 10.651030205780305, 10.65885130354632, 10.65885130354632, 11.061695670696745, 11.446736555795184, 13.659639143103387, 13.126410148549306], [3.6666666666666665, 0.0, 6.13240247780522, 5.5901699437494745, 2.0883273476902775, 6.6429454459254575, 7.664869362095396, 10.183046913593419, 9.5, 12.206555615733702, 10.651030205780305, 10.349449797506683, 10.166666666666666, 10.0, 11.853269591129697, 10.65885130354632, 12.015036875145707, 11.01135777277262, 12.632905025780165, 13.004561962890538], [2.554497000146966, 6.13240247780522, 0.0, 0.5882621157149814, 4.240579335229183, 7.99059624274484, 9.965748442440514, 8.967372152112757, 10.559103586030357, 9.185890626219823, 9.450006436550266, 9.75256712360214, 10.073825646334477, 10.971942712066685, 9.655794152088838, 10.529521427353682, 10.21419836682659, 11.568906817766008, 14.07523929604792, 12.940911639768409], [2.088327347690278, 5.5901699437494745, 0.5882621157149814, 0.0, 3.666666666666667, 7.500972895675461, 9.453019592069243, 8.695464973830388, 10.124228365658293, 9.12414379544733, 9.184830488969903, 9.435453236478773, 9.7182531580755, 10.547511554864494, 9.5, 10.183046913593419, 10.022197585581939, 11.180339887498949, 13.644513431596053, 12.614270890520041], [2.088327347690278, 2.0883273476902775, 4.240579335229183, 3.666666666666667, 0.0, 5.769734351554879, 7.268385008103949, 8.695464973830388, 8.695464973830388, 10.37759338403873, 9.184830488969903, 9.038497908637499, 9.0, 9.184830488969903, 10.183046913593419, 9.5, 10.44030650891055, 10.088497300281038, 12.071986175072439, 11.936975082226569], [7.325233078014845, 6.6429454459254575, 7.99059624274484, 7.500972895675461, 5.769734351554879, 0.0, 2.069143768978109, 4.254543991009995, 2.9275978415312083, 7.2956790553710675, 4.6075672984292755, 3.995476542549165, 3.6198629219340908, 3.420432861474376, 6.30132520235659, 4.090469338805611, 6.136611611655663, 4.378661870156845, 6.339894042975039, 6.366698128927261], [9.04632172076358, 7.664869362095396, 9.965748442440514, 9.453019592069243, 7.268385008103949, 2.069143768978109, 0.0, 5.348993630959995, 2.3507485034516824, 8.667802798098402, 5.550716978844656, 4.6741510889488005, 3.9882942092250557, 2.7793424836935974, 7.425319898599427, 4.313376498118601, 7.04927334272441, 3.8970393241307586, 4.9744064226130025, 6.023772927223931], [9.5, 10.183046913593419, 8.967372152112757, 8.695464973830388, 8.695464973830388, 4.254543991009995, 5.348993630959995, 0.0, 3.6666666666666665, 3.370624736026114, 0.5, 1.1180339887498945, 1.90029237516523, 3.7006005518624194, 2.088327347690278, 2.088327347690278, 1.90029237516523, 3.5039660069381062, 6.2763227496532625, 4.110984755418808], [10.183046913593419, 9.5, 10.559103586030357, 10.124228365658293, 8.695464973830388, 2.9275978415312083, 2.3507485034516824, 3.6666666666666665, 0.0, 7.0178344238090995, 3.7006005518624194, 2.713136766016618, 1.9002923751652296, 0.5, 5.5901699437494745, 2.0883273476902775, 5.060742150229659, 1.5811388300841898, 3.5209054415582637, 3.7035367040177958], [10.540925533894598, 12.206555615733702, 9.185890626219823, 9.12414379544733, 10.37759338403873, 7.2956790553710675, 8.667802798098402, 3.370624736026114, 7.0178344238090995, 0.0, 3.3333333333333335, 4.333333333333333, 5.166666666666667, 7.0, 1.5811388300841898, 5.190803834132479, 2.3863035105460586, 6.576473218982953, 9.19346798778258, 6.320522821965872], [10.0, 10.651030205780305, 9.450006436550266, 9.184830488969903, 9.184830488969903, 4.6075672984292755, 5.550716978844656, 0.5, 3.7006005518624194, 3.3333333333333335, 0.0, 0.9999999999999996, 1.8333333333333335, 3.6666666666666665, 1.90029237516523, 1.90029237516523, 1.5365907428821481, 3.3208098075285455, 6.053527912828578, 3.7042029457146337], [10.04987562112089, 10.349449797506683, 9.75256712360214, 9.435453236478773, 9.038497908637499, 3.995476542549165, 4.6741510889488005, 1.1180339887498945, 2.713136766016618, 4.333333333333333, 0.9999999999999996, 0.0, 0.8333333333333339, 2.666666666666667, 2.877112750272011, 0.9718253158075506, 2.3863035105460586, 2.386303510546059, 5.15908300858123, 3.1915648218999357], [10.166666666666666, 10.166666666666666, 10.073825646334477, 9.7182531580755, 9.0, 3.6198629219340908, 3.9882942092250557, 1.90029237516523, 1.9002923751652296, 5.166666666666667, 1.8333333333333335, 0.8333333333333339, 0.0, 1.833333333333333, 3.70060055186242, 0.5, 3.16227766016838, 1.6666666666666663, 4.44818648615066, 2.961081319601075], [10.651030205780305, 10.0, 10.971942712066685, 10.547511554864494, 9.184830488969903, 3.420432861474376, 2.7793424836935974, 3.7006005518624194, 0.5, 7.0, 3.6666666666666665, 2.666666666666667, 1.833333333333333, 0.0, 5.522680508593631, 1.9002923751652296, 4.935697631653617, 1.118033988749895, 3.1064043622771034, 3.2460911758239535], [10.65885130354632, 11.853269591129697, 9.655794152088838, 9.5, 10.183046913593419, 6.30132520235659, 7.425319898599427, 2.088327347690278, 5.5901699437494745, 1.5811388300841898, 1.90029237516523, 2.877112750272011, 3.70060055186242, 5.522680508593631, 0.0, 3.666666666666667, 0.8333333333333331, 5.024937810560445, 7.614409532131689, 4.766275524009167], [10.65885130354632, 10.65885130354632, 10.529521427353682, 10.183046913593419, 9.5, 4.090469338805611, 4.313376498118601, 2.088327347690278, 2.0883273476902775, 5.190803834132479, 1.90029237516523, 0.9718253158075506, 0.5, 1.9002923751652296, 3.666666666666667, 0.0, 3.0413812651491106, 1.4240006242195882, 4.187999038819491, 2.4675750008957342], [11.061695670696745, 12.015036875145707, 10.21419836682659, 10.022197585581939, 10.44030650891055, 6.136611611655663, 7.04927334272441, 1.90029237516523, 5.060742150229659, 2.3863035105460586, 1.5365907428821481, 2.3863035105460586, 3.16227766016838, 4.935697631653617, 0.8333333333333331, 3.0413812651491106, 0.0, 4.333333333333334, 6.846860374552859, 3.9389021999481186], [11.446736555795184, 11.01135777277262, 11.568906817766008, 11.180339887498949, 10.088497300281038, 4.378661870156845, 3.8970393241307586, 3.5039660069381062, 1.5811388300841898, 6.576473218982953, 3.3208098075285455, 2.386303510546059, 1.6666666666666663, 1.118033988749895, 5.024937810560445, 1.4240006242195882, 4.333333333333334, 0.0, 2.784521253904948, 2.1283339935103345], [13.659639143103387, 12.632905025780165, 14.07523929604792, 13.644513431596053, 12.071986175072439, 6.339894042975039, 4.9744064226130025, 6.2763227496532625, 3.5209054415582637, 9.19346798778258, 6.053527912828578, 5.15908300858123, 4.44818648615066, 3.1064043622771034, 7.614409532131689, 4.187999038819491, 6.846860374552859, 2.784521253904948, 0.0, 3.275632828905585], [13.126410148549306, 13.004561962890538, 12.940911639768409, 12.614270890520041, 11.936975082226569, 6.366698128927261, 6.023772927223931, 4.110984755418808, 3.7035367040177958, 6.320522821965872, 3.7042029457146337, 3.1915648218999357, 2.961081319601075, 3.2460911758239535, 4.766275524009167, 2.4675750008957342, 3.9389021999481186, 2.1283339935103345, 3.275632828905585, 0.0]];