totalHoles = 10;
zeroHoleID = 6;
C = [[0.0, 0.33333333333333326, 1.0137937550497031, 1.118033988749895, 2.0446458450847946, 2.519930380423751, 2.0, 8.224884558074821, 10.328109208908247, 14.646913080514166], [0.33333333333333326, 0.0, 1.0137937550497031, 1.0137937550497034, 1.831669298777019, 2.2889811986696147, 2.0275875100994063, 8.020850455409107, 10.257385034832271, 14.496410555281027], [1.0137937550497031, 1.0137937550497031, 0.0, 0.33333333333333337, 1.3300932636968037, 1.8187014639954868, 1.0137937550497031, 7.356597818209712, 9.316648817015876, 13.68609804902505], [1.118033988749895, 1.0137937550497034, 0.33333333333333337, 0.0, 1.0269834416885737, 1.51926690608689, 1.118033988749895, 7.135541927869098, 9.24419624480031, 13.529015009148472], [2.0446458450847946, 1.831669298777019, 1.3300932636968037, 1.0269834416885737, 0.0, 0.4924012820566939, 1.4962751470690434, 6.189540640350367, 8.623639436034901, 12.69379259468295], [2.519930380423751, 2.2889811986696147, 1.8187014639954868, 1.51926690608689, 0.4924012820566939, 0.0, 1.8524229155274516, 5.740111316029526, 8.34353091543652, 12.295656240218193], [2.0, 2.0275875100994063, 1.0137937550497031, 1.118033988749895, 1.4962751470690434, 1.8524229155274516, 0.0, 6.779423017137586, 8.392943355102616, 12.904580434223615], [8.224884558074821, 8.020850455409107, 7.356597818209712, 7.135541927869098, 6.189540640350367, 5.740111316029526, 6.779423017137586, 0.0, 4.581218785697714, 6.772397593458321], [10.328109208908247, 10.257385034832271, 9.316648817015876, 9.24419624480031, 8.623639436034901, 8.34353091543652, 8.392943355102616, 4.581218785697714, 0.0, 5.290158865628198], [14.646913080514166, 14.496410555281027, 13.68609804902505, 13.529015009148472, 12.69379259468295, 12.295656240218193, 12.904580434223615, 6.772397593458321, 5.290158865628198, 0.0]];