totalHoles = 10;
zeroHoleID = 10;
C = [[0.0, 5.122221574585924, 5.868376433277889, 7.026814841246991, 5.607258994177541, 5.029658803171457, 7.0641426574714075, 6.116517190703186, 6.60352792637198, 10.666846884789598], [5.122221574585924, 0.0, 6.195677870816099, 2.4397772635871062, 0.5330342295322491, 1.7035092798321683, 1.954212787934735, 1.8960496984279038, 3.2572273291234284, 7.353086938403276], [5.868376433277889, 6.195677870816099, 0.0, 8.575245269506016, 6.243420605937608, 4.578772759118134, 7.511498296818406, 5.226138205023981, 4.256279965909365, 6.317469084914878], [7.026814841246991, 2.4397772635871062, 8.575245269506016, 0.0, 2.3333333333333335, 4.0, 1.5365907428821481, 3.640054944640259, 5.064464464517526, 8.508435724661112], [5.607258994177541, 0.5330342295322491, 6.243420605937608, 2.3333333333333335, 0.0, 1.6666666666666665, 1.5365907428821481, 1.5365907428821477, 2.9639022360271436, 6.940238064038244], [5.029658803171457, 1.7035092798321683, 4.578772759118134, 4.0, 1.6666666666666665, 0.0, 3.0046260628866577, 1.118033988749895, 1.8454292060417492, 6.126081559196862], [7.0641426574714075, 1.954212787934735, 7.511498296818406, 1.5365907428821481, 1.5365907428821481, 3.0046260628866577, 0.0, 2.333333333333333, 3.675737716627791, 6.972156566404904], [6.116517190703186, 1.8960496984279038, 5.226138205023981, 3.640054944640259, 1.5365907428821477, 1.118033988749895, 2.333333333333333, 0.0, 1.446170238336569, 5.46157830079761], [6.60352792637198, 3.2572273291234284, 4.256279965909365, 5.064464464517526, 2.9639022360271436, 1.8454292060417492, 3.675737716627791, 1.446170238336569, 0.0, 4.2829254456258266], [10.666846884789598, 7.353086938403276, 6.317469084914878, 8.508435724661112, 6.940238064038244, 6.126081559196862, 6.972156566404904, 5.46157830079761, 4.2829254456258266, 0.0]];