totalHoles = 10;
zeroHoleID = 9;
C = [[0.0, 0.8333333333333335, 1.666666666666667, 2.5, 3.867230555649391, 4.0, 6.55426956719838, 9.073336589114723, 12.931370971100566, 12.729731658483226], [0.8333333333333335, 0.0, 0.8333333333333335, 1.6666666666666665, 3.04601738881738, 4.0858835573770875, 5.956027956678476, 8.51517098116866, 12.436326477463924, 12.527200321779752], [1.666666666666667, 0.8333333333333335, 0.0, 0.833333333333333, 2.2337995846307006, 4.333333333333333, 5.420237759624313, 8.00498130582418, 11.978854962174264, 12.377573130298856], [2.5, 1.6666666666666665, 0.833333333333333, 0.0, 1.4458174589150672, 4.716990566028302, 4.967149545752343, 7.552496505364383, 11.563416668287646, 12.282783649429092], [3.867230555649391, 3.04601738881738, 2.2337995846307006, 1.4458174589150672, 0.0, 5.127436998909991, 3.914896785612321, 6.438171814577066, 10.463521670769405, 11.664921308172216], [4.0, 4.0858835573770875, 4.333333333333333, 4.716990566028302, 5.127436998909991, 0.0, 4.919280090661051, 6.792881095770124, 10.0816024185977, 8.949906372910434], [6.55426956719838, 5.956027956678476, 5.420237759624313, 4.967149545752343, 3.914896785612321, 4.919280090661051, 0.0, 2.5889802150574015, 6.597246044209523, 8.02513003780578], [9.073336589114723, 8.51517098116866, 8.00498130582418, 7.552496505364383, 6.438171814577066, 6.792881095770124, 2.5889802150574015, 0.0, 4.026103077293573, 6.37823247752078], [12.931370971100566, 12.436326477463924, 11.978854962174264, 11.563416668287646, 10.463521670769405, 10.0816024185977, 6.597246044209523, 4.026103077293573, 0.0, 4.911849146318883], [12.729731658483226, 12.527200321779752, 12.377573130298856, 12.282783649429092, 11.664921308172216, 8.949906372910434, 8.02513003780578, 6.37823247752078, 4.911849146318883, 0.0]];