totalHoles = 10;
zeroHoleID = 6;
C = [[0.0, 0.5, 4.342598488900382, 6.349594836372755, 6.696111892681364, 10.854146673046206, 12.570862999674793, 14.50616281628833, 14.0, 14.5], [0.5, 0.0, 4.136185505056016, 6.041373080924613, 6.270736594760602, 10.550473923004596, 12.140216983386052, 14.11330740307679, 13.5, 14.0], [4.342598488900382, 4.136185505056016, 0.0, 2.306700267421658, 3.7923914639150107, 6.643896598470875, 9.215596325256882, 10.727561516843531, 12.603749074620495, 13.080686512275745], [6.349594836372755, 6.041373080924613, 2.306700267421658, 0.0, 2.2444582731869027, 4.509128790749256, 6.965194179560952, 8.421893652683721, 11.062581518673811, 11.513537422275238], [6.696111892681364, 6.270736594760602, 3.7923914639150107, 2.2444582731869027, 0.0, 5.189235186897009, 5.8755625432251, 7.903121276558765, 8.910452143579292, 9.37445360352153], [10.854146673046206, 10.550473923004596, 6.643896598470875, 4.509128790749256, 5.189235186897009, 0.0, 4.700746048382052, 4.756250780359703, 11.171951485752166, 11.502717070327341], [12.570862999674793, 12.140216983386052, 9.215596325256882, 6.965194179560952, 5.8755625432251, 4.700746048382052, 0.0, 2.643242302867785, 7.00415649992627, 7.2399226599848285], [14.50616281628833, 14.11330740307679, 10.727561516843531, 8.421893652683721, 7.903121276558765, 4.756250780359703, 2.643242302867785, 0.0, 9.19869410746955, 9.347334351774899], [14.0, 13.5, 12.603749074620495, 11.062581518673811, 8.910452143579292, 11.171951485752166, 7.00415649992627, 9.19869410746955, 0.0, 0.5], [14.5, 14.0, 13.080686512275745, 11.513537422275238, 9.37445360352153, 11.502717070327341, 7.2399226599848285, 9.347334351774899, 0.5, 0.0]];