totalHoles = 10;
zeroHoleID = 5;
C = [[0.0, 5.666666666666667, 1.3891020794167683, 3.0046260628866577, 3.0046260628866577, 4.531333076414961, 7.052263885887328, 10.40132951411167, 10.931252277910122, 14.181364924121764], [5.666666666666667, 0.0, 4.781408134581719, 8.558621384311845, 3.004626062886658, 7.265701997408105, 9.535241729097917, 8.5408462637073, 12.254384611466755, 13.0], [1.3891020794167683, 4.781408134581719, 0.0, 3.8197654017113787, 1.8470938729269888, 3.6910561212689617, 6.287869430014416, 9.038508187363412, 9.989498339465545, 12.900823840114452], [3.0046260628866577, 8.558621384311845, 3.8197654017113787, 0.0, 5.666666666666666, 4.519398233089116, 6.341233780352253, 11.568017652583316, 10.362226387970914, 14.705441169852742], [3.0046260628866577, 3.004626062886658, 1.8470938729269888, 5.666666666666666, 0.0, 4.535558989128657, 7.020437569134064, 8.1526879333457, 10.292827135772152, 12.32995449212112], [4.531333076414961, 7.265701997408105, 3.6910561212689617, 4.519398233089116, 4.535558989128657, 0.0, 2.5976940066877203, 7.177190874206479, 6.40072384495205, 10.19687421845124], [7.052263885887328, 9.535241729097917, 6.287869430014416, 6.341233780352253, 7.020437569134064, 2.5976940066877203, 0.0, 6.91497235947124, 4.031935350616371, 8.817472352407618], [10.40132951411167, 8.5408462637073, 9.038508187363412, 11.568017652583316, 8.1526879333457, 7.177190874206479, 6.91497235947124, 0.0, 6.289872293451108, 4.472159921444451], [10.931252277910122, 12.254384611466755, 9.989498339465545, 10.362226387970914, 10.292827135772152, 6.40072384495205, 4.031935350616371, 6.289872293451108, 0.0, 5.914085595208932], [14.181364924121764, 13.0, 12.900823840114452, 14.705441169852742, 12.32995449212112, 10.19687421845124, 8.817472352407618, 4.472159921444451, 5.914085595208932, 0.0]];