totalHoles = 10;
zeroHoleID = 5;
C = [[0.0, 7.667850037672151, 1.6770509831248424, 2.5, 3.0, 9.073679603223436, 6.8753206798640125, 6.5103256034818315, 9.5, 14.074126789643445], [7.667850037672151, 0.0, 6.134701263357302, 7.84085215683957, 7.9696656275187046, 2.677473150229534, 5.0370349694448215, 5.486976767624479, 11.64008032240066, 14.298514069495551], [1.6770509831248424, 6.134701263357302, 0.0, 2.3048861143232218, 2.704163456597992, 7.406180627568887, 5.315745935326437, 5.015412910358263, 8.877640452282352, 13.176687590721993], [2.5, 7.84085215683957, 2.3048861143232218, 0.0, 0.5, 8.502564463673037, 5.389061183157477, 4.869929461623296, 7.0, 11.609214317415756], [3.0, 7.9696656275187046, 2.704163456597992, 0.5, 0.0, 8.472661367144806, 5.186170999184702, 4.634931246604815, 6.5, 11.11811222748886], [9.073679603223436, 2.677473150229534, 7.406180627568887, 8.502564463673037, 8.472661367144806, 0.0, 3.9928688906446888, 4.614675801598088, 10.520790703479026, 12.394997909846515], [6.8753206798640125, 5.0370349694448215, 5.315745935326437, 5.389061183157477, 5.186170999184702, 3.9928688906446888, 0.0, 0.6443489653824254, 6.671089056023133, 9.409589842264674], [6.5103256034818315, 5.486976767624479, 5.015412910358263, 4.869929461623296, 4.634931246604815, 4.614675801598088, 0.6443489653824254, 0.0, 6.159988535307994, 9.161324885648266], [9.5, 11.64008032240066, 8.877640452282352, 7.0, 6.5, 10.520790703479026, 6.671089056023133, 6.159988535307994, 0.0, 4.900380716081107], [14.074126789643445, 14.298514069495551, 13.176687590721993, 11.609214317415756, 11.11811222748886, 12.394997909846515, 9.409589842264674, 9.161324885648266, 4.900380716081107, 0.0]];