totalHoles = 10;
zeroHoleID = 10;
C = [[0.0, 1.2986216903591286, 3.605551275463989, 3.3541019662496847, 3.1622776601683795, 3.0413812651491097, 9.329123266050644, 9.80103633354939, 10.790329781257359, 13.236328268529265], [1.2986216903591286, 0.0, 2.877347314458629, 2.4967961790454294, 2.165376353285827, 1.9088526247573432, 8.060808425795026, 8.502428128255524, 9.506786074327167, 11.968512217160635], [3.605551275463989, 2.877347314458629, 0.0, 0.5, 1.0, 1.5, 6.718343915264873, 7.777176689795088, 8.28517470256815, 11.773841405103491], [3.3541019662496847, 2.4967961790454294, 0.5, 0.0, 0.5, 1.0, 6.56674672324925, 7.51980974386929, 8.121912010606346, 11.457566719640264], [3.1622776601683795, 2.165376353285827, 1.0, 0.5, 0.0, 0.5, 6.450440302090469, 7.287701963149355, 7.986663230911141, 11.154744678274215], [3.0413812651491097, 1.9088526247573432, 1.5, 1.0, 0.5, 0.0, 6.371357599002053, 7.083336870669811, 7.880870790714966, 10.866500013342185], [9.329123266050644, 8.060808425795026, 6.718343915264873, 6.56674672324925, 6.450440302090469, 6.371357599002053, 0.0, 1.9364899043772084, 1.5723098370996216, 5.964117687292627], [9.80103633354939, 8.502428128255524, 7.777176689795088, 7.51980974386929, 7.287701963149355, 7.083336870669811, 1.9364899043772084, 0.0, 1.7362408447307025, 4.193852822075991], [10.790329781257359, 9.506786074327167, 8.28517470256815, 8.121912010606346, 7.986663230911141, 7.880870790714966, 1.5723098370996216, 1.7362408447307025, 0.0, 4.831786204081302], [13.236328268529265, 11.968512217160635, 11.773841405103491, 11.457566719640264, 11.154744678274215, 10.866500013342185, 5.964117687292627, 4.193852822075991, 4.831786204081302, 0.0]];