totalHoles = 10;
zeroHoleID = 6;
C = [[0.0, 0.5590169943749475, 0.9013878188659973, 1.346291201783626, 9.319918728148364, 4.862485252938735, 7.3212977197064975, 9.240576675355785, 12.759800155174846, 13.544739479390541], [0.5590169943749475, 0.0, 0.5, 1.0, 8.780467533235559, 4.353797411835847, 6.797227719874296, 8.756346069130238, 12.5, 13.15726236662252], [0.9013878188659973, 0.5, 0.0, 0.5, 8.69987026502696, 3.9685337975213426, 6.43598906290306, 8.339252068846866, 12.0, 12.678501787990031], [1.346291201783626, 1.0, 0.5, 0.0, 8.647477964955838, 3.6115051018695534, 6.094391336285199, 7.931749722044999, 11.5, 12.201445086217928], [9.319918728148364, 8.780467533235559, 8.69987026502696, 8.647477964955838, 0.0, 6.239285325377547, 5.270374423878616, 6.930231321730476, 13.851892406982392, 12.004919409796315], [4.862485252938735, 4.353797411835847, 3.9685337975213426, 3.6115051018695534, 6.239285325377547, 0.0, 2.4857351798652845, 4.434046736313625, 9.423283232097221, 9.225905987347705], [7.3212977197064975, 6.797227719874296, 6.43598906290306, 6.094391336285199, 5.270374423878616, 2.4857351798652845, 0.0, 2.354318296920103, 8.757486410228369, 7.635926050212648], [9.240576675355785, 8.756346069130238, 8.339252068846866, 7.931749722044999, 6.930231321730476, 4.434046736313625, 2.354318296920103, 0.0, 6.957859664956394, 5.3309497936730175], [12.759800155174846, 12.5, 12.0, 11.5, 13.851892406982392, 9.423283232097221, 8.757486410228369, 6.957859664956394, 0.0, 3.726247184805586], [13.544739479390541, 13.15726236662252, 12.678501787990031, 12.201445086217928, 12.004919409796315, 9.225905987347705, 7.635926050212648, 5.3309497936730175, 3.726247184805586, 0.0]];