totalHoles = 10;
zeroHoleID = 7;
C = [[0.0, 5.0, 2.692582403567252, 7.566372975210778, 10.183432515063286, 7.432139702871458, 11.539375725346677, 11.371484868632534, 15.264337522473747, 16.22899741054019], [5.0, 0.0, 2.692582403567252, 2.692582403567252, 6.638510779135526, 7.0322184815203554, 11.469495750489301, 12.397176227053748, 13.341664064126334, 14.086060529371498], [2.692582403567252, 2.692582403567252, 0.0, 5.0, 7.570268901103341, 5.793548414894635, 10.229683422679068, 10.653998888557389, 13.200378782444085, 14.093763823279277], [7.566372975210778, 2.692582403567252, 5.0, 0.0, 4.761984755421082, 7.265025770399327, 11.315412655666028, 12.762719248047024, 12.010412149464313, 12.596464702136593], [10.183432515063286, 6.638510779135526, 7.570268901103341, 4.761984755421082, 0.0, 5.4962028956295885, 8.039675765725985, 10.156694253143323, 7.351065736838163, 7.861823781999426], [7.432139702871458, 7.0322184815203554, 5.793548414894635, 7.265025770399327, 5.4962028956295885, 0.0, 4.483320108232919, 5.506402238185857, 7.94366375705691, 8.971333680543324], [11.539375725346677, 11.469495750489301, 10.229683422679068, 11.315412655666028, 8.039675765725985, 4.483320108232919, 0.0, 2.602642704427589, 5.625451391979985, 6.732922437916725], [11.371484868632534, 12.397176227053748, 10.653998888557389, 12.762719248047024, 10.156694253143323, 5.506402238185857, 2.602642704427589, 0.0, 8.103293300181852, 9.18603641029473], [15.264337522473747, 13.341664064126334, 13.200378782444085, 12.010412149464313, 7.351065736838163, 7.94366375705691, 5.625451391979985, 8.103293300181852, 0.0, 1.1180307538856482], [16.22899741054019, 14.086060529371498, 14.093763823279277, 12.596464702136593, 7.861823781999426, 8.971333680543324, 6.732922437916725, 9.18603641029473, 1.1180307538856482, 0.0]];