totalHoles = 10;
zeroHoleID = 10;
C = [[0.0, 1.9525624189766635, 3.5, 4.47213595499958, 5.101742621671322, 6.99774448232449, 7.5357280682181855, 8.146602057629664, 7.754789786652583, 13.508745707178084], [1.9525624189766635, 0.0, 2.704163456597992, 2.7950849718747373, 3.2156302302624566, 5.046594743374297, 5.674418766582199, 6.345341837412661, 6.450904354765283, 11.806502661636578], [3.5, 2.704163456597992, 0.0, 2.0615528128088303, 3.205897343611891, 5.575951396131916, 5.082573390551197, 5.420751507619467, 4.312165845872914, 10.376242432479998], [4.47213595499958, 2.7950849718747373, 2.0615528128088303, 0.0, 1.166666666666667, 3.5308005909781377, 3.1806511566263147, 3.6955455480468986, 3.8072703536099146, 9.049828777174302], [5.101742621671322, 3.2156302302624566, 3.205897343611891, 1.166666666666667, 0.0, 2.3705905180076314, 2.4609348919934537, 3.176845450756868, 4.253652813309049, 8.696632033920844], [6.99774448232449, 5.046594743374297, 5.575951396131916, 3.5308005909781377, 2.3705905180076314, 0.0, 2.2172863785452948, 3.070491235615693, 5.6096221004794895, 8.13844055919682], [7.5357280682181855, 5.674418766582199, 5.082573390551197, 3.1806511566263147, 2.4609348919934537, 2.2172863785452948, 0.0, 0.8869441852191025, 3.613971481132632, 6.337474578366258], [8.146602057629664, 6.345341837412661, 5.420751507619467, 3.6955455480468986, 3.176845450756868, 3.070491235615693, 0.8869441852191025, 0.0, 3.1381809201389292, 5.528082741038851], [7.754789786652583, 6.450904354765283, 4.312165845872914, 3.8072703536099146, 4.253652813309049, 5.6096221004794895, 3.613971481132632, 3.1381809201389292, 0.0, 6.362354682835657], [13.508745707178084, 11.806502661636578, 10.376242432479998, 9.049828777174302, 8.696632033920844, 8.13844055919682, 6.337474578366258, 5.528082741038851, 6.362354682835657, 0.0]];