totalHoles = 40;
zeroHoleID = 26;
C = [[0.0, 3.0, 4.0, 3.0681045135592186, 4.051328832139209, 3.640054944640259, 4.6097722286464435, 3.2639027596559607, 4.201554619957927, 3.8663910293498165, 4.790509324887776, 3.0516389039334255, 3.56642506651998, 4.440651726391301, 4.180249968114151, 5.047225950551289, 3.951233338839809, 4.75523342202664, 4.5636093842752254, 5.369034420847467, 4.396775256146398, 5.1314357301890885, 5.000510178053468, 4.886466107567735, 5.556757239650493, 5.478156996804003, 4.5, 5.408326913195984, 6.020797289396148, 5.9868052193715044, 5.0, 5.068968775248516, 5.270462766947299, 5.5901699437494745, 6.519202405202649, 8.072517390097953, 9.601357926037082, 12.100891423144233, 11.256036310136878, 12.924129461679563], [3.0, 0.0, 1.0, 0.6428571428571428, 1.1888083555066598, 1.118033988749895, 1.8027756377319946, 1.2857142857142858, 1.6288220358559116, 1.717259325738758, 2.224630214628205, 1.8200274723201295, 1.9285714285714288, 2.172415189392222, 2.3397627648798855, 2.733951315572091, 2.5714285714285716, 2.759029702261138, 2.9709477632979175, 3.2903693732231494, 3.2142857142857144, 3.366249047985194, 3.606258731818382, 3.8571428571428577, 3.984664480280387, 4.243843079289414, 5.408326913195984, 4.5, 4.6097722286464435, 4.882810331632172, 5.830951894845301, 5.449260908090605, 5.174724898753341, 5.024937810560445, 5.522680508593631, 7.058578980100235, 9.90670871562085, 10.838288731259421, 10.925786144617176, 12.772506761805225], [4.0, 1.0, 0.0, 1.1888083555066598, 0.6428571428571428, 1.118033988749895, 1.118033988749895, 1.6288220358559116, 1.2857142857142858, 1.717259325738758, 1.717259325738758, 2.3048861143232218, 2.172415189392222, 1.9285714285714288, 2.3397627648798855, 2.3397627648798855, 2.759029702261138, 2.5714285714285716, 2.9709477632979175, 2.9709477632979175, 3.366249047985194, 3.2142857142857144, 3.606258731818382, 3.984664480280387, 3.8571428571428577, 4.243843079289414, 6.020797289396148, 4.6097722286464435, 4.5, 4.882810331632172, 6.4031242374328485, 5.918426968188235, 5.517648452415616, 5.220153254455275, 5.522680508593631, 6.979221825290115, 10.204336272401672, 10.574220810598044, 10.996861038443573, 12.877818055079404], [3.0681045135592186, 0.6428571428571428, 1.1888083555066598, 0.0, 1.0, 0.6144518047887592, 1.5419309389230644, 0.642857142857143, 1.18880835550666, 1.118033988749895, 1.8027756377319946, 1.2148108108353535, 1.285714285714286, 1.6288220358559116, 1.717259325738758, 2.224630214628205, 1.9285714285714288, 2.172415189392222, 2.339762764879886, 2.7339513155720914, 2.5714285714285716, 2.759029702261138, 2.970947763297917, 3.214285714285715, 3.3662490479851948, 3.6062587318183823, 4.886466107567734, 3.857142857142857, 3.9846644802803866, 4.243843079289415, 5.290056131795865, 4.866121486563551, 4.556585525953485, 4.385737552288215, 4.882810331632172, 6.423691819428137, 9.28594508258343, 10.228376085300173, 10.283151856913626, 12.131152419942543], [4.051328832139209, 1.1888083555066598, 0.6428571428571428, 1.0, 0.0, 0.6144518047887592, 0.6144518047887592, 1.18880835550666, 0.642857142857143, 1.118033988749895, 1.118033988749895, 1.8643404480197412, 1.6288220358559116, 1.285714285714286, 1.717259325738758, 1.717259325738758, 2.172415189392222, 1.9285714285714288, 2.339762764879886, 2.339762764879886, 2.759029702261138, 2.5714285714285716, 2.970947763297917, 3.3662490479851948, 3.214285714285715, 3.6062587318183823, 5.5567572396504925, 3.9846644802803866, 3.857142857142857, 4.243843079289415, 5.91478603818862, 5.386322646790554, 4.942584174497736, 4.6081117475112325, 4.882810331632172, 6.336388297704062, 9.602831731361835, 9.94813150654334, 10.358637069290332, 12.241982188977676], [3.640054944640259, 1.118033988749895, 1.118033988749895, 0.6144518047887592, 0.6144518047887592, 0.0, 1.0, 0.5758755534498964, 0.5758755534498964, 0.6428571428571428, 1.1888083555066598, 1.25, 1.0546302185881002, 1.0546302185881002, 1.2857142857142856, 1.6288220358559113, 1.649056625802171, 1.649056625802171, 1.9285714285714288, 2.172415189392222, 2.2700355117243864, 2.2700355117243864, 2.571428571428571, 2.900562929178137, 2.900562929178137, 3.2142857142857144, 4.949747468305833, 3.5355339059327378, 3.5355339059327378, 3.8571428571428577, 5.315072906367325, 4.8074017006186525, 4.400126260814695, 4.123105625617661, 4.5, 6.004877944951376, 9.09449142330122, 9.734547010390118, 9.952760170434978, 11.821559293990195], [4.6097722286464435, 1.8027756377319946, 1.118033988749895, 1.5419309389230644, 0.6144518047887592, 1.0, 0.0, 1.5269684518879965, 0.5758755534498964, 1.1888083555066598, 0.6428571428571428, 2.1360009363293826, 1.76415557646121, 1.0546302185881002, 1.6288220358559113, 1.2857142857142856, 2.1724151893922214, 1.649056625802171, 2.172415189392222, 1.9285714285714288, 2.674520746692722, 2.2700355117243864, 2.7590297022611376, 3.2269591423075767, 2.900562929178137, 3.366249047985194, 5.70087712549569, 3.8078865529319543, 3.5355339059327378, 3.984664480280387, 6.020797289396148, 5.426273532033235, 4.901813723284247, 4.47213595499958, 4.6097722286464435, 5.995378153382526, 9.470764247545906, 9.492473261834082, 10.08045558648648, 11.97708366092075], [3.2639027596559607, 1.2857142857142858, 1.6288220358559116, 0.642857142857143, 1.18880835550666, 0.5758755534498964, 1.5269684518879965, 0.0, 1.0, 0.6144518047887589, 1.5419309389230644, 0.6823204705193857, 0.642857142857143, 1.18880835550666, 1.1180339887498947, 1.8027756377319946, 1.2857142857142858, 1.6288220358559116, 1.7172593257387585, 2.2246302146282053, 1.9285714285714286, 2.1724151893922214, 2.3397627648798855, 2.571428571428572, 2.7590297022611385, 2.9709477632979175, 4.396775256146398, 3.2142857142857144, 3.366249047985194, 3.6062587318183827, 4.7745071334481155, 4.300042187210654, 3.9463522581144117, 3.7477884635271157, 4.243843079289414, 5.790563580162808, 8.668402689630744, 9.622753383246444, 9.64054728524416, 11.48996604449466], [4.201554619957927, 1.6288220358559116, 1.2857142857142858, 1.18880835550666, 0.642857142857143, 0.5758755534498964, 0.5758755534498964, 1.0, 0.0, 0.6144518047887589, 0.6144518047887589, 1.5702105669271862, 1.18880835550666, 0.642857142857143, 1.1180339887498947, 1.1180339887498947, 1.6288220358559116, 1.2857142857142858, 1.7172593257387585, 1.7172593257387585, 2.1724151893922214, 1.9285714285714286, 2.3397627648798855, 2.7590297022611385, 2.571428571428572, 2.9709477632979175, 5.1314357301890885, 3.366249047985194, 3.2142857142857144, 3.6062587318183827, 5.458563764155086, 4.8809523809523805, 4.386383796681656, 4.005735683659986, 4.243843079289414, 5.693560102800437, 9.007042043517497, 9.324324415415878, 9.721023700205558, 11.606919857697351], [3.8663910293498165, 1.717259325738758, 1.717259325738758, 1.118033988749895, 1.118033988749895, 0.6428571428571428, 1.1888083555066598, 0.6144518047887589, 0.6144518047887589, 0.0, 1.0, 1.0057234171663374, 0.5758755534498966, 0.5758755534498966, 0.6428571428571428, 1.1888083555066598, 1.0546302185881002, 1.0546302185881002, 1.285714285714286, 1.6288220358559116, 1.649056625802171, 1.649056625802171, 1.9285714285714284, 2.270035511724387, 2.270035511724387, 2.5714285714285716, 4.518104171676705, 2.900562929178136, 2.900562929178136, 3.214285714285715, 4.8497843419337014, 4.287367406040263, 3.825116896825039, 3.5029142386397796, 3.857142857142857, 5.365123744346706, 8.490075796764774, 9.121309911597402, 9.312011519019329, 11.183152886487683], [4.790509324887776, 2.224630214628205, 1.717259325738758, 1.8027756377319946, 1.118033988749895, 1.1888083555066598, 0.6428571428571428, 1.5419309389230644, 0.6144518047887589, 1.0, 0.0, 2.002867841829993, 1.5269684518879965, 0.5758755534498966, 1.1888083555066598, 0.6428571428571428, 1.76415557646121, 1.0546302185881002, 1.6288220358559116, 1.285714285714286, 2.1724151893922214, 1.649056625802171, 2.1724151893922214, 2.6745207466927226, 2.270035511724387, 2.759029702261138, 5.330409487658753, 3.2269591423075763, 2.900562929178136, 3.3662490479851948, 5.61430388946531, 4.9714034847022575, 4.392970059201756, 3.9077369618828373, 3.9846644802803866, 5.354489038222585, 8.891962000532017, 8.862501770524212, 9.448370671776075, 11.347430429922303], [3.0516389039334255, 1.8200274723201295, 2.3048861143232218, 1.2148108108353535, 1.8643404480197412, 1.25, 2.1360009363293826, 0.6823204705193857, 1.5702105669271862, 1.0057234171663374, 2.002867841829993, 0.0, 0.5309310266899467, 1.5105918558969, 1.1344557267334707, 2.0705047200908204, 0.9616365727025902, 1.7101885562589827, 1.5456489291701716, 2.3214285714285716, 1.5472985016024623, 2.0962186558327414, 2.077884029684122, 2.165652562256505, 2.5865132940714157, 2.6594555987330666, 3.7165171868296265, 2.7950849718747373, 3.132491021535417, 3.264098150284988, 4.100304866714182, 3.6524345001351874, 3.355137023199566, 3.25, 3.881043674065006, 5.455875317164836, 8.087320021158167, 9.381141900186813, 9.17488163987061, 10.999739578868134], [3.56642506651998, 1.9285714285714288, 2.172415189392222, 1.285714285714286, 1.6288220358559116, 1.0546302185881002, 1.76415557646121, 0.642857142857143, 1.18880835550666, 0.5758755534498966, 1.5269684518879965, 0.5309310266899467, 0.0, 1.0, 0.6144518047887588, 1.5419309389230644, 0.6428571428571428, 1.1888083555066598, 1.118033988749895, 1.8027756377319946, 1.2857142857142856, 1.6288220358559113, 1.7172593257387578, 1.9285714285714288, 2.172415189392222, 2.3397627648798855, 3.951233338839809, 2.571428571428571, 2.7590297022611376, 2.9709477632979175, 4.293445407756777, 3.7587388727912714, 3.3483505263286775, 3.1118601301131377, 3.606258731818382, 5.159841777910712, 8.0548224632629, 9.022284556555851, 8.997978796260629, 10.848977416496341], [4.440651726391301, 2.172415189392222, 1.9285714285714288, 1.6288220358559116, 1.285714285714286, 1.0546302185881002, 1.0546302185881002, 1.18880835550666, 0.642857142857143, 0.5758755534498966, 0.5758755534498966, 1.5105918558969, 1.0, 0.0, 0.6144518047887588, 0.6144518047887588, 1.1888083555066598, 0.6428571428571428, 1.118033988749895, 1.118033988749895, 1.6288220358559113, 1.2857142857142856, 1.7172593257387578, 2.172415189392222, 1.9285714285714288, 2.3397627648798855, 4.755233422026639, 2.7590297022611376, 2.571428571428571, 2.9709477632979175, 5.0431808880296725, 4.411513487134039, 3.857216342627439, 3.418138889715828, 3.606258731818382, 5.050739276716408, 8.418180688175974, 8.703290282910595, 9.084149505533551, 10.97276536990637], [4.180249968114151, 2.3397627648798855, 2.3397627648798855, 1.717259325738758, 1.717259325738758, 1.2857142857142856, 1.6288220358559113, 1.1180339887498947, 1.1180339887498947, 0.6428571428571428, 1.1888083555066598, 1.1344557267334707, 0.6144518047887588, 0.6144518047887588, 0.0, 1.0, 0.5758755534498966, 0.5758755534498966, 0.6428571428571432, 1.1888083555066602, 1.0546302185881002, 1.0546302185881002, 1.2857142857142856, 1.6490566258021715, 1.6490566258021715, 1.9285714285714288, 4.141625432664064, 2.2700355117243864, 2.2700355117243864, 2.571428571428572, 4.429147427979284, 3.805056904947234, 3.275432498142287, 2.89263667590237, 3.2142857142857144, 4.726211703128317, 7.8917381123151475, 8.512444661879437, 8.671574981671172, 10.545287261902093], [5.047225950551289, 2.733951315572091, 2.3397627648798855, 2.224630214628205, 1.717259325738758, 1.6288220358559113, 1.2857142857142856, 1.8027756377319946, 1.1180339887498947, 1.1888083555066598, 0.6428571428571428, 2.0705047200908204, 1.5419309389230644, 0.6144518047887588, 1.0, 0.0, 1.5269684518879965, 0.5758755534498966, 1.1888083555066602, 0.6428571428571432, 1.76415557646121, 1.0546302185881002, 1.6288220358559113, 2.172415189392222, 1.6490566258021715, 2.172415189392222, 5.015282766154845, 2.674520746692722, 2.2700355117243864, 2.7590297022611385, 5.255220921976117, 4.5619942331419, 3.923662156271012, 3.371549634630271, 3.366249047985194, 4.714135883815831, 8.32256760966601, 8.234522284304019, 8.817843414558629, 10.71934477080588], [3.951233338839809, 2.5714285714285716, 2.759029702261138, 1.9285714285714288, 2.172415189392222, 1.649056625802171, 2.1724151893922214, 1.2857142857142858, 1.6288220358559116, 1.0546302185881002, 1.76415557646121, 0.9616365727025902, 0.6428571428571428, 1.1888083555066598, 0.5758755534498966, 1.5269684518879965, 0.0, 1.0, 0.6144518047887592, 1.5419309389230644, 0.6428571428571428, 1.1888083555066598, 1.1180339887498945, 1.285714285714286, 1.6288220358559116, 1.717259325738758, 3.5664250665199795, 1.9285714285714284, 2.1724151893922214, 2.339762764879886, 3.8597874531732272, 3.254597306598454, 2.7705120395788296, 2.4795078511013973, 2.970947763297917, 4.532531123167555, 7.446183938905658, 8.428071260756901, 8.35545471468358, 10.208223786531128], [4.75523342202664, 2.759029702261138, 2.5714285714285716, 2.172415189392222, 1.9285714285714288, 1.649056625802171, 1.649056625802171, 1.6288220358559116, 1.2857142857142858, 1.0546302185881002, 1.0546302185881002, 1.7101885562589827, 1.1888083555066598, 0.6428571428571428, 0.5758755534498966, 0.5758755534498966, 1.0, 0.0, 0.6144518047887592, 0.6144518047887592, 1.1888083555066598, 0.6428571428571428, 1.1180339887498945, 1.6288220358559116, 1.285714285714286, 1.717259325738758, 4.440651726391301, 2.1724151893922214, 1.9285714285714284, 2.339762764879886, 4.679525529759771, 3.9907063236288445, 3.3678485162070326, 2.8544630289554402, 2.970947763297917, 4.4079290433008955, 7.837809415653771, 8.08566808034662, 8.44818165702287, 10.339685766756588], [4.5636093842752254, 2.9709477632979175, 2.9709477632979175, 2.339762764879886, 2.339762764879886, 1.9285714285714288, 2.172415189392222, 1.7172593257387585, 1.7172593257387585, 1.285714285714286, 1.6288220358559116, 1.5456489291701716, 1.118033988749895, 1.118033988749895, 0.6428571428571432, 1.1888083555066602, 0.6144518047887592, 0.6144518047887592, 0.0, 1.0, 0.5758755534498964, 0.5758755534498964, 0.6428571428571423, 1.0546302185881002, 1.0546302185881002, 1.2857142857142856, 3.836585429141653, 1.6490566258021706, 1.6490566258021706, 1.9285714285714288, 4.067040241567645, 3.3766740200442387, 2.7662117485184896, 2.300177455443517, 2.571428571428571, 4.088536650889436, 7.300972842311412, 7.9089610159590045, 8.031525222981431, 9.908066865022471], [5.369034420847467, 3.2903693732231494, 2.9709477632979175, 2.7339513155720914, 2.339762764879886, 2.172415189392222, 1.9285714285714288, 2.2246302146282053, 1.7172593257387585, 1.6288220358559116, 1.285714285714286, 2.3214285714285716, 1.8027756377319946, 1.118033988749895, 1.1888083555066602, 0.6428571428571432, 1.5419309389230644, 0.6144518047887592, 1.0, 0.0, 1.5269684518879965, 0.5758755534498964, 1.1888083555066595, 1.76415557646121, 1.0546302185881002, 1.6288220358559113, 4.766485891629392, 2.1724151893922214, 1.6490566258021706, 2.172415189392222, 4.9538688241142, 4.211325298641159, 3.5097854783887277, 2.8793777672494816, 2.7590297022611376, 4.074571390215076, 7.76465103068149, 7.609028024728194, 8.189233616665026, 10.093119333542285], [4.396775256146398, 3.2142857142857144, 3.366249047985194, 2.5714285714285716, 2.759029702261138, 2.2700355117243864, 2.674520746692722, 1.9285714285714286, 2.1724151893922214, 1.649056625802171, 2.1724151893922214, 1.5472985016024623, 1.2857142857142856, 1.6288220358559113, 1.0546302185881002, 1.76415557646121, 0.6428571428571428, 1.1888083555066598, 0.5758755534498964, 1.5269684518879965, 0.0, 1.0, 0.6144518047887588, 0.6428571428571432, 1.1888083555066602, 1.118033988749895, 3.2639027596559607, 1.2857142857142856, 1.6288220358559113, 1.7172593257387587, 3.4912426885285535, 2.8077072416205584, 2.2285765160707087, 1.8543935693924527, 2.3397627648798855, 3.910273673815836, 6.8438056811684405, 7.841535713466562, 7.712986138490407, 9.567752368262731], [5.1314357301890885, 3.366249047985194, 3.2142857142857144, 2.759029702261138, 2.5714285714285716, 2.2700355117243864, 2.2700355117243864, 2.1724151893922214, 1.9285714285714286, 1.649056625802171, 1.649056625802171, 2.0962186558327414, 1.6288220358559113, 1.2857142857142856, 1.0546302185881002, 1.0546302185881002, 1.1888083555066598, 0.6428571428571428, 0.5758755534498964, 0.5758755534498964, 1.0, 0.0, 0.6144518047887588, 1.1888083555066602, 0.6428571428571432, 1.118033988749895, 4.201554619957927, 1.6288220358559113, 1.2857142857142856, 1.7172593257387587, 4.380499458989132, 3.6354577824507683, 2.9382341558576512, 2.3321182453306437, 2.3397627648798855, 3.7651348279218633, 7.2679623957260375, 7.472303893359216, 7.813341474265333, 9.707891339511683], [5.000510178053468, 3.606258731818382, 3.606258731818382, 2.970947763297917, 2.970947763297917, 2.571428571428571, 2.7590297022611376, 2.3397627648798855, 2.3397627648798855, 1.9285714285714284, 2.1724151893922214, 2.077884029684122, 1.7172593257387578, 1.7172593257387578, 1.2857142857142856, 1.6288220358559113, 1.1180339887498945, 1.1180339887498945, 0.6428571428571423, 1.1888083555066595, 0.6144518047887588, 0.6144518047887588, 0.0, 0.5758755534498968, 0.5758755534498968, 0.6428571428571432, 3.621083387324736, 1.0546302185881002, 1.0546302185881002, 1.2857142857142865, 3.7803196063997833, 3.0252152712892557, 2.3242046892736714, 1.7437936593905292, 1.9285714285714288, 3.4527840130524026, 6.719777456673327, 7.312191545262185, 7.391962713939609, 9.271624732468565], [4.886466107567735, 3.8571428571428577, 3.984664480280387, 3.214285714285715, 3.3662490479851948, 2.900562929178137, 3.2269591423075767, 2.571428571428572, 2.7590297022611385, 2.270035511724387, 2.6745207466927226, 2.165652562256505, 1.9285714285714288, 2.172415189392222, 1.6490566258021715, 2.172415189392222, 1.285714285714286, 1.6288220358559116, 1.0546302185881002, 1.76415557646121, 0.6428571428571432, 1.1888083555066602, 0.5758755534498968, 0.0, 1.0, 0.6144518047887588, 3.0681045135592186, 0.6428571428571423, 1.1888083555066595, 1.118033988749895, 3.2103150077491756, 2.4496054566856342, 1.7561037061510256, 1.2474463711837838, 1.7172593257387578, 3.295932741734386, 6.24949820092903, 7.264537846758838, 7.070588198177514, 8.927623899848108], [5.556757239650493, 3.984664480280387, 3.8571428571428577, 3.3662490479851948, 3.214285714285715, 2.900562929178137, 2.900562929178137, 2.7590297022611385, 2.571428571428572, 2.270035511724387, 2.270035511724387, 2.5865132940714157, 2.172415189392222, 1.9285714285714288, 1.6490566258021715, 1.6490566258021715, 1.6288220358559116, 1.285714285714286, 1.0546302185881002, 1.0546302185881002, 1.1888083555066602, 0.6428571428571432, 0.5758755534498968, 1.0, 0.0, 0.6144518047887588, 4.051328832139209, 1.1888083555066595, 0.6428571428571423, 1.118033988749895, 4.160062793874582, 3.3665858412874856, 2.5981853077530928, 1.8857683974920119, 1.7172593257387578, 3.122366523380904, 6.711320953993298, 6.864339243957229, 7.179928083841562, 9.077650432601377], [5.478156996804003, 4.243843079289414, 4.243843079289414, 3.6062587318183823, 3.6062587318183823, 3.2142857142857144, 3.366249047985194, 2.9709477632979175, 2.9709477632979175, 2.5714285714285716, 2.759029702261138, 2.6594555987330666, 2.3397627648798855, 2.3397627648798855, 1.9285714285714288, 2.172415189392222, 1.717259325738758, 1.717259325738758, 1.2857142857142856, 1.6288220358559113, 1.118033988749895, 1.118033988749895, 0.6428571428571432, 0.6144518047887588, 0.6144518047887588, 0.0, 3.5116424437948153, 0.5758755534498964, 0.5758755534498964, 0.6428571428571432, 3.5871084369970627, 2.7800104406074846, 1.9946072420119756, 1.2717495581974896, 1.2857142857142856, 2.8202541637517697, 6.150865329569994, 6.7239242001596935, 6.7530258946197455, 8.636132929149147], [4.5, 5.408326913195984, 6.020797289396148, 4.886466107567734, 5.5567572396504925, 4.949747468305833, 5.70087712549569, 4.396775256146398, 5.1314357301890885, 4.518104171676705, 5.330409487658753, 3.7165171868296265, 3.951233338839809, 4.755233422026639, 4.141625432664064, 5.015282766154845, 3.5664250665199795, 4.440651726391301, 3.836585429141653, 4.766485891629392, 3.2639027596559607, 4.201554619957927, 3.621083387324736, 3.0681045135592186, 4.051328832139209, 3.5116424437948153, 0.0, 3.0, 4.0, 3.5181743874356433, 0.5, 0.9718253158075502, 1.7400510848184252, 2.5495097567963922, 3.640054944640259, 4.754433244804493, 5.113169895984178, 8.593424179757285, 6.974837697991634, 8.519728609998065], [5.408326913195984, 4.5, 4.6097722286464435, 3.857142857142857, 3.9846644802803866, 3.5355339059327378, 3.8078865529319543, 3.2142857142857144, 3.366249047985194, 2.900562929178136, 3.2269591423075763, 2.7950849718747373, 2.571428571428571, 2.7590297022611376, 2.2700355117243864, 2.674520746692722, 1.9285714285714284, 2.1724151893922214, 1.6490566258021706, 2.1724151893922214, 1.2857142857142856, 1.6288220358559113, 1.0546302185881002, 0.6428571428571423, 1.1888083555066595, 0.5758755534498964, 3.0, 0.0, 1.0, 0.6144518047887594, 3.0413812651491097, 2.223610677354389, 1.4240006242195882, 0.7071067811865476, 1.118033988749895, 2.6949277697521326, 5.66580179122795, 6.699542411288734, 6.428282070360171, 8.287917846246192], [6.020797289396148, 4.6097722286464435, 4.5, 3.9846644802803866, 3.857142857142857, 3.5355339059327378, 3.5355339059327378, 3.366249047985194, 3.2142857142857144, 2.900562929178136, 2.900562929178136, 3.132491021535417, 2.7590297022611376, 2.571428571428571, 2.2700355117243864, 2.2700355117243864, 2.1724151893922214, 1.9285714285714284, 1.6490566258021706, 1.6490566258021706, 1.6288220358559113, 1.2857142857142856, 1.0546302185881002, 1.1888083555066595, 0.6428571428571423, 0.5758755534498964, 4.0, 1.0, 0.0, 0.6144518047887594, 4.031128874149275, 3.2058973436118907, 2.3863035105460586, 1.5811388300841898, 1.118033988749895, 2.479644279422798, 6.171459399653876, 6.263346681271621, 6.548355533799586, 8.449310688186046], [5.9868052193715044, 4.882810331632172, 4.882810331632172, 4.243843079289415, 4.243843079289415, 3.8571428571428577, 3.984664480280387, 3.6062587318183827, 3.6062587318183827, 3.214285714285715, 3.3662490479851948, 3.264098150284988, 2.9709477632979175, 2.9709477632979175, 2.571428571428572, 2.7590297022611385, 2.339762764879886, 2.339762764879886, 1.9285714285714288, 2.172415189392222, 1.7172593257387587, 1.7172593257387587, 1.2857142857142865, 1.118033988749895, 1.118033988749895, 0.6428571428571432, 3.5181743874356433, 0.6144518047887594, 0.6144518047887594, 0.0, 3.5029142386397796, 2.670490455773324, 1.8388907728237738, 1.0101525445522106, 0.6428571428571423, 2.193736599451501, 5.597982685757632, 6.146600582161449, 6.114910899987104, 8.001817879231604], [5.0, 5.830951894845301, 6.4031242374328485, 5.290056131795865, 5.91478603818862, 5.315072906367325, 6.020797289396148, 4.7745071334481155, 5.458563764155086, 4.8497843419337014, 5.61430388946531, 4.100304866714182, 4.293445407756777, 5.0431808880296725, 4.429147427979284, 5.255220921976117, 3.8597874531732272, 4.679525529759771, 4.067040241567645, 4.9538688241142, 3.4912426885285535, 4.380499458989132, 3.7803196063997833, 3.2103150077491756, 4.160062793874582, 3.5871084369970627, 0.5, 3.0413812651491097, 4.031128874149275, 3.5029142386397796, 0.0, 0.8333333333333335, 1.666666666666667, 2.5, 3.5355339059327378, 4.513939124529065, 4.615902341400425, 8.263291099109805, 6.5173721333246695, 8.036891560090892], [5.068968775248516, 5.449260908090605, 5.918426968188235, 4.866121486563551, 5.386322646790554, 4.8074017006186525, 5.426273532033235, 4.300042187210654, 4.8809523809523805, 4.287367406040263, 4.9714034847022575, 3.6524345001351874, 3.7587388727912714, 4.411513487134039, 3.805056904947234, 4.5619942331419, 3.254597306598454, 3.9907063236288445, 3.3766740200442387, 4.211325298641159, 2.8077072416205584, 3.6354577824507683, 3.0252152712892557, 2.4496054566856342, 3.3665858412874856, 2.7800104406074846, 0.9718253158075502, 2.223610677354389, 3.2058973436118907, 2.670490455773324, 0.8333333333333335, 0.0, 0.8333333333333335, 1.6666666666666665, 2.7131367660166177, 3.7826477835826635, 4.599528945794593, 7.644025565151403, 6.215762931407219, 7.855176284415606], [5.270462766947299, 5.174724898753341, 5.517648452415616, 4.556585525953485, 4.942584174497736, 4.400126260814695, 4.901813723284247, 3.9463522581144117, 4.386383796681656, 3.825116896825039, 4.392970059201756, 3.355137023199566, 3.3483505263286775, 3.857216342627439, 3.275432498142287, 3.923662156271012, 2.7705120395788296, 3.3678485162070326, 2.7662117485184896, 3.5097854783887277, 2.2285765160707087, 2.9382341558576512, 2.3242046892736714, 1.7561037061510256, 2.5981853077530928, 1.9946072420119756, 1.7400510848184252, 1.4240006242195882, 2.3863035105460586, 1.8388907728237738, 1.666666666666667, 0.8333333333333335, 0.0, 0.833333333333333, 1.9002923751652296, 3.103238788462844, 4.732194787828117, 7.068886954934138, 6.015327672169162, 7.759178555666792], [5.5901699437494745, 5.024937810560445, 5.220153254455275, 4.385737552288215, 4.6081117475112325, 4.123105625617661, 4.47213595499958, 3.7477884635271157, 4.005735683659986, 3.5029142386397796, 3.9077369618828373, 3.25, 3.1118601301131377, 3.418138889715828, 2.89263667590237, 3.371549634630271, 2.4795078511013973, 2.8544630289554402, 2.300177455443517, 2.8793777672494816, 1.8543935693924527, 2.3321182453306437, 1.7437936593905292, 1.2474463711837838, 1.8857683974920119, 1.2717495581974896, 2.5495097567963922, 0.7071067811865476, 1.5811388300841898, 1.0101525445522106, 2.5, 1.6666666666666665, 0.833333333333333, 0.0, 1.118033988749895, 2.5180640561126983, 5.002055316125738, 6.549510486401005, 5.926340698657222, 7.752083471369637], [6.519202405202649, 5.522680508593631, 5.522680508593631, 4.882810331632172, 4.882810331632172, 4.5, 4.6097722286464435, 4.243843079289414, 4.243843079289414, 3.857142857142857, 3.9846644802803866, 3.881043674065006, 3.606258731818382, 3.606258731818382, 3.2142857142857144, 3.366249047985194, 2.970947763297917, 2.970947763297917, 2.571428571428571, 2.7590297022611376, 2.3397627648798855, 2.3397627648798855, 1.9285714285714288, 1.7172593257387578, 1.7172593257387578, 1.2857142857142856, 3.640054944640259, 1.118033988749895, 1.118033988749895, 0.6428571428571423, 3.5355339059327378, 2.7131367660166177, 1.9002923751652296, 1.118033988749895, 0.0, 1.5803979244581965, 5.066380030142151, 5.583616336748673, 5.4779049378756355, 7.368983470404301], [8.072517390097953, 7.058578980100235, 6.979221825290115, 6.423691819428137, 6.336388297704062, 6.004877944951376, 5.995378153382526, 5.790563580162808, 5.693560102800437, 5.365123744346706, 5.354489038222585, 5.455875317164836, 5.159841777910712, 5.050739276716408, 4.726211703128317, 4.714135883815831, 4.532531123167555, 4.4079290433008955, 4.088536650889436, 4.074571390215076, 3.910273673815836, 3.7651348279218633, 3.4527840130524026, 3.295932741734386, 3.122366523380904, 2.8202541637517697, 4.754433244804493, 2.6949277697521326, 2.479644279422798, 2.193736599451501, 4.513939124529065, 3.7826477835826635, 3.103238788462844, 2.5180640561126983, 1.5803979244581965, 0.0, 4.40542522545589, 4.03514659310903, 4.163433352587533, 6.072573222161195], [9.601357926037082, 9.90670871562085, 10.204336272401672, 9.28594508258343, 9.602831731361835, 9.09449142330122, 9.470764247545906, 8.668402689630744, 9.007042043517497, 8.490075796764774, 8.891962000532017, 8.087320021158167, 8.0548224632629, 8.418180688175974, 7.8917381123151475, 8.32256760966601, 7.446183938905658, 7.837809415653771, 7.300972842311412, 7.76465103068149, 6.8438056811684405, 7.2679623957260375, 6.719777456673327, 6.24949820092903, 6.711320953993298, 6.150865329569994, 5.113169895984178, 5.66580179122795, 6.171459399653876, 5.597982685757632, 4.615902341400425, 4.599528945794593, 4.732194787828117, 5.002055316125738, 5.066380030142151, 4.40542522545589, 0.0, 5.865210620068688, 2.5847352481616737, 3.5578495561346655], [12.100891423144233, 10.838288731259421, 10.574220810598044, 10.228376085300173, 9.94813150654334, 9.734547010390118, 9.492473261834082, 9.622753383246444, 9.324324415415878, 9.121309911597402, 8.862501770524212, 9.381141900186813, 9.022284556555851, 8.703290282910595, 8.512444661879437, 8.234522284304019, 8.428071260756901, 8.08566808034662, 7.9089610159590045, 7.609028024728194, 7.841535713466562, 7.472303893359216, 7.312191545262185, 7.264537846758838, 6.864339243957229, 6.7239242001596935, 8.593424179757285, 6.699542411288734, 6.263346681271621, 6.146600582161449, 8.263291099109805, 7.644025565151403, 7.068886954934138, 6.549510486401005, 5.583616336748673, 4.03514659310903, 5.865210620068688, 0.0, 3.657024799675612, 4.8327099962213795], [11.256036310136878, 10.925786144617176, 10.996861038443573, 10.283151856913626, 10.358637069290332, 9.952760170434978, 10.08045558648648, 9.64054728524416, 9.721023700205558, 9.312011519019329, 9.448370671776075, 9.17488163987061, 8.997978796260629, 9.084149505533551, 8.671574981671172, 8.817843414558629, 8.35545471468358, 8.44818165702287, 8.031525222981431, 8.189233616665026, 7.712986138490407, 7.813341474265333, 7.391962713939609, 7.070588198177514, 7.179928083841562, 6.7530258946197455, 6.974837697991634, 6.428282070360171, 6.548355533799586, 6.114910899987104, 6.5173721333246695, 6.215762931407219, 6.015327672169162, 5.926340698657222, 5.4779049378756355, 4.163433352587533, 2.5847352481616737, 3.657024799675612, 0.0, 1.909477112870829], [12.924129461679563, 12.772506761805225, 12.877818055079404, 12.131152419942543, 12.241982188977676, 11.821559293990195, 11.97708366092075, 11.48996604449466, 11.606919857697351, 11.183152886487683, 11.347430429922303, 10.999739578868134, 10.848977416496341, 10.97276536990637, 10.545287261902093, 10.71934477080588, 10.208223786531128, 10.339685766756588, 9.908066865022471, 10.093119333542285, 9.567752368262731, 9.707891339511683, 9.271624732468565, 8.927623899848108, 9.077650432601377, 8.636132929149147, 8.519728609998065, 8.287917846246192, 8.449310688186046, 8.001817879231604, 8.036891560090892, 7.855176284415606, 7.759178555666792, 7.752083471369637, 7.368983470404301, 6.072573222161195, 3.5578495561346655, 4.8327099962213795, 1.909477112870829, 0.0]];