totalHoles = 40;
zeroHoleID = 31;
C = [[0.0, 2.2172872122401035, 4.711988958752593, 3.947493877742063, 3.3109780854327324, 2.789691350906566, 3.016981899917531, 3.862898100589387, 5.018723603230385, 4.423511565829405, 4.640021001459521, 4.283642940896512, 4.435019593665806, 6.504988211648737, 5.974507477700046, 6.049546586791033, 5.780727969456972, 5.8937778892633235, 7.092222380319478, 6.6842715578669605, 7.494280013285109, 7.279013316970353, 7.369113706528001, 8.656032770269052, 8.26479106132614, 8.39075363133114, 9.672161881799207, 9.376121265117424, 9.071467243262905, 8.957201121404735, 8.77788436244186, 8.85274284227823, 10.956228137742222, 10.649826429273817, 10.430660139275167, 10.27708484406794, 10.341096404312168, 10.694241880696618, 11.748348039808398, 11.506674134252458], [2.2172872122401035, 0.0, 4.052223621308363, 3.0651369563554502, 2.090361893391297, 0.762519030275436, 1.1372148863437965, 2.550505856474687, 3.8453336145518406, 2.959922108996927, 2.883194951337296, 2.127119073678438, 2.2883308283105306, 5.049011462376917, 4.297332315674457, 4.093410974907272, 3.601088146058222, 3.698602203788721, 5.372019273729978, 4.778403432261958, 5.449698495473463, 5.090288412040664, 5.159734348195187, 6.860358388403447, 6.327642965707218, 6.274568907227476, 7.626286039271253, 7.445172365194133, 7.028878988258149, 6.866033350752103, 6.584393396496742, 6.638227084547473, 9.007581123001978, 8.60877842504894, 8.311775637955742, 8.080682934127804, 8.12460824336128, 8.48274174183368, 9.721244365695908, 9.406228803388792], [4.711988958752593, 4.052223621308363, 0.0, 1.0, 2.0, 3.5, 5.0, 6.5, 1.118033988749895, 1.8027756377319946, 2.5, 3.8078865529319543, 5.220153254455275, 2.5, 2.692582403567252, 3.605551275463989, 4.6097722286464435, 5.830951894845301, 3.5355339059327378, 3.8078865529319543, 4.924428900898052, 5.70087712549569, 6.726812023536855, 5.0, 5.0990195135927845, 8.426538672212075, 9.933165430430584, 6.020797289396148, 6.18465843842649, 6.324555320336759, 6.946221994724902, 7.810249675906654, 7.5, 7.566372975210778, 7.762087348130012, 8.276472678623424, 9.013878188659973, 9.520613157036223, 8.514693182963201, 8.631338250816034], [3.947493877742063, 3.0651369563554502, 1.0, 0.0, 1.0, 2.5, 4.0, 5.5, 1.118033988749895, 1.118033988749895, 1.8027756377319946, 2.9154759474226504, 4.272001872658765, 2.692582403567252, 2.5, 3.1622776601683795, 3.905124837953327, 5.0, 3.5355339059327378, 3.5355339059327378, 4.6097722286464435, 5.1478150704935, 6.020797289396148, 5.0990195135927845, 5.0, 7.6547361717601135, 9.154216277599845, 6.020797289396148, 6.020797289396148, 6.082762530298219, 6.5, 7.211102550927978, 7.566372975210778, 7.5, 7.566372975210778, 7.905694150420948, 8.5, 8.983401772013458, 8.514693182963201, 8.514693182963201], [3.3109780854327324, 2.090361893391297, 2.0, 1.0, 0.0, 1.5, 3.0, 4.5, 1.8027756377319946, 1.118033988749895, 1.5, 2.1213203435596424, 3.3541019662496847, 3.2015621187164243, 2.692582403567252, 3.0, 3.3541019662496847, 4.242640687119285, 3.8078865529319543, 3.5355339059327378, 4.5, 4.743416490252569, 5.408326913195984, 5.385164807134504, 5.0990195135927845, 6.941427643087529, 8.422088567917505, 6.18465843842649, 6.020797289396148, 6.0, 6.18465843842649, 6.708203932499369, 7.762087348130012, 7.566372975210778, 7.5, 7.648529270389178, 8.077747210701755, 8.53000233932546, 8.631338250816034, 8.514693182963201], [2.789691350906566, 0.762519030275436, 3.5, 2.5, 1.5, 0.0, 1.5, 3.0, 3.1622776601683795, 2.23606797749979, 2.1213203435596424, 1.5, 2.1213203435596424, 4.301162633521313, 3.5355339059327378, 3.3541019662496847, 3.0, 3.3541019662496847, 4.6097722286464435, 4.031128874149275, 4.743416490252569, 4.5, 4.743416490252569, 6.103277807866851, 5.5901699437494745, 6.0262812348636885, 7.441735424550238, 6.708203932499369, 6.324555320336759, 6.18465843842649, 6.0, 6.18465843842649, 8.276472678623424, 7.905694150420948, 7.648529270389178, 7.5, 7.648529270389178, 8.037418035421746, 9.013878188659973, 8.73212459828649], [3.016981899917531, 1.1372148863437965, 5.0, 4.0, 3.0, 1.5, 0.0, 1.5, 4.6097722286464435, 3.640054944640259, 3.3541019662496847, 2.1213203435596424, 1.5, 5.5901699437494745, 4.716990566028302, 4.242640687119285, 3.3541019662496847, 3.0, 5.70087712549569, 4.949747468305833, 5.408326913195984, 4.743416490252569, 4.5, 7.0710678118654755, 6.4031242374328485, 5.38040085115605, 6.657873264952184, 7.5, 6.946221994724902, 6.708203932499369, 6.18465843842649, 6.0, 9.013878188659973, 8.5, 8.077747210701755, 7.648529270389178, 7.5, 7.806358782643012, 9.617692030835672, 9.192388155425117], [3.862898100589387, 2.550505856474687, 6.5, 5.5, 4.5, 3.0, 1.5, 0.0, 6.082762530298219, 5.0990195135927845, 4.743416490252569, 3.3541019662496847, 2.1213203435596424, 6.96419413859206, 6.041522986797286, 5.408326913195984, 4.242640687119285, 3.3541019662496847, 6.946221994724902, 6.103277807866851, 6.363961030678928, 5.408326913195984, 4.743416490252569, 8.200609733428363, 7.433034373659253, 5.106991395780032, 6.146147305046, 8.48528137423857, 7.810249675906654, 7.5, 6.708203932499369, 6.18465843842649, 9.924716620639604, 9.300537618869138, 8.74642784226795, 8.077747210701755, 7.648529270389178, 7.859922786552844, 10.404326023342406, 9.86154146165801], [5.018723603230385, 3.8453336145518406, 1.118033988749895, 1.118033988749895, 1.8027756377319946, 3.1622776601683795, 4.6097722286464435, 6.082762530298219, 0.0, 1.0, 1.5811388300841898, 3.0413812651491097, 4.527692569068709, 1.5811388300841898, 1.5811388300841898, 2.5, 3.605551275463989, 4.924428900898052, 2.5, 2.692582403567252, 3.8078865529319543, 4.6097722286464435, 5.70087712549569, 4.031128874149275, 4.031128874149275, 7.439427564410178, 8.945988651964763, 5.0, 5.0990195135927845, 5.220153254455275, 5.830951894845301, 6.726812023536855, 6.519202405202649, 6.519202405202649, 6.670832032063167, 7.158910531638177, 7.905694150420948, 8.416497546506415, 7.5, 7.566372975210778], [4.423511565829405, 2.959922108996927, 1.8027756377319946, 1.118033988749895, 1.118033988749895, 2.23606797749979, 3.640054944640259, 5.0990195135927845, 1.0, 0.0, 0.7071067811865476, 2.0615528128088303, 3.5355339059327378, 2.1213203435596424, 1.5811388300841898, 2.0615528128088303, 2.8284271247461903, 4.031128874149275, 2.692582403567252, 2.5, 3.5355339059327378, 4.031128874149275, 4.949747468305833, 4.272001872658765, 4.031128874149275, 6.628236141770522, 8.134040395145274, 5.0990195135927845, 5.0, 5.024937810560445, 5.385164807134504, 6.103277807866851, 6.670832032063167, 6.519202405202649, 6.519202405202649, 6.800735254367722, 7.3824115301167, 7.867455971394551, 7.566372975210778, 7.5], [4.640021001459521, 2.883194951337296, 2.5, 1.8027756377319946, 1.5, 2.1213203435596424, 3.3541019662496847, 4.743416490252569, 1.5811388300841898, 0.7071067811865476, 0.0, 1.5, 3.0, 2.23606797749979, 1.4142135623730951, 1.5, 2.1213203435596424, 3.3541019662496847, 2.5, 2.0615528128088303, 3.0, 3.3541019662496847, 4.242640687119285, 4.031128874149275, 3.640054944640259, 5.926625225474012, 7.433172737360461, 4.743416490252569, 4.527692569068709, 4.5, 4.743416490252569, 5.408326913195984, 6.324555320336759, 6.082762530298219, 6.0, 6.18465843842649, 6.708203932499369, 7.185708011178248, 7.158910531638177, 7.0178344238090995], [4.283642940896512, 2.127119073678438, 3.8078865529319543, 2.9154759474226504, 2.1213203435596424, 1.5, 2.1213203435596424, 3.3541019662496847, 3.0413812651491097, 2.0615528128088303, 1.5, 0.0, 1.5, 3.640054944640259, 2.692582403567252, 2.1213203435596424, 1.5, 2.1213203435596424, 3.605551275463989, 2.8284271247461903, 3.3541019662496847, 3.0, 3.3541019662496847, 4.949747468305833, 4.301162633521313, 4.822606594018987, 6.300786238764013, 5.408326913195984, 4.924428900898052, 4.743416490252569, 4.5, 4.743416490252569, 6.946221994724902, 6.5, 6.18465843842649, 6.0, 6.18465843842649, 6.593447382753287, 7.615773105863909, 7.280109889280518], [4.435019593665806, 2.2883308283105306, 5.220153254455275, 4.272001872658765, 3.3541019662496847, 2.1213203435596424, 1.5, 2.1213203435596424, 4.527692569068709, 3.5355339059327378, 3.0, 1.5, 0.0, 5.0990195135927845, 4.123105625617661, 3.3541019662496847, 2.1213203435596424, 1.5, 4.924428900898052, 4.031128874149275, 4.242640687119285, 3.3541019662496847, 3.0, 6.103277807866851, 5.315072906367325, 3.986249133976193, 5.352359994409672, 6.363961030678928, 5.70087712549569, 5.408326913195984, 4.743416490252569, 4.5, 7.810249675906654, 7.211102550927978, 6.708203932499369, 6.18465843842649, 6.0, 6.309730355281525, 8.32165848854662, 7.826237921249264], [6.504988211648737, 5.049011462376917, 2.5, 2.692582403567252, 3.2015621187164243, 4.301162633521313, 5.5901699437494745, 6.96419413859206, 1.5811388300841898, 2.1213203435596424, 2.23606797749979, 3.640054944640259, 5.0990195135927845, 0.0, 1.0, 2.0615528128088303, 3.5355339059327378, 5.024937810560445, 1.118033988749895, 1.8027756377319946, 2.8284271247461903, 4.031128874149275, 5.385164807134504, 2.5, 2.692582403567252, 7.193214538203879, 8.662288610078052, 3.5355339059327378, 3.8078865529319543, 4.031128874149275, 4.949747468305833, 6.103277807866851, 5.0, 5.0990195135927845, 5.385164807134504, 6.103277807866851, 7.0710678118654755, 7.611253143052087, 6.020797289396148, 6.18465843842649], [5.974507477700046, 4.297332315674457, 2.692582403567252, 2.5, 2.692582403567252, 3.5355339059327378, 4.716990566028302, 6.041522986797286, 1.5811388300841898, 1.5811388300841898, 1.4142135623730951, 2.692582403567252, 4.123105625617661, 1.0, 0.0, 1.118033988749895, 2.5495097567963922, 4.031128874149275, 1.118033988749895, 1.118033988749895, 2.23606797749979, 3.2015621187164243, 4.47213595499958, 2.692582403567252, 2.5, 6.271424659325397, 7.756748297647715, 3.5355339059327378, 3.5355339059327378, 3.640054944640259, 4.301162633521313, 5.315072906367325, 5.0990195135927845, 5.0, 5.0990195135927845, 5.5901699437494745, 6.4031242374328485, 6.927525309885455, 6.020797289396148, 6.020797289396148], [6.049546586791033, 4.093410974907272, 3.605551275463989, 3.1622776601683795, 3.0, 3.3541019662496847, 4.242640687119285, 5.408326913195984, 2.5, 2.0615528128088303, 1.5, 2.1213203435596424, 3.3541019662496847, 2.0615528128088303, 1.118033988749895, 0.0, 1.5, 3.0, 1.5811388300841898, 0.7071067811865476, 1.5, 2.1213203435596424, 3.3541019662496847, 2.8284271247461903, 2.23606797749979, 5.15425604740685, 6.638715089611155, 3.3541019662496847, 3.0413812651491097, 3.0, 3.3541019662496847, 4.242640687119285, 4.924428900898052, 4.6097722286464435, 4.5, 4.743416490252569, 5.408326913195984, 5.916743980849997, 5.70087712549569, 5.522680508593631], [5.780727969456972, 3.601088146058222, 4.6097722286464435, 3.905124837953327, 3.3541019662496847, 3.0, 3.3541019662496847, 4.242640687119285, 3.605551275463989, 2.8284271247461903, 2.1213203435596424, 1.5, 2.1213203435596424, 3.5355339059327378, 2.5495097567963922, 1.5, 0.0, 1.5, 3.0413812651491097, 2.0615528128088303, 2.1213203435596424, 1.5, 2.1213203435596424, 4.031128874149275, 3.2015621187164243, 3.8339279074704335, 5.340448326141729, 4.242640687119285, 3.605551275463989, 3.3541019662496847, 3.0, 3.3541019662496847, 5.70087712549569, 5.1478150704935, 4.743416490252569, 4.5, 4.743416490252569, 5.181409856607525, 6.264982043070834, 5.852349955359813], [5.8937778892633235, 3.698602203788721, 5.830951894845301, 5.0, 4.242640687119285, 3.3541019662496847, 3.0, 3.3541019662496847, 4.924428900898052, 4.031128874149275, 3.3541019662496847, 2.1213203435596424, 1.5, 5.024937810560445, 4.031128874149275, 3.0, 1.5, 0.0, 4.527692569068709, 3.5355339059327378, 3.3541019662496847, 2.1213203435596424, 1.5, 5.385164807134504, 4.47213595499958, 2.70770216182119, 4.179502196117278, 5.408326913195984, 4.6097722286464435, 4.242640687119285, 3.3541019662496847, 3.0, 6.726812023536855, 6.020797289396148, 5.408326913195984, 4.743416490252569, 4.5, 4.815200605309663, 7.106335201775948, 6.519202405202649], [7.092222380319478, 5.372019273729978, 3.5355339059327378, 3.5355339059327378, 3.8078865529319543, 4.6097722286464435, 5.70087712549569, 6.946221994724902, 2.5, 2.692582403567252, 2.5, 3.605551275463989, 4.924428900898052, 1.118033988749895, 1.118033988749895, 1.5811388300841898, 3.0413812651491097, 4.527692569068709, 0.0, 1.0, 1.8027756377319946, 3.1622776601683795, 4.6097722286464435, 1.5811388300841898, 1.5811388300841898, 6.409435535555994, 7.835699168362007, 2.5, 2.692582403567252, 2.9154759474226504, 3.905124837953327, 5.1478150704935, 4.031128874149275, 4.031128874149275, 4.272001872658765, 5.0, 6.020797289396148, 6.567079295397424, 5.0, 5.0990195135927845], [6.6842715578669605, 4.778403432261958, 3.8078865529319543, 3.5355339059327378, 3.5355339059327378, 4.031128874149275, 4.949747468305833, 6.103277807866851, 2.692582403567252, 2.5, 2.0615528128088303, 2.8284271247461903, 4.031128874149275, 1.8027756377319946, 1.118033988749895, 0.7071067811865476, 2.0615528128088303, 3.5355339059327378, 1.0, 0.0, 1.118033988749895, 2.23606797749979, 3.640054944640259, 2.1213203435596424, 1.5811388300841898, 5.446952886652773, 6.894206382597044, 2.692582403567252, 2.5, 2.5495097567963922, 3.2015621187164243, 4.301162633521313, 4.272001872658765, 4.031128874149275, 4.031128874149275, 4.47213595499958, 5.315072906367325, 5.846876344127763, 5.0990195135927845, 5.0], [7.494280013285109, 5.449698495473463, 4.924428900898052, 4.6097722286464435, 4.5, 4.743416490252569, 5.408326913195984, 6.363961030678928, 3.8078865529319543, 3.5355339059327378, 3.0, 3.3541019662496847, 4.242640687119285, 2.8284271247461903, 2.23606797749979, 1.5, 2.1213203435596424, 3.3541019662496847, 1.8027756377319946, 1.118033988749895, 0.0, 1.5, 3.0, 2.0615528128088303, 1.118033988749895, 4.744241166006981, 6.114983167484837, 2.1213203435596424, 1.5811388300841898, 1.5, 2.1213203435596424, 3.3541019662496847, 3.605551275463989, 3.1622776601683795, 3.0, 3.3541019662496847, 4.242640687119285, 4.783442175665772, 4.272001872658765, 4.031128874149275], [7.279013316970353, 5.090288412040664, 5.70087712549569, 5.1478150704935, 4.743416490252569, 4.5, 4.743416490252569, 5.408326913195984, 4.6097722286464435, 4.031128874149275, 3.3541019662496847, 3.0, 3.3541019662496847, 4.031128874149275, 3.2015621187164243, 2.1213203435596424, 1.5, 2.1213203435596424, 3.1622776601683795, 2.23606797749979, 1.5, 0.0, 1.5, 3.5355339059327378, 2.5495097567963922, 3.2619736416295297, 4.673421596836952, 3.3541019662496847, 2.5, 2.1213203435596424, 1.5, 2.1213203435596424, 4.6097722286464435, 3.905124837953327, 3.3541019662496847, 3.0, 3.3541019662496847, 3.8367261845436706, 5.0, 4.47213595499958], [7.369113706528001, 5.159734348195187, 6.726812023536855, 6.020797289396148, 5.408326913195984, 4.743416490252569, 4.5, 4.743416490252569, 5.70087712549569, 4.949747468305833, 4.242640687119285, 3.3541019662496847, 3.0, 5.385164807134504, 4.47213595499958, 3.3541019662496847, 2.1213203435596424, 1.5, 4.6097722286464435, 3.640054944640259, 3.0, 1.5, 0.0, 5.024937810560445, 4.031128874149275, 1.8091765630076975, 3.2846186544165517, 4.743416490252569, 3.8078865529319543, 3.3541019662496847, 2.1213203435596424, 1.5, 5.830951894845301, 5.0, 4.242640687119285, 3.3541019662496847, 3.0, 3.325600183784571, 6.020797289396148, 5.315072906367325], [8.656032770269052, 6.860358388403447, 5.0, 5.0990195135927845, 5.385164807134504, 6.103277807866851, 7.0710678118654755, 8.200609733428363, 4.031128874149275, 4.272001872658765, 4.031128874149275, 4.949747468305833, 6.103277807866851, 2.5, 2.692582403567252, 2.8284271247461903, 4.031128874149275, 5.385164807134504, 1.5811388300841898, 2.1213203435596424, 2.0615528128088303, 3.5355339059327378, 5.024937810560445, 0.0, 1.0, 6.706572656056866, 7.9939172162510355, 1.118033988749895, 1.8027756377319946, 2.23606797749979, 3.640054944640259, 5.0990195135927845, 2.5, 2.692582403567252, 3.2015621187164243, 4.301162633521313, 5.5901699437494745, 6.141683313987242, 3.5355339059327378, 3.8078865529319543], [8.26479106132614, 6.327642965707218, 5.0990195135927845, 5.0, 5.0990195135927845, 5.5901699437494745, 6.4031242374328485, 7.433034373659253, 4.031128874149275, 4.031128874149275, 3.640054944640259, 4.301162633521313, 5.315072906367325, 2.692582403567252, 2.5, 2.23606797749979, 3.2015621187164243, 4.47213595499958, 1.5811388300841898, 1.5811388300841898, 1.118033988749895, 2.5495097567963922, 4.031128874149275, 1.0, 0.0, 5.706710843904452, 7.002471895627106, 1.118033988749895, 1.118033988749895, 1.4142135623730951, 2.692582403567252, 4.123105625617661, 2.692582403567252, 2.5, 2.692582403567252, 3.5355339059327378, 4.716990566028302, 5.270645732810412, 3.5355339059327378, 3.5355339059327378], [8.39075363133114, 6.274568907227476, 8.426538672212075, 7.6547361717601135, 6.941427643087529, 6.0262812348636885, 5.38040085115605, 5.106991395780032, 7.439427564410178, 6.628236141770522, 5.926625225474012, 4.822606594018987, 3.986249133976193, 7.193214538203879, 6.271424659325397, 5.15425604740685, 3.8339279074704335, 2.70770216182119, 6.409435535555994, 5.446952886652773, 4.744241166006981, 3.2619736416295297, 1.8091765630076975, 6.706572656056866, 5.706710843904452, 0.0, 1.507290042941892, 6.2702986597761, 5.282525640993801, 4.790542044512341, 3.328954922748431, 1.927326821050738, 7.121369123231266, 6.188887626567367, 5.281170506549252, 4.002925145027847, 2.942117862042026, 2.9595592895644507, 7.074773966787345, 6.216177164954275], [9.672161881799207, 7.626286039271253, 9.933165430430584, 9.154216277599845, 8.422088567917505, 7.441735424550238, 6.657873264952184, 6.146147305046, 8.945988651964763, 8.134040395145274, 7.433172737360461, 6.300786238764013, 5.352359994409672, 8.662288610078052, 7.756748297647715, 6.638715089611155, 5.340448326141729, 4.179502196117278, 7.835699168362007, 6.894206382597044, 6.114983167484837, 4.673421596836952, 3.2846186544165517, 7.9939172162510355, 7.002471895627106, 1.507290042941892, 0.0, 7.434087028886317, 6.434092798664669, 5.934096412783916, 4.434112145556774, 2.934143964179884, 8.07899628396136, 7.099442312254831, 6.126498292973482, 4.688478603658775, 3.306006941935436, 3.0605252861525076, 7.85067630520088, 6.911224105599189], [9.376121265117424, 7.445172365194133, 6.020797289396148, 6.020797289396148, 6.18465843842649, 6.708203932499369, 7.5, 8.48528137423857, 5.0, 5.0990195135927845, 4.743416490252569, 5.408326913195984, 6.363961030678928, 3.5355339059327378, 3.5355339059327378, 3.3541019662496847, 4.242640687119285, 5.408326913195984, 2.5, 2.692582403567252, 2.1213203435596424, 3.3541019662496847, 4.743416490252569, 1.118033988749895, 1.118033988749895, 6.2702986597761, 7.434087028886317, 0.0, 1.0, 1.5, 3.0, 4.5, 1.5811388300841898, 1.5811388300841898, 2.1213203435596424, 3.3541019662496847, 4.743416490252569, 5.283524391325035, 2.5, 2.692582403567252], [9.071467243262905, 7.028878988258149, 6.18465843842649, 6.020797289396148, 6.020797289396148, 6.324555320336759, 6.946221994724902, 7.810249675906654, 5.0990195135927845, 5.0, 4.527692569068709, 4.924428900898052, 5.70087712549569, 3.8078865529319543, 3.5355339059327378, 3.0413812651491097, 3.605551275463989, 4.6097722286464435, 2.692582403567252, 2.5, 1.5811388300841898, 2.5, 3.8078865529319543, 1.8027756377319946, 1.118033988749895, 5.282525640993801, 6.434092798664669, 1.0, 0.0, 0.5, 2.0, 3.5, 2.1213203435596424, 1.5811388300841898, 1.5811388300841898, 2.5, 3.8078865529319543, 4.356037477479949, 2.692582403567252, 2.5], [8.957201121404735, 6.866033350752103, 6.324555320336759, 6.082762530298219, 6.0, 6.18465843842649, 6.708203932499369, 7.5, 5.220153254455275, 5.024937810560445, 4.5, 4.743416490252569, 5.408326913195984, 4.031128874149275, 3.640054944640259, 3.0, 3.3541019662496847, 4.242640687119285, 2.9154759474226504, 2.5495097567963922, 1.5, 2.1213203435596424, 3.3541019662496847, 2.23606797749979, 1.4142135623730951, 4.790542044512341, 5.934096412783916, 1.5, 0.5, 0.0, 1.5, 3.0, 2.5, 1.8027756377319946, 1.5, 2.1213203435596424, 3.3541019662496847, 3.905736647669876, 2.9154759474226504, 2.5495097567963922], [8.77788436244186, 6.584393396496742, 6.946221994724902, 6.5, 6.18465843842649, 6.0, 6.18465843842649, 6.708203932499369, 5.830951894845301, 5.385164807134504, 4.743416490252569, 4.5, 4.743416490252569, 4.949747468305833, 4.301162633521313, 3.3541019662496847, 3.0, 3.3541019662496847, 3.905124837953327, 3.2015621187164243, 2.1213203435596424, 1.5, 2.1213203435596424, 3.640054944640259, 2.692582403567252, 3.328954922748431, 4.434112145556774, 3.0, 2.0, 1.5, 0.0, 1.5, 3.8078865529319543, 2.9154759474226504, 2.1213203435596424, 1.5, 2.1213203435596424, 2.663442796114919, 3.905124837953327, 3.2015621187164243], [8.85274284227823, 6.638227084547473, 7.810249675906654, 7.211102550927978, 6.708203932499369, 6.18465843842649, 6.0, 6.18465843842649, 6.726812023536855, 6.103277807866851, 5.408326913195984, 4.743416490252569, 4.5, 6.103277807866851, 5.315072906367325, 4.242640687119285, 3.3541019662496847, 3.0, 5.1478150704935, 4.301162633521313, 3.3541019662496847, 2.1213203435596424, 1.5, 5.0990195135927845, 4.123105625617661, 1.927326821050738, 2.934143964179884, 4.5, 3.5, 3.0, 1.5, 0.0, 5.220153254455275, 4.272001872658765, 3.3541019662496847, 2.1213203435596424, 1.5, 1.8528562533022894, 5.1478150704935, 4.301162633521313], [10.956228137742222, 9.007581123001978, 7.5, 7.566372975210778, 7.762087348130012, 8.276472678623424, 9.013878188659973, 9.924716620639604, 6.519202405202649, 6.670832032063167, 6.324555320336759, 6.946221994724902, 7.810249675906654, 5.0, 5.0990195135927845, 4.924428900898052, 5.70087712549569, 6.726812023536855, 4.031128874149275, 4.272001872658765, 3.605551275463989, 4.6097722286464435, 5.830951894845301, 2.5, 2.692582403567252, 7.121369123231266, 8.07899628396136, 1.5811388300841898, 2.1213203435596424, 2.5, 3.8078865529319543, 5.220153254455275, 0.0, 1.0, 2.0, 3.5, 5.0, 5.4780811833157745, 1.118033988749895, 1.8027756377319946], [10.649826429273817, 8.60877842504894, 7.566372975210778, 7.5, 7.566372975210778, 7.905694150420948, 8.5, 9.300537618869138, 6.519202405202649, 6.519202405202649, 6.082762530298219, 6.5, 7.211102550927978, 5.0990195135927845, 5.0, 4.6097722286464435, 5.1478150704935, 6.020797289396148, 4.031128874149275, 4.031128874149275, 3.1622776601683795, 3.905124837953327, 5.0, 2.692582403567252, 2.5, 6.188887626567367, 7.099442312254831, 1.5811388300841898, 1.5811388300841898, 1.8027756377319946, 2.9154759474226504, 4.272001872658765, 1.0, 0.0, 1.0, 2.5, 4.0, 4.479822090494404, 1.118033988749895, 1.118033988749895], [10.430660139275167, 8.311775637955742, 7.762087348130012, 7.566372975210778, 7.5, 7.648529270389178, 8.077747210701755, 8.74642784226795, 6.670832032063167, 6.519202405202649, 6.0, 6.18465843842649, 6.708203932499369, 5.385164807134504, 5.0990195135927845, 4.5, 4.743416490252569, 5.408326913195984, 4.272001872658765, 4.031128874149275, 3.0, 3.3541019662496847, 4.242640687119285, 3.2015621187164243, 2.692582403567252, 5.281170506549252, 6.126498292973482, 2.1213203435596424, 1.5811388300841898, 1.5, 2.1213203435596424, 3.3541019662496847, 2.0, 1.0, 0.0, 1.5, 3.0, 3.4825620560106243, 1.8027756377319946, 1.118033988749895], [10.27708484406794, 8.080682934127804, 8.276472678623424, 7.905694150420948, 7.648529270389178, 7.5, 7.648529270389178, 8.077747210701755, 7.158910531638177, 6.800735254367722, 6.18465843842649, 6.0, 6.18465843842649, 6.103277807866851, 5.5901699437494745, 4.743416490252569, 4.5, 4.743416490252569, 5.0, 4.47213595499958, 3.3541019662496847, 3.0, 3.3541019662496847, 4.301162633521313, 3.5355339059327378, 4.002925145027847, 4.688478603658775, 3.3541019662496847, 2.5, 2.1213203435596424, 1.5, 2.1213203435596424, 3.5, 2.5, 1.5, 0.0, 1.5, 1.9918301235772806, 3.1622776601683795, 2.23606797749979], [10.341096404312168, 8.12460824336128, 9.013878188659973, 8.5, 8.077747210701755, 7.648529270389178, 7.5, 7.648529270389178, 7.905694150420948, 7.3824115301167, 6.708203932499369, 6.18465843842649, 6.0, 7.0710678118654755, 6.4031242374328485, 5.408326913195984, 4.743416490252569, 4.5, 6.020797289396148, 5.315072906367325, 4.242640687119285, 3.3541019662496847, 3.0, 5.5901699437494745, 4.716990566028302, 2.942117862042026, 3.306006941935436, 4.743416490252569, 3.8078865529319543, 3.3541019662496847, 2.1213203435596424, 1.5, 5.0, 4.0, 3.0, 1.5, 0.0, 0.5536569410879122, 4.6097722286464435, 3.640054944640259], [10.694241880696618, 8.48274174183368, 9.520613157036223, 8.983401772013458, 8.53000233932546, 8.037418035421746, 7.806358782643012, 7.859922786552844, 8.416497546506415, 7.867455971394551, 7.185708011178248, 6.593447382753287, 6.309730355281525, 7.611253143052087, 6.927525309885455, 5.916743980849997, 5.181409856607525, 4.815200605309663, 6.567079295397424, 5.846876344127763, 4.783442175665772, 3.8367261845436706, 3.325600183784571, 6.141683313987242, 5.270645732810412, 2.9595592895644507, 3.0605252861525076, 5.283524391325035, 4.356037477479949, 3.905736647669876, 2.663442796114919, 1.8528562533022894, 5.4780811833157745, 4.479822090494404, 3.4825620560106243, 1.9918301235772806, 0.5536569410879122, 0.0, 5.020431208115059, 4.032885074843929], [11.748348039808398, 9.721244365695908, 8.514693182963201, 8.514693182963201, 8.631338250816034, 9.013878188659973, 9.617692030835672, 10.404326023342406, 7.5, 7.566372975210778, 7.158910531638177, 7.615773105863909, 8.32165848854662, 6.020797289396148, 6.020797289396148, 5.70087712549569, 6.264982043070834, 7.106335201775948, 5.0, 5.0990195135927845, 4.272001872658765, 5.0, 6.020797289396148, 3.5355339059327378, 3.5355339059327378, 7.074773966787345, 7.85067630520088, 2.5, 2.692582403567252, 2.9154759474226504, 3.905124837953327, 5.1478150704935, 1.118033988749895, 1.118033988749895, 1.8027756377319946, 3.1622776601683795, 4.6097722286464435, 5.020431208115059, 0.0, 1.0], [11.506674134252458, 9.406228803388792, 8.631338250816034, 8.514693182963201, 8.514693182963201, 8.73212459828649, 9.192388155425117, 9.86154146165801, 7.566372975210778, 7.5, 7.0178344238090995, 7.280109889280518, 7.826237921249264, 6.18465843842649, 6.020797289396148, 5.522680508593631, 5.852349955359813, 6.519202405202649, 5.0990195135927845, 5.0, 4.031128874149275, 4.47213595499958, 5.315072906367325, 3.8078865529319543, 3.5355339059327378, 6.216177164954275, 6.911224105599189, 2.692582403567252, 2.5, 2.5495097567963922, 3.2015621187164243, 4.301162633521313, 1.8027756377319946, 1.118033988749895, 1.118033988749895, 2.23606797749979, 3.640054944640259, 4.032885074843929, 1.0, 0.0]];