totalHoles = 40;
zeroHoleID = 16;
C = [[0.0, 1.833333333333333, 3.666666666666666, 5.5, 3.5, 3.9510898637098992, 5.068968775248516, 6.519202405202649, 6.946221994724902, 5.030144343211554, 5.125, 5.443044746381488, 6.3015926117485925, 7.517687476877447, 8.252945602093298, 8.04328567467577, 6.75, 6.994541522581098, 7.68159777939749, 8.707037383633999, 8.334279084818872, 9.867173410410457, 8.375, 8.57331535119939, 9.142487049181117, 10.019512213675874, 9.913514905308702, 9.350559331984497, 9.5, 9.675283515799995, 10.183046913593419, 10.977249200050075, 10.0, 10.166666666666666, 10.651030205780305, 11.412712210513327, 11.661903789690601, 11.884864324004713, 11.345294560096029, 12.8101986505588], [1.833333333333333, 0.0, 1.833333333333333, 3.666666666666667, 3.9510898637098992, 3.5, 3.9510898637098992, 5.068968775248517, 5.441609239104836, 5.075462634439541, 5.443044746381488, 5.125, 5.443044746381488, 6.3015926117485925, 7.033649282003065, 7.180219742846006, 6.994541522581098, 6.75, 6.994541522581098, 7.68159777939749, 7.766389378019041, 8.872554436137444, 8.57331535119939, 8.375, 8.57331535119939, 9.142487049181117, 9.227073690444273, 8.941945905384477, 9.675283515799995, 9.5, 9.675283515799995, 10.183046913593419, 10.166666666666666, 10.0, 10.166666666666666, 10.651030205780305, 10.833333333333334, 11.31861789756643, 11.42901768614812, 12.457201883226153], [3.666666666666666, 1.833333333333333, 0.0, 1.833333333333334, 5.068968775248516, 3.9510898637098992, 3.5, 3.9510898637098997, 4.2064764880413215, 5.739382546569182, 6.3015926117485925, 5.443044746381488, 5.125, 5.443044746381488, 6.128258770283413, 6.718548123582125, 7.68159777939749, 6.994541522581098, 6.75, 6.994541522581098, 7.60891728832604, 8.173466556826153, 9.142487049181117, 8.57331535119939, 8.375, 8.57331535119939, 8.872554436137444, 8.899778398977373, 10.183046913593419, 9.675283515799995, 9.5, 9.675283515799995, 10.651030205780305, 10.166666666666666, 10.0, 10.166666666666666, 10.268614533832908, 11.031520495581942, 11.800483214998048, 12.368702044852974], [5.5, 3.666666666666667, 1.833333333333334, 0.0, 6.519202405202649, 5.068968775248517, 3.9510898637098997, 3.5, 3.5355339059327378, 6.844189163104433, 7.517687476877447, 6.3015926117485925, 5.443044746381488, 5.125, 5.688682721958671, 6.741249472052228, 8.707037383633999, 7.68159777939749, 6.994541522581098, 6.75, 7.886486090293259, 7.849274559544412, 10.019512213675874, 9.142487049181117, 8.57331535119939, 8.375, 8.88975690206306, 9.229081034924796, 10.977249200050075, 10.183046913593419, 9.675283515799995, 9.5, 11.412712210513327, 10.651030205780305, 10.166666666666666, 10.0, 10.012492197250394, 11.045361017187261, 12.43392879048441, 12.550295773864027], [3.5, 3.9510898637098992, 5.068968775248516, 6.519202405202649, 0.0, 1.833333333333333, 3.666666666666666, 5.5, 6.0, 1.6674151282137313, 1.625, 2.449844099348183, 4.010619583611046, 5.735034873477231, 6.379219736334879, 5.50252467307306, 3.25, 3.7314355295396853, 4.899688198696366, 6.388466169590319, 5.336480326274609, 7.40120110372484, 4.875, 5.208333333333333, 6.100005692164921, 7.34953229804455, 6.978140471819441, 6.130571386506051, 6.0, 6.27384340823957, 7.031674369909662, 8.139410298049853, 6.5, 6.75359986311827, 7.4628710590793705, 8.514693182963201, 8.845903006477066, 8.74642784226795, 7.8483882003420495, 9.476222779599333], [3.9510898637098992, 3.5, 3.9510898637098992, 5.068968775248517, 1.833333333333333, 0.0, 1.833333333333333, 3.666666666666667, 4.166666666666667, 1.799511614256707, 2.449844099348183, 1.625, 2.449844099348183, 4.010619583611047, 4.696334267868457, 4.139914116124741, 3.7314355295396853, 3.25, 3.7314355295396853, 4.899688198696366, 4.397114779042464, 6.011562932290479, 5.208333333333333, 4.875, 5.208333333333333, 6.100005692164921, 5.96284793999944, 5.487198035327918, 6.27384340823957, 6.0, 6.27384340823957, 7.031674369909662, 6.75359986311827, 6.5, 6.75359986311827, 7.4628710590793705, 7.720823214600313, 7.959969290839703, 7.968935559923313, 8.993302366832332], [5.068968775248516, 3.9510898637098992, 3.5, 3.9510898637098997, 3.666666666666666, 1.833333333333333, 0.0, 1.833333333333334, 2.333333333333334, 3.2277597667911664, 4.010619583611046, 2.449844099348183, 1.625, 2.4498440993481836, 3.1841621957571338, 3.274480450731417, 4.899688198696366, 3.7314355295396853, 3.25, 3.7314355295396857, 4.112594887617011, 4.921607686744467, 6.100005692164921, 5.208333333333333, 4.875, 5.208333333333334, 5.398044913567216, 5.418210152346309, 7.031674369909662, 6.27384340823957, 6.0, 6.27384340823957, 7.4628710590793705, 6.75359986311827, 6.5, 6.75359986311827, 6.906116451700221, 7.54615428178118, 8.493108547250204, 8.87030997069262], [6.519202405202649, 5.068968775248517, 3.9510898637098997, 3.5, 5.5, 3.666666666666667, 1.833333333333334, 0.0, 0.5, 4.93161701641652, 5.735034873477231, 4.010619583611047, 2.4498440993481836, 1.625, 2.2236106773543893, 3.3208098075285464, 6.388466169590319, 4.899688198696366, 3.7314355295396857, 3.25, 4.605917635114171, 4.362084109434134, 7.34953229804455, 6.100005692164921, 5.208333333333334, 4.875, 5.426273532033236, 5.9436421875221335, 8.139410298049853, 7.031674369909662, 6.27384340823957, 6.0, 8.514693182963201, 7.4628710590793705, 6.75359986311827, 6.5, 6.519202405202649, 7.566372975210778, 9.353292139923829, 9.121816305609759], [6.946221994724902, 5.441609239104836, 4.2064764880413215, 3.5355339059327378, 6.0, 4.166666666666667, 2.333333333333334, 0.5, 0.0, 5.411014722090754, 6.216158379578178, 4.472330053910502, 2.843425653053803, 1.7001838135919305, 2.166666666666667, 3.5039660069381067, 6.823672031978091, 5.28427962082923, 4.000867961385935, 3.2882366094914763, 4.853262303616484, 4.333333333333334, 7.7308230480331135, 6.413013029076981, 5.404634071280353, 4.900573945978165, 5.540256712864887, 6.174277167221999, 8.48528137423857, 7.304869000270376, 6.437735971942656, 6.020797289396148, 8.845903006477066, 7.720823214600313, 6.906116451700221, 6.519202405202649, 6.5, 7.648529270389178, 9.635218018545121, 9.25247679071963], [5.030144343211554, 5.075462634439541, 5.739382546569182, 6.844189163104433, 1.6674151282137313, 1.799511614256707, 3.2277597667911664, 4.93161701641652, 5.411014722090754, 0.0, 0.8072909752812397, 1.053417086827103, 2.8792149313815187, 4.7108695487758405, 5.25496134896284, 4.079015892028378, 1.9504907658702348, 2.064553963400768, 3.3826874124081883, 5.034380539307494, 3.7163744975959845, 5.944665350075875, 3.498336710026577, 3.5631907859064103, 4.458309056025539, 5.811964635433748, 5.356877012406834, 4.463233122110989, 4.601194963168433, 4.650694994206276, 5.367416044187958, 6.535408807098413, 5.094463195047551, 5.139214345183791, 5.795836018040353, 6.8915983946039, 7.24240031747631, 7.081156748270323, 6.3831595972536785, 7.826805313104836], [5.125, 5.443044746381488, 6.3015926117485925, 7.517687476877447, 1.625, 2.449844099348183, 4.010619583611046, 5.735034873477231, 6.216158379578178, 0.8072909752812397, 0.0, 1.833333333333333, 3.666666666666666, 5.5, 6.024400615644495, 4.7567568900576696, 1.625, 2.449844099348183, 4.010619583611046, 5.735034873477231, 4.216480044141056, 6.582937751828164, 3.25, 3.7314355295396853, 4.899688198696366, 6.388466169590319, 5.831100763244545, 4.771564391769242, 4.375, 4.743599488901978, 5.708333333333333, 7.027846398435298, 4.875, 5.208333333333333, 6.100005692164921, 7.34953229804455, 7.7308230480331135, 7.400380057807842, 6.226006454939411, 7.976802890355547], [5.443044746381488, 5.125, 5.443044746381488, 6.3015926117485925, 2.449844099348183, 1.625, 2.449844099348183, 4.010619583611047, 4.472330053910502, 1.053417086827103, 1.833333333333333, 0.0, 1.833333333333333, 3.666666666666667, 4.201727488651411, 3.0802349297127036, 2.449844099348183, 1.625, 2.449844099348183, 4.010619583611047, 2.938588108258362, 4.969525184115235, 3.7314355295396853, 3.25, 3.7314355295396853, 4.899688198696366, 4.567586586176799, 3.910660238202752, 4.743599488901978, 4.375, 4.743599488901978, 5.708333333333333, 5.208333333333333, 4.875, 5.208333333333333, 6.100005692164921, 6.413013029076981, 6.451878494757253, 6.377295115633993, 7.396625828326002], [6.3015926117485925, 5.443044746381488, 5.125, 5.443044746381488, 4.010619583611046, 2.449844099348183, 1.625, 2.4498440993481836, 2.843425653053803, 2.8792149313815187, 3.666666666666666, 1.833333333333333, 0.0, 1.833333333333334, 2.395380391967469, 1.7524784037344248, 4.010619583611046, 2.449844099348183, 1.625, 2.4498440993481836, 2.492813350328776, 3.574844596466942, 4.899688198696366, 3.7314355295396853, 3.25, 3.7314355295396857, 3.8008131439937376, 3.813256151210152, 5.708333333333333, 4.743599488901978, 4.375, 4.743599488901979, 6.100005692164921, 5.208333333333333, 4.875, 5.208333333333334, 5.404634071280353, 5.933807331254061, 7.021314109841075, 7.246584378806075], [7.517687476877447, 6.3015926117485925, 5.443044746381488, 5.125, 5.735034873477231, 4.010619583611047, 2.4498440993481836, 1.625, 1.7001838135919305, 4.7108695487758405, 5.5, 3.666666666666667, 1.833333333333334, 0.0, 0.7371585838730891, 1.8375897559333292, 5.735034873477231, 4.010619583611047, 2.4498440993481836, 1.625, 3.2427085825555646, 2.754100478276791, 6.388466169590319, 4.899688198696366, 3.7314355295396857, 3.25, 3.8407988896987453, 4.528885478022859, 7.027846398435298, 5.708333333333333, 4.743599488901979, 4.375, 7.34953229804455, 6.100005692164921, 5.208333333333334, 4.875, 4.900573945978165, 5.959498720530108, 8.040524416257922, 7.5523584989243835], [8.252945602093298, 7.033649282003065, 6.128258770283413, 5.688682721958671, 6.379219736334879, 4.696334267868457, 3.1841621957571338, 2.2236106773543893, 2.166666666666667, 5.25496134896284, 6.024400615644495, 4.201727488651411, 2.395380391967469, 0.7371585838730891, 0.0, 1.8027756377319946, 6.097016574613448, 4.305197117696497, 2.5725581734055223, 1.193151755273029, 3.2345027982748187, 2.166666666666667, 6.582937751828164, 4.969525184115235, 3.5748445964669413, 2.75410047827679, 3.5039660069381067, 4.420468068179502, 7.120003121097943, 5.66176258382101, 4.487637339278753, 3.865804501581067, 7.401201103724839, 6.011562932290477, 4.9216076867444665, 4.362084109434133, 4.333333333333333, 5.540256712864887, 7.97280687216948, 7.203428775097286], [8.04328567467577, 7.180219742846006, 6.718548123582125, 6.741249472052228, 5.50252467307306, 4.139914116124741, 3.274480450731417, 3.3208098075285464, 3.5039660069381067, 4.079015892028378, 4.7567568900576696, 3.0802349297127036, 1.7524784037344248, 1.8375897559333292, 1.8027756377319946, 0.0, 4.500771538796926, 2.667968432263687, 0.8374896350934081, 1.0034662148993578, 1.4377456741405794, 1.90029237516523, 4.813356705852764, 3.1669407776099776, 1.900749121326174, 1.9794955867032835, 2.166666666666667, 2.691994814311446, 5.317685377847939, 3.890872509976251, 2.9533408577782247, 3.0046260628866577, 5.600099205470481, 4.268749491621899, 3.4359213546813834, 3.48010216963685, 3.6552853665768845, 4.333333333333333, 6.217894177782627, 5.813009775155869], [6.75, 6.994541522581098, 7.68159777939749, 8.707037383633999, 3.25, 3.7314355295396853, 4.899688198696366, 6.388466169590319, 6.823672031978091, 1.9504907658702348, 1.625, 2.449844099348183, 4.010619583611046, 5.735034873477231, 6.097016574613448, 4.500771538796926, 0.0, 1.833333333333333, 3.666666666666666, 5.5, 3.515769567614403, 6.097016574613449, 1.625, 2.449844099348183, 4.010619583611046, 5.735034873477231, 4.958858515603946, 3.637718785798817, 2.75, 3.3050886691753236, 4.583333333333333, 6.149186938124422, 3.25, 3.7314355295396853, 4.899688198696366, 6.388466169590319, 6.823672031978091, 6.189709201569974, 4.605471247399785, 6.537676998336023], [6.994541522581098, 6.75, 6.994541522581098, 7.68159777939749, 3.7314355295396853, 3.25, 3.7314355295396853, 4.899688198696366, 5.28427962082923, 2.064553963400768, 2.449844099348183, 1.625, 2.449844099348183, 4.010619583611047, 4.305197117696497, 2.667968432263687, 1.833333333333333, 0.0, 1.833333333333333, 3.666666666666667, 1.7936643386992075, 4.305197117696498, 2.449844099348183, 1.625, 2.449844099348183, 4.010619583611047, 3.383990084041159, 2.3996738775119955, 3.3050886691753236, 2.75, 3.3050886691753236, 4.583333333333334, 3.7314355295396853, 3.25, 3.7314355295396853, 4.899688198696366, 5.28427962082923, 5.0173310744967905, 4.808024753011167, 5.815660738664748], [7.68159777939749, 6.994541522581098, 6.75, 6.994541522581098, 4.899688198696366, 3.7314355295396853, 3.25, 3.7314355295396857, 4.000867961385935, 3.3826874124081883, 4.010619583611046, 2.449844099348183, 1.625, 2.4498440993481836, 2.5725581734055223, 0.8374896350934081, 3.666666666666666, 1.833333333333333, 0.0, 1.833333333333334, 0.8922163916344416, 2.5725581734055227, 4.010619583611046, 2.449844099348183, 1.625, 2.4498440993481836, 2.2438186696393774, 2.2374301541043713, 4.583333333333333, 3.3050886691753236, 2.75, 3.305088669175324, 4.899688198696366, 3.7314355295396853, 3.25, 3.7314355295396857, 4.000867961385935, 4.330928820062095, 5.6343642820403685, 5.623595054957596], [8.707037383633999, 7.68159777939749, 6.994541522581098, 6.75, 6.388466169590319, 4.899688198696366, 3.7314355295396857, 3.25, 3.2882366094914763, 5.034380539307494, 5.735034873477231, 4.010619583611047, 2.4498440993481836, 1.625, 1.193151755273029, 1.0034662148993578, 5.5, 3.666666666666667, 1.833333333333334, 0.0, 2.257673723393911, 1.19315175527303, 5.735034873477231, 4.010619583611047, 2.4498440993481836, 1.625, 2.3109041039770086, 3.3130008893448535, 6.149186938124422, 4.583333333333334, 3.305088669175324, 2.75, 6.388466169590319, 4.899688198696366, 3.7314355295396857, 3.25, 3.2882366094914763, 4.366062299143245, 6.862743031916516, 6.0124832706014795], [8.334279084818872, 7.766389378019041, 7.60891728832604, 7.886486090293259, 5.336480326274609, 4.397114779042464, 4.112594887617011, 4.605917635114171, 4.853262303616484, 3.7163744975959845, 4.216480044141056, 2.938588108258362, 2.492813350328776, 3.2427085825555646, 3.2345027982748187, 1.4377456741405794, 3.515769567614403, 1.7936643386992075, 0.8922163916344416, 2.257673723393911, 0.0, 2.5997597206817744, 3.4962576195823116, 1.755110665982368, 0.8119308957201896, 2.2271668844581747, 1.6423118492159232, 1.3459823509071758, 3.901646700301436, 2.4656526684289464, 1.912658205459277, 2.821223486842693, 4.1675231291993065, 2.8678990811688054, 2.4090793821185708, 3.1787897101178206, 3.5276595282708345, 3.5659714925289276, 4.798250195764035, 4.760421721621994], [9.867173410410457, 8.872554436137444, 8.173466556826153, 7.849274559544412, 7.40120110372484, 6.011562932290479, 4.921607686744467, 4.362084109434134, 4.333333333333334, 5.944665350075875, 6.582937751828164, 4.969525184115235, 3.574844596466942, 2.754100478276791, 2.166666666666667, 1.90029237516523, 6.097016574613449, 4.305197117696498, 2.5725581734055227, 1.19315175527303, 2.5997597206817744, 0.0, 6.024400615644495, 4.201727488651411, 2.3953803919674685, 0.7371585838730884, 1.8027756377319946, 3.2168721197460144, 6.227180564089801, 4.487637339278753, 2.8674417556808756, 1.7400510848184245, 6.379219736334879, 4.696334267868457, 3.1841621957571333, 2.2236106773543884, 2.166666666666666, 3.503966006938106, 6.609293567834469, 5.249698501998248], [8.375, 8.57331535119939, 9.142487049181117, 10.019512213675874, 4.875, 5.208333333333333, 6.100005692164921, 7.34953229804455, 7.7308230480331135, 3.498336710026577, 3.25, 3.7314355295396853, 4.899688198696366, 6.388466169590319, 6.582937751828164, 4.813356705852764, 1.625, 2.449844099348183, 4.010619583611046, 5.735034873477231, 3.4962576195823116, 6.024400615644495, 0.0, 1.833333333333333, 3.666666666666666, 5.5, 4.523280827501698, 2.9965679008337305, 1.125, 2.150984916523384, 3.8353708353227645, 5.613877893221405, 1.625, 2.449844099348183, 4.010619583611046, 5.735034873477231, 6.216158379578178, 5.209666496043677, 2.989786688763102, 5.209060060851593], [8.57331535119939, 8.375, 8.57331535119939, 9.142487049181117, 5.208333333333333, 4.875, 5.208333333333333, 6.100005692164921, 6.413013029076981, 3.5631907859064103, 3.7314355295396853, 3.25, 3.7314355295396853, 4.899688198696366, 4.969525184115235, 3.1669407776099776, 2.449844099348183, 1.625, 2.449844099348183, 4.010619583611047, 1.755110665982368, 4.201727488651411, 1.833333333333333, 0.0, 1.833333333333333, 3.666666666666667, 2.70576801584237, 1.2267256980135801, 2.150984916523384, 1.125, 2.150984916523384, 3.8353708353227653, 2.449844099348183, 1.625, 2.449844099348183, 4.010619583611047, 4.472330053910502, 3.741889377187828, 3.2932599440747157, 4.267902999159412], [9.142487049181117, 8.57331535119939, 8.375, 8.57331535119939, 6.100005692164921, 5.208333333333333, 4.875, 5.208333333333334, 5.404634071280353, 4.458309056025539, 4.899688198696366, 3.7314355295396853, 3.25, 3.7314355295396857, 3.5748445964669413, 1.900749121326174, 4.010619583611046, 2.449844099348183, 1.625, 2.4498440993481836, 0.8119308957201896, 2.3953803919674685, 3.666666666666666, 1.833333333333333, 0.0, 1.833333333333334, 0.9510593508761114, 0.8674761750324677, 3.8353708353227645, 2.150984916523384, 1.125, 2.150984916523385, 4.010619583611046, 2.449844099348183, 1.625, 2.4498440993481836, 2.843425653053803, 2.7541004782767904, 4.4129944364808775, 4.002237814664544], [10.019512213675874, 9.142487049181117, 8.57331535119939, 8.375, 7.34953229804455, 6.100005692164921, 5.208333333333334, 4.875, 4.900573945978165, 5.811964635433748, 6.388466169590319, 4.899688198696366, 3.7314355295396857, 3.25, 2.75410047827679, 1.9794955867032835, 5.735034873477231, 4.010619583611047, 2.4498440993481836, 1.625, 2.2271668844581747, 0.7371585838730884, 5.5, 3.666666666666667, 1.833333333333334, 0.0, 1.100031565203674, 2.5927583984153326, 5.613877893221405, 3.8353708353227653, 2.150984916523385, 1.125, 5.735034873477231, 4.010619583611047, 2.4498440993481836, 1.625, 1.7001838135919305, 2.809025631780529, 5.901330439468509, 4.532443189081355], [9.913514905308702, 9.227073690444273, 8.872554436137444, 8.88975690206306, 6.978140471819441, 5.96284793999944, 5.398044913567216, 5.426273532033236, 5.540256712864887, 5.356877012406834, 5.831100763244545, 4.567586586176799, 3.8008131439937376, 3.8407988896987453, 3.5039660069381067, 2.166666666666667, 4.958858515603946, 3.383990084041159, 2.2438186696393774, 2.3109041039770086, 1.6423118492159232, 1.8027756377319946, 4.523280827501698, 2.70576801584237, 0.9510593508761114, 1.100031565203674, 0.0, 1.5452824035164745, 4.549114687985393, 2.748737083745107, 1.0671873729054748, 1.201850425154663, 4.648775226993784, 2.91070819942883, 1.4337208778404378, 1.5365907428821475, 1.9002923751652296, 2.166666666666666, 4.807562104054573, 3.7140764967046773], [9.350559331984497, 8.941945905384477, 8.899778398977373, 9.229081034924796, 6.130571386506051, 5.487198035327918, 5.418210152346309, 5.9436421875221335, 6.174277167221999, 4.463233122110989, 4.771564391769242, 3.910660238202752, 3.813256151210152, 4.528885478022859, 4.420468068179502, 2.691994814311446, 3.637718785798817, 2.3996738775119955, 2.2374301541043713, 3.3130008893448535, 1.3459823509071758, 3.2168721197460144, 2.9965679008337305, 1.2267256980135801, 0.8674761750324677, 2.5927583984153326, 1.5452824035164745, 0.0, 3.0213215444413746, 1.28600957568964, 0.9494627980323942, 2.621328060955321, 3.1633985528321467, 1.5913915790654276, 1.334236161255724, 2.7838942746280235, 3.2472886254062336, 2.630180264134851, 3.5542255507421485, 3.515485002625368], [9.5, 9.675283515799995, 10.183046913593419, 10.977249200050075, 6.0, 6.27384340823957, 7.031674369909662, 8.139410298049853, 8.48528137423857, 4.601194963168433, 4.375, 4.743599488901978, 5.708333333333333, 7.027846398435298, 7.120003121097943, 5.317685377847939, 2.75, 3.3050886691753236, 4.583333333333333, 6.149186938124422, 3.901646700301436, 6.227180564089801, 1.125, 2.150984916523384, 3.8353708353227645, 5.613877893221405, 4.549114687985393, 3.0213215444413746, 0.0, 1.833333333333333, 3.666666666666666, 5.5, 0.5, 1.9002923751652296, 3.700600551862419, 5.522680508593631, 6.020797289396148, 4.743416490252569, 1.8806627121448356, 4.407183934085133], [9.675283515799995, 9.5, 9.675283515799995, 10.183046913593419, 6.27384340823957, 6.0, 6.27384340823957, 7.031674369909662, 7.304869000270376, 4.650694994206276, 4.743599488901978, 4.375, 4.743599488901978, 5.708333333333333, 5.66176258382101, 3.890872509976251, 3.3050886691753236, 2.75, 3.3050886691753236, 4.583333333333334, 2.4656526684289464, 4.487637339278753, 2.150984916523384, 1.125, 2.150984916523384, 3.8353708353227653, 2.748737083745107, 1.28600957568964, 1.833333333333333, 0.0, 1.833333333333333, 3.666666666666667, 1.9002923751652296, 0.5, 1.9002923751652296, 3.70060055186242, 4.196559437338058, 3.05959329178097, 2.3331585569339115, 3.2409812590530054], [10.183046913593419, 9.675283515799995, 9.5, 9.675283515799995, 7.031674369909662, 6.27384340823957, 6.0, 6.27384340823957, 6.437735971942656, 5.367416044187958, 5.708333333333333, 4.743599488901978, 4.375, 4.743599488901979, 4.487637339278753, 2.9533408577782247, 4.583333333333333, 3.3050886691753236, 2.75, 3.305088669175324, 1.912658205459277, 2.8674417556808756, 3.8353708353227645, 2.150984916523384, 1.125, 2.150984916523385, 1.0671873729054748, 0.9494627980323942, 3.666666666666666, 1.833333333333333, 0.0, 1.833333333333334, 3.700600551862419, 1.9002923751652296, 0.5, 1.9002923751652305, 2.3863035105460595, 1.715938356831167, 3.7513447840685235, 2.8821642972651165], [10.977249200050075, 10.183046913593419, 9.675283515799995, 9.5, 8.139410298049853, 7.031674369909662, 6.27384340823957, 6.0, 6.020797289396148, 6.535408807098413, 7.027846398435298, 5.708333333333333, 4.743599488901979, 4.375, 3.865804501581067, 3.0046260628866577, 6.149186938124422, 4.583333333333334, 3.305088669175324, 2.75, 2.821223486842693, 1.7400510848184245, 5.613877893221405, 3.8353708353227653, 2.150984916523385, 1.125, 1.201850425154663, 2.621328060955321, 5.5, 3.666666666666667, 1.833333333333334, 0.0, 5.522680508593631, 3.70060055186242, 1.9002923751652305, 0.5, 0.7071067811865476, 1.8027756377319946, 5.424368050597648, 3.5821787746494262], [10.0, 10.166666666666666, 10.651030205780305, 11.412712210513327, 6.5, 6.75359986311827, 7.4628710590793705, 8.514693182963201, 8.845903006477066, 5.094463195047551, 4.875, 5.208333333333333, 6.100005692164921, 7.34953229804455, 7.401201103724839, 5.600099205470481, 3.25, 3.7314355295396853, 4.899688198696366, 6.388466169590319, 4.1675231291993065, 6.379219736334879, 1.625, 2.449844099348183, 4.010619583611046, 5.735034873477231, 4.648775226993784, 3.1633985528321467, 0.5, 1.9002923751652296, 3.700600551862419, 5.522680508593631, 0.0, 1.833333333333333, 3.666666666666666, 5.5, 6.0, 4.6097722286464435, 1.395898806498501, 4.09983449672624], [10.166666666666666, 10.0, 10.166666666666666, 10.651030205780305, 6.75359986311827, 6.5, 6.75359986311827, 7.4628710590793705, 7.720823214600313, 5.139214345183791, 5.208333333333333, 4.875, 5.208333333333333, 6.100005692164921, 6.011562932290477, 4.268749491621899, 3.7314355295396853, 3.25, 3.7314355295396853, 4.899688198696366, 2.8678990811688054, 4.696334267868457, 2.449844099348183, 1.625, 2.449844099348183, 4.010619583611047, 2.91070819942883, 1.5913915790654276, 1.9002923751652296, 0.5, 1.9002923751652296, 3.70060055186242, 1.833333333333333, 0.0, 1.833333333333333, 3.666666666666667, 4.166666666666667, 2.8480012484391772, 1.9634841718042708, 2.8087955057677663], [10.651030205780305, 10.166666666666666, 10.0, 10.166666666666666, 7.4628710590793705, 6.75359986311827, 6.5, 6.75359986311827, 6.906116451700221, 5.795836018040353, 6.100005692164921, 5.208333333333333, 4.875, 5.208333333333334, 4.9216076867444665, 3.4359213546813834, 4.899688198696366, 3.7314355295396853, 3.25, 3.7314355295396857, 2.4090793821185708, 3.1841621957571333, 4.010619583611046, 2.449844099348183, 1.625, 2.4498440993481836, 1.4337208778404378, 1.334236161255724, 3.700600551862419, 1.9002923751652296, 0.5, 1.9002923751652305, 3.666666666666666, 1.833333333333333, 0.0, 1.833333333333334, 2.333333333333334, 1.301708279317776, 3.53330283588742, 2.385842347708272], [11.412712210513327, 10.651030205780305, 10.166666666666666, 10.0, 8.514693182963201, 7.4628710590793705, 6.75359986311827, 6.5, 6.519202405202649, 6.8915983946039, 7.34953229804455, 6.100005692164921, 5.208333333333334, 4.875, 4.362084109434133, 3.48010216963685, 6.388466169590319, 4.899688198696366, 3.7314355295396857, 3.25, 3.1787897101178206, 2.2236106773543884, 5.735034873477231, 4.010619583611047, 2.4498440993481836, 1.625, 1.5365907428821475, 2.7838942746280235, 5.522680508593631, 3.70060055186242, 1.9002923751652305, 0.5, 5.5, 3.666666666666667, 1.833333333333334, 0.0, 0.5, 1.4142135623730951, 5.275927405629886, 3.1964632713731067], [11.661903789690601, 10.833333333333334, 10.268614533832908, 10.012492197250394, 8.845903006477066, 7.720823214600313, 6.906116451700221, 6.519202405202649, 6.5, 7.24240031747631, 7.7308230480331135, 6.413013029076981, 5.404634071280353, 4.900573945978165, 4.333333333333333, 3.6552853665768845, 6.823672031978091, 5.28427962082923, 4.000867961385935, 3.2882366094914763, 3.5276595282708345, 2.166666666666666, 6.216158379578178, 4.472330053910502, 2.843425653053803, 1.7001838135919305, 1.9002923751652296, 3.2472886254062336, 6.020797289396148, 4.196559437338058, 2.3863035105460595, 0.7071067811865476, 6.0, 4.166666666666667, 2.333333333333334, 0.5, 0.0, 1.8027756377319946, 5.76096887681336, 3.5522065670164236], [11.884864324004713, 11.31861789756643, 11.031520495581942, 11.045361017187261, 8.74642784226795, 7.959969290839703, 7.54615428178118, 7.566372975210778, 7.648529270389178, 7.081156748270323, 7.400380057807842, 6.451878494757253, 5.933807331254061, 5.959498720530108, 5.540256712864887, 4.333333333333333, 6.189709201569974, 5.0173310744967905, 4.330928820062095, 4.366062299143245, 3.5659714925289276, 3.503966006938106, 5.209666496043677, 3.741889377187828, 2.7541004782767904, 2.809025631780529, 2.166666666666666, 2.630180264134851, 4.743416490252569, 3.05959329178097, 1.715938356831167, 1.8027756377319946, 4.6097722286464435, 2.8480012484391772, 1.301708279317776, 1.4142135623730951, 1.8027756377319946, 0.0, 4.11727915636881, 1.7850867456735482], [11.345294560096029, 11.42901768614812, 11.800483214998048, 12.43392879048441, 7.8483882003420495, 7.968935559923313, 8.493108547250204, 9.353292139923829, 9.635218018545121, 6.3831595972536785, 6.226006454939411, 6.377295115633993, 7.021314109841075, 8.040524416257922, 7.97280687216948, 6.217894177782627, 4.605471247399785, 4.808024753011167, 5.6343642820403685, 6.862743031916516, 4.798250195764035, 6.609293567834469, 2.989786688763102, 3.2932599440747157, 4.4129944364808775, 5.901330439468509, 4.807562104054573, 3.5542255507421485, 1.8806627121448356, 2.3331585569339115, 3.7513447840685235, 5.424368050597648, 1.395898806498501, 1.9634841718042708, 3.53330283588742, 5.275927405629886, 5.76096887681336, 4.11727915636881, 0.0, 3.125832377061356], [12.8101986505588, 12.457201883226153, 12.368702044852974, 12.550295773864027, 9.476222779599333, 8.993302366832332, 8.87030997069262, 9.121816305609759, 9.25247679071963, 7.826805313104836, 7.976802890355547, 7.396625828326002, 7.246584378806075, 7.5523584989243835, 7.203428775097286, 5.813009775155869, 6.537676998336023, 5.815660738664748, 5.623595054957596, 6.0124832706014795, 4.760421721621994, 5.249698501998248, 5.209060060851593, 4.267902999159412, 4.002237814664544, 4.532443189081355, 3.7140764967046773, 3.515485002625368, 4.407183934085133, 3.2409812590530054, 2.8821642972651165, 3.5821787746494262, 4.09983449672624, 2.8087955057677663, 2.385842347708272, 3.1964632713731067, 3.5522065670164236, 1.7850867456735482, 3.125832377061356, 0.0]];