totalHoles = 40;
zeroHoleID = 4;
C = [[0.0, 2.3333333333333335, 0.6111111111111112, 2.412032594010268, 1.5365907428821481, 3.640054944640259, 1.2222222222222223, 2.6340599091399333, 1.9891681988853507, 3.853009085422156, 1.8333333333333335, 2.967415635794143, 2.509857110683671, 4.145874045956808, 2.4444444444444446, 3.3793125168323446, 7.118510991345596, 3.064129385141706, 4.503085362035432, 3.055555555555556, 3.844588950399102, 3.636661744234032, 4.910620890566101, 5.217476366690634, 3.666666666666667, 4.346134936801766, 4.2200286699628755, 4.277777777777779, 4.872763811277316, 4.810289896553938, 4.888888888888889, 5.4171652192217365, 5.405187266202352, 5.5, 5.97448277631164, 6.003342690267659, 6.60387091871965, 8.668263816914301, 13.257735170693957, 12.72473777194713], [2.3333333333333335, 0.0, 2.412032594010268, 0.6111111111111112, 1.5365907428821481, 1.5365907428821477, 2.6340599091399333, 1.2222222222222223, 1.9891681988853507, 1.9891681988853507, 2.967415635794143, 1.8333333333333335, 2.509857110683671, 2.5098571106836705, 3.3793125168323446, 2.4444444444444446, 5.029060827845706, 3.064129385141706, 3.064129385141706, 3.844588950399102, 3.055555555555556, 3.636661744234032, 3.636661744234032, 3.8025046080984537, 4.346134936801766, 3.666666666666667, 4.2200286699628755, 4.872763811277316, 4.277777777777779, 4.810289896553938, 5.4171652192217365, 4.888888888888889, 5.405187266202352, 5.97448277631164, 5.5, 6.003342690267659, 6.60387091871965, 7.476724909080481, 12.4150530009994, 12.113972165365709], [0.6111111111111112, 2.412032594010268, 0.0, 2.3333333333333335, 1.2297746456210366, 3.5215386648312177, 0.6111111111111112, 2.412032594010268, 1.5365907428821481, 3.640054944640259, 1.2222222222222223, 2.6340599091399333, 1.9891681988853507, 3.853009085422156, 1.8333333333333335, 2.967415635794143, 6.914039633091859, 2.509857110683671, 4.145874045956808, 2.4444444444444446, 3.3793125168323446, 3.064129385141706, 4.503085362035432, 4.833393002657028, 3.055555555555556, 3.844588950399102, 3.6366617442340314, 3.6666666666666674, 4.346134936801767, 4.2200286699628755, 4.277777777777779, 4.872763811277316, 4.810289896553939, 4.888888888888889, 5.4171652192217365, 5.405187266202352, 6.003342690267659, 8.192579950806287, 12.711077919599363, 12.15348591498994], [2.412032594010268, 0.6111111111111112, 2.3333333333333335, 0.0, 1.2297746456210366, 1.2297746456210363, 2.412032594010268, 0.6111111111111112, 1.5365907428821481, 1.5365907428821477, 2.6340599091399333, 1.2222222222222223, 1.9891681988853507, 1.9891681988853507, 2.967415635794143, 1.8333333333333335, 4.735208350667273, 2.509857110683671, 2.5098571106836705, 3.3793125168323446, 2.4444444444444446, 3.064129385141706, 3.064129385141706, 3.255559794531288, 3.844588950399102, 3.055555555555556, 3.6366617442340314, 4.346134936801767, 3.6666666666666674, 4.2200286699628755, 4.872763811277316, 4.277777777777779, 4.810289896553939, 5.4171652192217365, 4.888888888888889, 5.405187266202352, 6.003342690267659, 6.919608660668029, 11.829518208257474, 11.512453697813338], [1.5365907428821481, 1.5365907428821481, 1.2297746456210366, 1.2297746456210366, 0.0, 2.333333333333333, 1.1876421292462196, 1.1876421292462196, 0.6111111111111112, 2.4120325940102676, 1.433720877840438, 1.433720877840438, 1.2222222222222223, 2.634059909139933, 1.8567527741187118, 1.8567527741187118, 5.6846248353145254, 1.8333333333333335, 2.967415635794142, 2.363560820686961, 2.363560820686961, 2.4444444444444446, 3.379312516832344, 3.681216692889975, 2.9107081994288304, 2.9107081994288304, 3.0555555555555554, 3.4792151804113733, 3.4792151804113733, 3.666666666666667, 4.060119197909659, 4.060119197909659, 4.277777777777779, 4.648775226993784, 4.648775226993784, 4.888888888888889, 5.5, 7.171020990955357, 11.863744586518322, 11.406395296932384], [3.640054944640259, 1.5365907428821477, 3.5215386648312177, 1.2297746456210363, 2.333333333333333, 0.0, 3.5070475782414734, 1.1876421292462194, 2.4120325940102676, 0.6111111111111112, 3.5978388574871505, 1.4337208778404378, 2.634059909139933, 1.2222222222222223, 3.7863464914197196, 1.8567527741187115, 3.518189596793102, 2.967415635794142, 1.8333333333333335, 4.058978768357296, 2.3635608206869607, 3.379312516832344, 2.4444444444444446, 2.496554113591558, 4.400126260814695, 2.9107081994288304, 3.844588950399101, 4.795187917120019, 3.4792151804113733, 4.346134936801766, 5.231964907195332, 4.060119197909659, 4.8727638112773155, 5.70087712549569, 4.648775226993784, 5.4171652192217365, 5.97448277631164, 6.13437888164773, 11.16059493127297, 10.971766875611367], [1.2222222222222223, 2.6340599091399333, 0.6111111111111112, 2.412032594010268, 1.1876421292462196, 3.5070475782414734, 0.0, 2.3333333333333335, 1.2297746456210366, 3.5215386648312177, 0.6111111111111112, 2.412032594010268, 1.5365907428821481, 3.640054944640259, 1.2222222222222223, 2.6340599091399333, 6.758816682102634, 1.9891681988853507, 3.853009085422156, 1.8333333333333335, 2.967415635794143, 2.509857110683671, 4.145874045956808, 4.49980330453893, 2.4444444444444446, 3.3793125168323446, 3.0641293851417055, 3.0555555555555562, 3.8445889503991024, 3.636661744234032, 3.666666666666667, 4.346134936801766, 4.220028669962876, 4.277777777777778, 4.8727638112773155, 4.810289896553938, 5.4051872662023515, 7.735945222228988, 12.170553622586128, 11.58630234316137], [2.6340599091399333, 1.2222222222222223, 2.412032594010268, 0.6111111111111112, 1.1876421292462196, 1.1876421292462194, 2.3333333333333335, 0.0, 1.2297746456210366, 1.2297746456210363, 2.412032594010268, 0.6111111111111112, 1.5365907428821481, 1.5365907428821477, 2.6340599091399333, 1.2222222222222223, 4.505536263147033, 1.9891681988853507, 1.9891681988853507, 2.967415635794143, 1.8333333333333335, 2.509857110683671, 2.5098571106836705, 2.7359114454189024, 3.3793125168323446, 2.4444444444444446, 3.0641293851417055, 3.8445889503991024, 3.0555555555555562, 3.636661744234032, 4.346134936801766, 3.666666666666667, 4.220028669962876, 4.8727638112773155, 4.277777777777778, 4.810289896553938, 5.4051872662023515, 6.372398782857704, 11.246705057109525, 10.912001294244048], [1.9891681988853507, 1.9891681988853507, 1.5365907428821481, 1.5365907428821481, 0.6111111111111112, 2.4120325940102676, 1.2297746456210366, 1.2297746456210366, 0.0, 2.333333333333333, 1.1876421292462196, 1.1876421292462196, 0.6111111111111112, 2.4120325940102676, 1.433720877840438, 1.433720877840438, 5.53786304042939, 1.2222222222222223, 2.634059909139933, 1.8567527741187118, 1.8567527741187118, 1.8333333333333335, 2.967415635794142, 3.3035143171163437, 2.363560820686961, 2.363560820686961, 2.444444444444444, 2.910708199428831, 2.910708199428831, 3.055555555555556, 3.4792151804113725, 3.4792151804113725, 3.6666666666666674, 4.060119197909658, 4.060119197909658, 4.277777777777779, 4.888888888888889, 6.6802195267574875, 11.303743532929078, 10.822030512484444], [3.853009085422156, 1.9891681988853507, 3.640054944640259, 1.5365907428821477, 2.4120325940102676, 0.6111111111111112, 3.5215386648312177, 1.2297746456210363, 2.333333333333333, 0.0, 3.5070475782414734, 1.1876421292462194, 2.4120325940102676, 0.6111111111111112, 3.5978388574871505, 1.4337208778404378, 3.275763357640838, 2.634059909139933, 1.2222222222222223, 3.7863464914197196, 1.8567527741187115, 2.967415635794142, 1.8333333333333335, 1.8959517255119611, 4.058978768357296, 2.3635608206869607, 3.3793125168323437, 4.400126260814695, 2.9107081994288304, 3.8445889503991015, 4.795187917120019, 3.4792151804113725, 4.346134936801766, 5.231964907195332, 4.060119197909658, 4.8727638112773155, 5.4171652192217365, 5.552692602382678, 10.563383050143027, 10.36292232509855], [1.8333333333333335, 2.967415635794143, 1.2222222222222223, 2.6340599091399333, 1.433720877840438, 3.5978388574871505, 0.6111111111111112, 2.412032594010268, 1.1876421292462196, 3.5070475782414734, 0.0, 2.3333333333333335, 1.2297746456210366, 3.5215386648312177, 0.6111111111111112, 2.412032594010268, 6.6562884114812535, 1.5365907428821481, 3.640054944640259, 1.2222222222222223, 2.6340599091399333, 1.9891681988853507, 3.853009085422156, 4.22867416824611, 1.8333333333333335, 2.967415635794143, 2.5098571106836705, 2.444444444444445, 3.379312516832345, 3.064129385141706, 3.055555555555556, 3.844588950399102, 3.636661744234032, 3.6666666666666665, 4.346134936801766, 4.2200286699628755, 4.810289896553937, 7.301934284321434, 11.63701691425294, 11.02381502333386], [2.967415635794143, 1.8333333333333335, 2.6340599091399333, 1.2222222222222223, 1.433720877840438, 1.4337208778404378, 2.412032594010268, 0.6111111111111112, 1.1876421292462196, 1.1876421292462194, 2.3333333333333335, 0.0, 1.2297746456210366, 1.2297746456210363, 2.412032594010268, 0.6111111111111112, 4.350221775160859, 1.5365907428821481, 1.5365907428821477, 2.6340599091399333, 1.2222222222222223, 1.9891681988853507, 1.9891681988853507, 2.262447099674732, 2.967415635794143, 1.8333333333333335, 2.5098571106836705, 3.379312516832345, 2.444444444444445, 3.064129385141706, 3.844588950399102, 3.055555555555556, 3.636661744234032, 4.346134936801766, 3.6666666666666665, 4.2200286699628755, 4.810289896553937, 5.837881641399354, 10.667059661592676, 10.312801167826251], [2.509857110683671, 2.509857110683671, 1.9891681988853507, 1.9891681988853507, 1.2222222222222223, 2.634059909139933, 1.5365907428821481, 1.5365907428821481, 0.6111111111111112, 2.4120325940102676, 1.2297746456210366, 1.2297746456210366, 0.0, 2.333333333333333, 1.1876421292462196, 1.1876421292462196, 5.4559882854602915, 0.6111111111111112, 2.4120325940102676, 1.433720877840438, 1.433720877840438, 1.2222222222222223, 2.634059909139933, 3.003659589071376, 1.8567527741187118, 1.8567527741187118, 1.833333333333333, 2.3635608206869616, 2.3635608206869616, 2.4444444444444446, 2.9107081994288304, 2.9107081994288304, 3.0555555555555562, 3.479215180411372, 3.479215180411372, 3.666666666666667, 4.277777777777778, 6.210800059482563, 10.749312242305365, 10.2407884821753], [4.145874045956808, 2.5098571106836705, 3.853009085422156, 1.9891681988853507, 2.634059909139933, 1.2222222222222223, 3.640054944640259, 1.5365907428821477, 2.4120325940102676, 0.6111111111111112, 3.5215386648312177, 1.2297746456210363, 2.333333333333333, 0.0, 3.5070475782414734, 1.1876421292462194, 3.13536388506796, 2.4120325940102676, 0.6111111111111112, 3.5978388574871505, 1.4337208778404378, 2.634059909139933, 1.2222222222222223, 1.3051425321012067, 3.7863464914197196, 1.8567527741187115, 2.967415635794142, 4.058978768357296, 2.363560820686961, 3.379312516832344, 4.400126260814695, 2.9107081994288304, 3.844588950399102, 4.795187917120019, 3.479215180411372, 4.346134936801766, 4.8727638112773155, 4.9780618306477376, 9.967856203235932, 9.754361252257162], [2.4444444444444446, 3.3793125168323446, 1.8333333333333335, 2.967415635794143, 1.8567527741187118, 3.7863464914197196, 1.2222222222222223, 2.6340599091399333, 1.433720877840438, 3.5978388574871505, 0.6111111111111112, 2.412032594010268, 1.1876421292462196, 3.5070475782414734, 0.0, 2.3333333333333335, 6.608907736654924, 1.2297746456210366, 3.5215386648312177, 0.6111111111111112, 2.412032594010268, 1.5365907428821481, 3.640054944640259, 4.032623741820119, 1.2222222222222223, 2.6340599091399333, 1.9891681988853505, 1.833333333333334, 2.967415635794143, 2.509857110683671, 2.4444444444444446, 3.3793125168323446, 3.0641293851417064, 3.0555555555555554, 3.8445889503991015, 3.636661744234032, 4.2200286699628755, 6.8948207869397855, 11.111474403751316, 10.46678111600997], [3.3793125168323446, 2.4444444444444446, 2.967415635794143, 1.8333333333333335, 1.8567527741187118, 1.8567527741187115, 2.6340599091399333, 1.2222222222222223, 1.433720877840438, 1.4337208778404378, 2.412032594010268, 0.6111111111111112, 1.1876421292462196, 1.1876421292462194, 2.3333333333333335, 0.0, 4.277372505157971, 1.2297746456210366, 1.2297746456210363, 2.412032594010268, 0.6111111111111112, 1.5365907428821481, 1.5365907428821477, 1.870571009271227, 2.6340599091399333, 1.2222222222222223, 1.9891681988853505, 2.967415635794143, 1.833333333333334, 2.509857110683671, 3.3793125168323446, 2.4444444444444446, 3.0641293851417064, 3.8445889503991015, 3.0555555555555554, 3.636661744234032, 4.2200286699628755, 5.319884533564221, 10.091127914489507, 9.715085032510014], [7.118510991345596, 5.029060827845706, 6.914039633091859, 4.735208350667273, 5.6846248353145254, 3.518189596793102, 6.758816682102634, 4.505536263147033, 5.53786304042939, 3.275763357640838, 6.6562884114812535, 4.350221775160859, 5.4559882854602915, 3.13536388506796, 6.608907736654924, 4.277372505157971, 0.0, 5.441930068261896, 3.1108361237071684, 6.617859254068637, 4.29119041559868, 5.496208797423258, 3.204841597580346, 2.822989196440833, 6.682916602947654, 4.39085736482267, 5.616843686817325, 6.80247022172768, 4.570760898773409, 5.799695547151882, 6.9737179103600955, 4.821928615143659, 6.039115618814895, 7.1929684727037015, 5.133911717742476, 6.32868707200961, 6.661873327651619, 4.415474042161988, 9.302101559979507, 9.534675209098204], [3.064129385141706, 3.064129385141706, 2.509857110683671, 2.509857110683671, 1.8333333333333335, 2.967415635794142, 1.9891681988853507, 1.9891681988853507, 1.2222222222222223, 2.634059909139933, 1.5365907428821481, 1.5365907428821481, 0.6111111111111112, 2.4120325940102676, 1.2297746456210366, 1.2297746456210366, 5.441930068261896, 0.0, 2.333333333333333, 1.1876421292462196, 1.1876421292462196, 0.6111111111111112, 2.4120325940102676, 2.80671491086913, 1.433720877840438, 1.433720877840438, 1.2222222222222219, 1.856752774118712, 1.856752774118712, 1.8333333333333335, 2.363560820686961, 2.363560820686961, 2.444444444444445, 2.91070819942883, 2.91070819942883, 3.055555555555556, 3.6666666666666665, 5.767985385930872, 10.201358884342953, 9.663232722045517], [4.503085362035432, 3.064129385141706, 4.145874045956808, 2.5098571106836705, 2.967415635794142, 1.8333333333333335, 3.853009085422156, 1.9891681988853507, 2.634059909139933, 1.2222222222222223, 3.640054944640259, 1.5365907428821477, 2.4120325940102676, 0.6111111111111112, 3.5215386648312177, 1.2297746456210363, 3.1108361237071684, 2.333333333333333, 0.0, 3.5070475782414734, 1.1876421292462194, 2.4120325940102676, 0.6111111111111112, 0.7477129749939005, 3.5978388574871505, 1.4337208778404378, 2.6340599091399324, 3.7863464914197196, 1.8567527741187118, 2.967415635794142, 4.058978768357296, 2.3635608206869607, 3.3793125168323446, 4.400126260814695, 2.91070819942883, 3.8445889503991015, 4.346134936801765, 4.413243435750559, 9.374335533411209, 9.146140242927222], [3.055555555555556, 3.844588950399102, 2.4444444444444446, 3.3793125168323446, 2.363560820686961, 4.058978768357296, 1.8333333333333335, 2.967415635794143, 1.8567527741187118, 3.7863464914197196, 1.2222222222222223, 2.6340599091399333, 1.433720877840438, 3.5978388574871505, 0.6111111111111112, 2.412032594010268, 6.617859254068637, 1.1876421292462196, 3.5070475782414734, 0.0, 2.3333333333333335, 1.2297746456210366, 3.5215386648312177, 3.9229245270891444, 0.6111111111111112, 2.412032594010268, 1.5365907428821477, 1.2222222222222228, 2.6340599091399333, 1.9891681988853507, 1.8333333333333335, 2.967415635794143, 2.509857110683671, 2.444444444444444, 3.379312516832344, 3.064129385141706, 3.6366617442340314, 6.519645439418625, 10.595115750574848, 9.91611969333224], [3.844588950399102, 3.055555555555556, 3.3793125168323446, 2.4444444444444446, 2.363560820686961, 2.3635608206869607, 2.967415635794143, 1.8333333333333335, 1.8567527741187118, 1.8567527741187115, 2.6340599091399333, 1.2222222222222223, 1.433720877840438, 1.4337208778404378, 2.412032594010268, 0.6111111111111112, 4.29119041559868, 1.1876421292462196, 1.1876421292462194, 2.3333333333333335, 0.0, 1.2297746456210366, 1.2297746456210363, 1.6205920223400654, 2.412032594010268, 0.6111111111111112, 1.5365907428821477, 2.6340599091399333, 1.2222222222222228, 1.9891681988853507, 2.967415635794143, 1.8333333333333335, 2.509857110683671, 3.379312516832344, 2.444444444444444, 3.064129385141706, 3.6366617442340314, 4.823732416103833, 9.5195838632499, 9.119144698431352], [3.636661744234032, 3.636661744234032, 3.064129385141706, 3.064129385141706, 2.4444444444444446, 3.379312516832344, 2.509857110683671, 2.509857110683671, 1.8333333333333335, 2.967415635794142, 1.9891681988853507, 1.9891681988853507, 1.2222222222222223, 2.634059909139933, 1.5365907428821481, 1.5365907428821481, 5.496208797423258, 0.6111111111111112, 2.4120325940102676, 1.2297746456210366, 1.2297746456210366, 0.0, 2.333333333333333, 2.735002712067522, 1.1876421292462196, 1.1876421292462196, 0.6111111111111107, 1.4337208778404382, 1.4337208778404382, 1.2222222222222223, 1.8567527741187118, 1.8567527741187118, 1.833333333333334, 2.3635608206869607, 2.3635608206869607, 2.4444444444444446, 3.0555555555555554, 5.358375409207769, 9.660985771234568, 9.09006590319427], [4.910620890566101, 3.636661744234032, 4.503085362035432, 3.064129385141706, 3.379312516832344, 2.4444444444444446, 4.145874045956808, 2.5098571106836705, 2.967415635794142, 1.8333333333333335, 3.853009085422156, 1.9891681988853507, 2.634059909139933, 1.2222222222222223, 3.640054944640259, 1.5365907428821477, 3.204841597580346, 2.4120325940102676, 0.6111111111111112, 3.5215386648312177, 1.2297746456210363, 2.333333333333333, 0.0, 0.40207702880893764, 3.5070475782414734, 1.1876421292462194, 2.4120325940102676, 3.5978388574871505, 1.433720877840438, 2.634059909139933, 3.7863464914197196, 1.8567527741187115, 2.967415635794143, 4.058978768357296, 2.3635608206869607, 3.379312516832344, 3.844588950399101, 3.8625443993416844, 8.78322774826031, 8.53833196984614], [5.217476366690634, 3.8025046080984537, 4.833393002657028, 3.255559794531288, 3.681216692889975, 2.496554113591558, 4.49980330453893, 2.7359114454189024, 3.3035143171163437, 1.8959517255119611, 4.22867416824611, 2.262447099674732, 3.003659589071376, 1.3051425321012067, 4.032623741820119, 1.870571009271227, 2.822989196440833, 2.80671491086913, 0.7477129749939005, 3.9229245270891444, 1.6205920223400654, 2.735002712067522, 0.40207702880893764, 0.0, 3.90685718034724, 1.581301579479848, 2.7981680899090406, 3.9855542638723285, 1.7668119446917874, 2.9876684996834286, 4.153632883772701, 2.1188788995109187, 3.2816908825882685, 4.4008638988602975, 2.569938659564959, 3.655097893897264, 4.086184009479795, 3.675574870157385, 8.667477181478397, 8.484993626622101], [3.666666666666667, 4.346134936801766, 3.055555555555556, 3.844588950399102, 2.9107081994288304, 4.400126260814695, 2.4444444444444446, 3.3793125168323446, 2.363560820686961, 4.058978768357296, 1.8333333333333335, 2.967415635794143, 1.8567527741187118, 3.7863464914197196, 1.2222222222222223, 2.6340599091399333, 6.682916602947654, 1.433720877840438, 3.5978388574871505, 0.6111111111111112, 2.412032594010268, 1.1876421292462196, 3.5070475782414734, 3.90685718034724, 0.0, 2.3333333333333335, 1.2297746456210363, 0.6111111111111116, 2.412032594010268, 1.5365907428821481, 1.2222222222222223, 2.6340599091399333, 1.9891681988853511, 1.833333333333333, 2.9674156357941426, 2.509857110683671, 3.0641293851417055, 6.18222558693017, 10.089351103573742, 9.372953973788995], [4.346134936801766, 3.666666666666667, 3.844588950399102, 3.055555555555556, 2.9107081994288304, 2.9107081994288304, 3.3793125168323446, 2.4444444444444446, 2.363560820686961, 2.3635608206869607, 2.967415635794143, 1.8333333333333335, 1.8567527741187118, 1.8567527741187115, 2.6340599091399333, 1.2222222222222223, 4.39085736482267, 1.433720877840438, 1.4337208778404378, 2.412032594010268, 0.6111111111111112, 1.1876421292462196, 1.1876421292462194, 1.581301579479848, 2.3333333333333335, 0.0, 1.2297746456210363, 2.412032594010268, 0.6111111111111116, 1.5365907428821481, 2.6340599091399333, 1.2222222222222223, 1.9891681988853511, 2.9674156357941426, 1.833333333333333, 2.509857110683671, 3.0641293851417055, 4.356894648041531, 8.953267830940463, 8.525352570609856], [4.2200286699628755, 4.2200286699628755, 3.6366617442340314, 3.6366617442340314, 3.0555555555555554, 3.844588950399101, 3.0641293851417055, 3.0641293851417055, 2.444444444444444, 3.3793125168323437, 2.5098571106836705, 2.5098571106836705, 1.833333333333333, 2.967415635794142, 1.9891681988853505, 1.9891681988853505, 5.616843686817325, 1.2222222222222219, 2.6340599091399324, 1.5365907428821477, 1.5365907428821477, 0.6111111111111107, 2.4120325940102676, 2.7981680899090406, 1.2297746456210363, 1.2297746456210363, 0.0, 1.1876421292462198, 1.1876421292462198, 0.6111111111111116, 1.4337208778404382, 1.4337208778404382, 1.2222222222222232, 1.8567527741187118, 1.8567527741187118, 1.833333333333334, 2.4444444444444446, 4.990153526690321, 9.12953901558439, 8.522173618782112], [4.277777777777779, 4.872763811277316, 3.6666666666666674, 4.346134936801767, 3.4792151804113733, 4.795187917120019, 3.0555555555555562, 3.8445889503991024, 2.910708199428831, 4.400126260814695, 2.444444444444445, 3.379312516832345, 2.3635608206869616, 4.058978768357296, 1.833333333333334, 2.967415635794143, 6.80247022172768, 1.856752774118712, 3.7863464914197196, 1.2222222222222228, 2.6340599091399333, 1.4337208778404382, 3.5978388574871505, 3.9855542638723285, 0.6111111111111116, 2.412032594010268, 1.1876421292462198, 0.0, 2.3333333333333335, 1.2297746456210363, 0.6111111111111107, 2.412032594010268, 1.5365907428821481, 1.2222222222222214, 2.634059909139933, 1.9891681988853505, 2.50985711068367, 5.889054537012118, 9.595855730185667, 8.838665973849743], [4.872763811277316, 4.277777777777779, 4.346134936801767, 3.6666666666666674, 3.4792151804113733, 3.4792151804113733, 3.8445889503991024, 3.0555555555555562, 2.910708199428831, 2.9107081994288304, 3.379312516832345, 2.444444444444445, 2.3635608206869616, 2.363560820686961, 2.967415635794143, 1.833333333333334, 4.570760898773409, 1.856752774118712, 1.8567527741187118, 2.6340599091399333, 1.2222222222222228, 1.4337208778404382, 1.433720877840438, 1.7668119446917874, 2.412032594010268, 0.6111111111111116, 1.1876421292462198, 2.3333333333333335, 0.0, 1.2297746456210363, 2.412032594010268, 0.6111111111111107, 1.5365907428821481, 2.634059909139933, 1.2222222222222214, 1.9891681988853505, 2.50985711068367, 3.929832198242295, 8.3932381329202, 7.934190976761676], [4.810289896553938, 4.810289896553938, 4.2200286699628755, 4.2200286699628755, 3.666666666666667, 4.346134936801766, 3.636661744234032, 3.636661744234032, 3.055555555555556, 3.8445889503991015, 3.064129385141706, 3.064129385141706, 2.4444444444444446, 3.379312516832344, 2.509857110683671, 2.509857110683671, 5.799695547151882, 1.8333333333333335, 2.967415635794142, 1.9891681988853507, 1.9891681988853507, 1.2222222222222223, 2.634059909139933, 2.9876684996834286, 1.5365907428821481, 1.5365907428821481, 0.6111111111111116, 1.2297746456210363, 1.2297746456210363, 0.0, 1.1876421292462196, 1.1876421292462196, 0.6111111111111116, 1.4337208778404378, 1.4337208778404378, 1.2222222222222223, 1.833333333333333, 4.6731136294898805, 8.608671952305146, 7.96068475906209], [4.888888888888889, 5.4171652192217365, 4.277777777777779, 4.872763811277316, 4.060119197909659, 5.231964907195332, 3.666666666666667, 4.346134936801766, 3.4792151804113725, 4.795187917120019, 3.055555555555556, 3.844588950399102, 2.9107081994288304, 4.400126260814695, 2.4444444444444446, 3.3793125168323446, 6.9737179103600955, 2.363560820686961, 4.058978768357296, 1.8333333333333335, 2.967415635794143, 1.8567527741187118, 3.7863464914197196, 4.153632883772701, 1.2222222222222223, 2.6340599091399333, 1.4337208778404382, 0.6111111111111107, 2.412032594010268, 1.1876421292462196, 0.0, 2.3333333333333335, 1.2297746456210366, 0.6111111111111107, 2.412032594010268, 1.5365907428821481, 1.9891681988853505, 5.647028161109068, 9.11662230643216, 8.314967214611162], [5.4171652192217365, 4.888888888888889, 4.872763811277316, 4.277777777777779, 4.060119197909659, 4.060119197909659, 4.346134936801766, 3.666666666666667, 3.4792151804113725, 3.4792151804113725, 3.844588950399102, 3.055555555555556, 2.9107081994288304, 2.9107081994288304, 3.3793125168323446, 2.4444444444444446, 4.821928615143659, 2.363560820686961, 2.3635608206869607, 2.967415635794143, 1.8333333333333335, 1.8567527741187118, 1.8567527741187115, 2.1188788995109187, 2.6340599091399333, 1.2222222222222223, 1.4337208778404382, 2.412032594010268, 0.6111111111111107, 1.1876421292462196, 2.3333333333333335, 0.0, 1.2297746456210366, 2.412032594010268, 0.6111111111111107, 1.5365907428821481, 1.9891681988853505, 3.5569010133538597, 7.840841883337851, 7.346294987168407], [5.405187266202352, 5.405187266202352, 4.810289896553939, 4.810289896553939, 4.277777777777779, 4.8727638112773155, 4.220028669962876, 4.220028669962876, 3.6666666666666674, 4.346134936801766, 3.636661744234032, 3.636661744234032, 3.0555555555555562, 3.844588950399102, 3.0641293851417064, 3.0641293851417064, 6.039115618814895, 2.444444444444445, 3.3793125168323446, 2.509857110683671, 2.509857110683671, 1.833333333333334, 2.967415635794143, 3.2816908825882685, 1.9891681988853511, 1.9891681988853511, 1.2222222222222232, 1.5365907428821481, 1.5365907428821481, 0.6111111111111116, 1.2297746456210366, 1.2297746456210366, 0.0, 1.1876421292462194, 1.1876421292462194, 0.6111111111111107, 1.2222222222222214, 4.418287377316605, 8.10042569918272, 7.4070556942626], [5.5, 5.97448277631164, 4.888888888888889, 5.4171652192217365, 4.648775226993784, 5.70087712549569, 4.277777777777778, 4.8727638112773155, 4.060119197909658, 5.231964907195332, 3.6666666666666665, 4.346134936801766, 3.479215180411372, 4.795187917120019, 3.0555555555555554, 3.8445889503991015, 7.1929684727037015, 2.91070819942883, 4.400126260814695, 2.444444444444444, 3.379312516832344, 2.3635608206869607, 4.058978768357296, 4.4008638988602975, 1.833333333333333, 2.9674156357941426, 1.8567527741187118, 1.2222222222222214, 2.634059909139933, 1.4337208778404378, 0.6111111111111107, 2.412032594010268, 1.1876421292462194, 0.0, 2.3333333333333335, 1.2297746456210366, 1.5365907428821481, 5.462948319823429, 8.654020507370122, 7.80398980926261], [5.97448277631164, 5.5, 5.4171652192217365, 4.888888888888889, 4.648775226993784, 4.648775226993784, 4.8727638112773155, 4.277777777777778, 4.060119197909658, 4.060119197909658, 4.346134936801766, 3.6666666666666665, 3.479215180411372, 3.479215180411372, 3.8445889503991015, 3.0555555555555554, 5.133911717742476, 2.91070819942883, 2.91070819942883, 3.379312516832344, 2.444444444444444, 2.3635608206869607, 2.3635608206869607, 2.569938659564959, 2.9674156357941426, 1.833333333333333, 1.8567527741187118, 2.634059909139933, 1.2222222222222214, 1.4337208778404378, 2.412032594010268, 0.6111111111111107, 1.1876421292462194, 2.3333333333333335, 0.0, 1.2297746456210366, 1.5365907428821481, 3.2567502378138355, 7.297812693084913, 6.7625163365060965], [6.003342690267659, 6.003342690267659, 5.405187266202352, 5.405187266202352, 4.888888888888889, 5.4171652192217365, 4.810289896553938, 4.810289896553938, 4.277777777777779, 4.8727638112773155, 4.2200286699628755, 4.2200286699628755, 3.666666666666667, 4.346134936801766, 3.636661744234032, 3.636661744234032, 6.32868707200961, 3.055555555555556, 3.8445889503991015, 3.064129385141706, 3.064129385141706, 2.4444444444444446, 3.379312516832344, 3.655097893897264, 2.509857110683671, 2.509857110683671, 1.833333333333334, 1.9891681988853505, 1.9891681988853505, 1.2222222222222223, 1.5365907428821481, 1.5365907428821481, 0.6111111111111107, 1.2297746456210366, 1.2297746456210366, 0.0, 0.6111111111111107, 4.236915066794862, 7.607330268484563, 6.863188753261818], [6.60387091871965, 6.60387091871965, 6.003342690267659, 6.003342690267659, 5.5, 5.97448277631164, 5.4051872662023515, 5.4051872662023515, 4.888888888888889, 5.4171652192217365, 4.810289896553937, 4.810289896553937, 4.277777777777778, 4.8727638112773155, 4.2200286699628755, 4.2200286699628755, 6.661873327651619, 3.6666666666666665, 4.346134936801765, 3.6366617442340314, 3.6366617442340314, 3.0555555555555554, 3.844588950399101, 4.086184009479795, 3.0641293851417055, 3.0641293851417055, 2.4444444444444446, 2.50985711068367, 2.50985711068367, 1.833333333333333, 1.9891681988853505, 1.9891681988853505, 1.2222222222222214, 1.5365907428821481, 1.5365907428821481, 0.6111111111111107, 0.0, 4.138665098574454, 7.1325286329512805, 6.331600054341549], [8.668263816914301, 7.476724909080481, 8.192579950806287, 6.919608660668029, 7.171020990955357, 6.13437888164773, 7.735945222228988, 6.372398782857704, 6.6802195267574875, 5.552692602382678, 7.301934284321434, 5.837881641399354, 6.210800059482563, 4.9780618306477376, 6.8948207869397855, 5.319884533564221, 4.415474042161988, 5.767985385930872, 4.413243435750559, 6.519645439418625, 4.823732416103833, 5.358375409207769, 3.8625443993416844, 3.675574870157385, 6.18222558693017, 4.356894648041531, 4.990153526690321, 5.889054537012118, 3.929832198242295, 4.6731136294898805, 5.647028161109068, 3.5569010133538597, 4.418287377316605, 5.462948319823429, 3.2567502378138355, 4.236915066794862, 4.138665098574454, 0.0, 5.0788026880022725, 5.140021045236139], [13.257735170693957, 12.4150530009994, 12.711077919599363, 11.829518208257474, 11.863744586518322, 11.16059493127297, 12.170553622586128, 11.246705057109525, 11.303743532929078, 10.563383050143027, 11.63701691425294, 10.667059661592676, 10.749312242305365, 9.967856203235932, 11.111474403751316, 10.091127914489507, 9.302101559979507, 10.201358884342953, 9.374335533411209, 10.595115750574848, 9.5195838632499, 9.660985771234568, 8.78322774826031, 8.667477181478397, 10.089351103573742, 8.953267830940463, 9.12953901558439, 9.595855730185667, 8.3932381329202, 8.608671952305146, 9.11662230643216, 7.840841883337851, 8.10042569918272, 8.654020507370122, 7.297812693084913, 7.607330268484563, 7.1325286329512805, 5.0788026880022725, 0.0, 1.3850675949712399], [12.72473777194713, 12.113972165365709, 12.15348591498994, 11.512453697813338, 11.406395296932384, 10.971766875611367, 11.58630234316137, 10.912001294244048, 10.822030512484444, 10.36292232509855, 11.02381502333386, 10.312801167826251, 10.2407884821753, 9.754361252257162, 10.46678111600997, 9.715085032510014, 9.534675209098204, 9.663232722045517, 9.146140242927222, 9.91611969333224, 9.119144698431352, 9.09006590319427, 8.53833196984614, 8.484993626622101, 9.372953973788995, 8.525352570609856, 8.522173618782112, 8.838665973849743, 7.934190976761676, 7.96068475906209, 8.314967214611162, 7.346294987168407, 7.4070556942626, 7.80398980926261, 6.7625163365060965, 6.863188753261818, 6.331600054341549, 5.140021045236139, 1.3850675949712399, 0.0]];