totalHoles = 40;
zeroHoleID = 30;
C = [[0.0, 0.5, 2.666666666666667, 4.833333333333334, 7.0, 7.305321936582311, 1.5, 2.6352313834736494, 4.585605497399201, 6.670832032063167, 2.883643517412995, 4.460987183308099, 2.3537204591879637, 3.521521135973929, 5.352673267733714, 7.368174807915458, 7.317815549906642, 5.317058501757444, 6.672414189115594, 8.37615663654877, 8.355387483534201, 6.75, 7.089213245801289, 8.021239167222094, 9.370832406995657, 7.397371905691312, 8.42443535859295, 9.829038610159184, 7.812428433256772, 9.578680029686298, 10.392358303634026, 11.56027681329474, 11.5, 11.805130711309854, 12.47441826744282, 13.46291201783626, 12.0, 12.194033149226899, 12.758439472669759, 13.647344063956181], [0.5, 0.0, 2.166666666666667, 4.333333333333334, 6.5, 6.812048529269995, 1.5811388300841898, 2.2422706745122847, 4.1163630117428225, 6.18465843842649, 2.562734596000931, 4.036291451773056, 2.3, 3.1598171536410846, 4.905892149016097, 6.8949256703752795, 6.885014018094101, 5.08472658502347, 6.319634307282169, 7.963039620647382, 7.9726093595509875, 6.768493185340442, 6.952717294538717, 7.762534666231414, 9.031195934094221, 7.232181167838955, 8.147869523855777, 9.479451460923253, 7.723864936270249, 9.45169003112377, 10.16945317004694, 11.26454615153225, 11.510864433221338, 11.702326454361305, 12.289335937217185, 13.209844813622906, 12.010412149464313, 12.115187896924166, 12.597398320464606, 13.416407864998739], [2.666666666666667, 2.166666666666667, 0.0, 2.166666666666667, 4.333333333333333, 4.6910178075753075, 3.05959329178097, 1.5811388300841898, 2.2422706745122847, 4.1163630117428225, 2.184404718623997, 2.5360353458712273, 3.1598171536410846, 2.3, 3.1598171536410846, 4.905892149016097, 5.152103269896963, 4.6, 5.08472658502347, 6.319634307282168, 6.5005341660854645, 7.257658789934335, 6.768493185340442, 6.952717294538717, 7.762534666231414, 6.8999999999999995, 7.232181167838955, 8.147869523855777, 7.711901448872999, 9.2, 9.45169003112377, 10.16945317004694, 11.805130711309854, 11.5, 11.702326454361305, 12.289335937217185, 12.292725943057183, 12.010412149464313, 12.115187896924166, 12.597398320464606], [4.833333333333334, 4.333333333333334, 2.166666666666667, 0.0, 2.166666666666666, 2.645029275024506, 5.060742150229659, 3.0595932917809705, 1.58113883008419, 2.2422706745122847, 3.516323112121866, 2.4413501912362015, 4.905892149016097, 3.1598171536410846, 2.3, 3.159817153641084, 3.8825001052031616, 5.08472658502347, 4.6, 5.08472658502347, 5.50820095655358, 8.302024518821366, 7.257658789934335, 6.768493185340442, 6.952717294538717, 7.232181167838955, 6.8999999999999995, 7.232181167838955, 8.287197792342281, 9.45169003112377, 9.2, 9.45169003112377, 12.47441826744282, 11.702326454361305, 11.5, 11.702326454361305, 12.936812246883353, 12.292725943057183, 12.010412149464313, 12.115187896924166], [7.0, 6.5, 4.333333333333333, 2.166666666666666, 0.0, 1.1728599871142253, 7.158910531638177, 5.060742150229659, 3.05959329178097, 1.5811388300841898, 5.4172245081616195, 3.8571745003148052, 6.8949256703752795, 4.905892149016097, 3.159817153641084, 2.3, 3.604488163250233, 6.319634307282168, 5.08472658502347, 4.6, 5.273755777432247, 9.724325169388361, 8.302024518821366, 7.257658789934335, 6.768493185340442, 8.147869523855777, 7.232181167838955, 6.8999999999999995, 9.341882006885177, 10.16945317004694, 9.45169003112377, 9.2, 13.46291201783626, 12.289335937217185, 11.702326454361305, 11.5, 13.892443989449804, 12.936812246883353, 12.292725943057183, 12.010412149464313], [7.305321936582311, 6.812048529269995, 4.6910178075753075, 2.645029275024506, 1.1728599871142253, 0.0, 7.222053736595686, 5.058956059649874, 2.901189676934196, 0.7935083859164876, 5.29753686742071, 3.5261002487444766, 6.810960303078841, 4.68943740292745, 2.642225378487417, 1.1665228820558509, 2.5356032136911164, 5.705786382345667, 4.188857843817248, 3.4533969825877526, 4.158483437676799, 9.13026399915978, 7.536358333674535, 6.294486640038803, 5.6421020974985225, 7.3281084411973305, 6.220265679269302, 5.750750021026171, 8.56265777626625, 9.24263752458863, 8.39147664035847, 8.049614952860713, 12.613231307719774, 11.30183717348291, 10.617064344284072, 10.348984296746474, 13.026526060866365, 11.963501053354868, 11.222710126422424, 10.870233511690293], [1.5, 1.5811388300841898, 3.05959329178097, 5.060742150229659, 7.158910531638177, 7.222053736595686, 0.0, 2.1666666666666665, 4.333333333333333, 6.5, 2.080135864203931, 3.9287700481750574, 0.9433981132056602, 2.78408173570948, 4.899092886556767, 7.045565981523415, 6.718582108820733, 4.089145523347281, 5.742047640964947, 7.6557168181692825, 7.504165509901817, 5.25, 5.679519737129579, 6.807369372803107, 8.355387483534201, 6.022550216570312, 7.247145031742576, 8.840814442120138, 6.352949585783812, 8.148687692574253, 9.091265649573282, 10.406248123122953, 10.0, 10.349449797506683, 11.106804721030757, 12.206555615733702, 10.5, 10.721214690716927, 11.359039474259157, 12.349089035228468], [2.6352313834736494, 2.2422706745122847, 1.5811388300841898, 3.0595932917809705, 5.060742150229659, 5.058956059649874, 2.1666666666666665, 0.0, 2.1666666666666665, 4.333333333333334, 0.6035842212048749, 1.846183635671904, 1.848723283181606, 0.9433981132056605, 2.784081735709481, 4.899092886556767, 4.702491782090649, 3.140063693621516, 4.089145523347281, 5.742047640964947, 5.730643748984732, 5.679519737129579, 5.25, 5.679519737129579, 6.807369372803109, 5.423098745182499, 6.022550216570312, 7.247145031742576, 6.165114449564459, 7.71621668954417, 8.148687692574253, 9.091265649573282, 10.232030318780552, 10.012492197250394, 10.349449797506683, 11.106804721030757, 10.721214690716927, 10.5, 10.721214690716927, 11.359039474259157], [4.585605497399201, 4.1163630117428225, 2.2422706745122847, 1.58113883008419, 3.05959329178097, 2.901189676934196, 4.333333333333333, 2.1666666666666665, 0.0, 2.166666666666667, 2.406356478063141, 0.8777487286786023, 3.9159219150085773, 1.8487232831816058, 0.9433981132056607, 2.78408173570948, 2.911425983462916, 3.5196275055434167, 3.1400636936215163, 4.089145523347281, 4.330928820062095, 6.807369372803107, 5.679519737129579, 5.25, 5.679519737129579, 5.651351854006063, 5.423098745182499, 6.022550216570312, 6.711646057550648, 7.878310591603873, 7.71621668954417, 8.148687692574253, 10.89852181618121, 10.137937550497032, 10.012492197250394, 10.349449797506683, 11.359039474259157, 10.721214690716927, 10.5, 10.721214690716927], [6.670832032063167, 6.18465843842649, 4.1163630117428225, 2.2422706745122847, 1.5811388300841898, 0.7935083859164876, 6.5, 4.333333333333334, 2.166666666666667, 0.0, 4.539347747841564, 2.7425135430221608, 6.053098380168622, 3.9159219150085773, 1.8487232831816058, 0.9433981132056602, 2.056273922079647, 4.929953797394499, 3.5196275055434167, 3.140063693621516, 3.75, 8.355387483534201, 6.807369372803109, 5.679519737129579, 5.25, 6.622268829067908, 5.651351854006063, 5.423098745182499, 7.840448859365815, 8.60142107122099, 7.878310591603873, 7.71621668954417, 11.926860441876563, 10.709549217611563, 10.137937550497032, 10.012492197250394, 12.349089035228468, 11.359039474259157, 10.721214690716927, 10.5], [2.883643517412995, 2.562734596000931, 2.184404718623997, 3.516323112121866, 5.4172245081616195, 5.29753686742071, 2.080135864203931, 0.6035842212048749, 2.406356478063141, 4.539347747841564, 0.0, 1.867739289485675, 1.5139381435575685, 0.7042897611958199, 2.8441041334347945, 5.007067152016775, 4.639655400481784, 2.607762289915196, 3.7938540318256004, 5.601349976370327, 5.506549842769781, 5.0798566600496216, 4.6735738343574456, 5.22192780231779, 6.487191722844126, 4.8667056880072606, 5.592649506966966, 6.946907344334049, 5.574294322749297, 7.151868591260658, 7.664341367707752, 8.701949307123135, 9.630025981294672, 9.444237631468154, 9.838014469075294, 10.666223410219725, 10.119679943543352, 9.921959023211778, 10.19173726337775, 10.894339581729605], [4.460987183308099, 4.036291451773056, 2.5360353458712273, 2.4413501912362015, 3.8571745003148052, 3.5261002487444766, 3.9287700481750574, 1.846183635671904, 0.8777487286786023, 2.7425135430221608, 1.867739289485675, 0.0, 3.359322961711233, 1.1936822663222741, 0.9765207799494712, 3.1418461457084197, 2.8587977721309477, 2.645426133982267, 2.5547984090916462, 3.929961740364267, 4.005739524501782, 5.936718802312566, 4.81848420801779, 4.536500730407855, 5.227884522438696, 4.811619426739863, 4.762394039610886, 5.621209954996435, 5.846150556855632, 7.062937319926075, 7.029494936760774, 7.637499815749594, 10.033315356190073, 9.33801293973341, 9.312744017923475, 9.779816231044384, 10.496619750378006, 9.907178514047828, 9.773138437742766, 10.112624418332176], [2.3537204591879637, 2.3, 3.1598171536410846, 4.905892149016097, 6.8949256703752795, 6.810960303078841, 0.9433981132056602, 1.848723283181606, 3.9159219150085773, 6.053098380168622, 1.5139381435575685, 3.359322961711233, 0.0, 2.166666666666667, 4.333333333333334, 6.5, 6.028800082061815, 3.1598171536410846, 4.905892149016097, 6.8949256703752795, 6.685992820815769, 4.47800178651148, 4.7518709765499505, 5.873409950313739, 7.470107094279171, 5.08472658502347, 6.319634307282169, 7.963039620647382, 5.458740653578551, 7.232181167838955, 8.147869523855777, 9.479451460923253, 9.213576938409968, 9.45169003112377, 10.16945317004694, 11.26454615153225, 9.712878049270463, 9.842142946420651, 10.429978161264023, 11.405700329221348], [3.521521135973929, 3.1598171536410846, 2.3, 3.1598171536410846, 4.905892149016097, 4.68943740292745, 2.78408173570948, 0.9433981132056605, 1.8487232831816058, 3.9159219150085773, 0.7042897611958199, 1.1936822663222741, 2.166666666666667, 0.0, 2.166666666666667, 4.333333333333333, 3.935375522589837, 2.3, 3.1598171536410846, 4.905892149016097, 4.837038809482972, 5.187832987973988, 4.47800178651148, 4.7518709765499505, 5.873409950313739, 4.6, 5.08472658502347, 6.319634307282168, 5.441799695543343, 6.8999999999999995, 7.232181167838955, 8.147869523855777, 9.578680029686298, 9.2, 9.45169003112377, 10.16945317004694, 10.059876297008383, 9.712878049270463, 9.842142946420651, 10.429978161264023], [5.352673267733714, 4.905892149016097, 3.1598171536410846, 2.3, 3.159817153641084, 2.642225378487417, 4.899092886556767, 2.784081735709481, 0.9433981132056607, 1.8487232831816058, 2.8441041334347945, 0.9765207799494712, 4.333333333333334, 2.166666666666667, 0.0, 2.166666666666666, 2.004200455797478, 3.1598171536410846, 2.3, 3.159817153641084, 3.3882558607309714, 6.569901910311228, 5.187832987973988, 4.47800178651148, 4.7518709765499505, 5.08472658502347, 4.6, 5.08472658502347, 6.230361724546094, 7.232181167838955, 6.8999999999999995, 7.232181167838955, 10.392358303634026, 9.45169003112377, 9.2, 9.45169003112377, 10.837486383433712, 10.059876297008383, 9.712878049270463, 9.842142946420651], [7.368174807915458, 6.8949256703752795, 4.905892149016097, 3.159817153641084, 2.3, 1.1665228820558509, 7.045565981523415, 4.899092886556767, 2.78408173570948, 0.9433981132056602, 5.007067152016775, 3.1418461457084197, 6.5, 4.333333333333333, 2.166666666666666, 0.0, 1.3911676100050978, 4.905892149016097, 3.159817153641084, 2.3, 2.992072860075436, 8.29472724084403, 6.569901910311228, 5.187832987973988, 4.47800178651148, 6.319634307282168, 5.08472658502347, 4.6, 7.576972970774753, 8.147869523855777, 7.232181167838955, 6.8999999999999995, 11.56027681329474, 10.16945317004694, 9.45169003112377, 9.2, 11.96202324023825, 10.837486383433712, 10.059876297008383, 9.712878049270463], [7.317815549906642, 6.885014018094101, 5.152103269896963, 3.8825001052031616, 3.604488163250233, 2.5356032136911164, 6.718582108820733, 4.702491782090649, 2.911425983462916, 2.056273922079647, 4.639655400481784, 2.8587977721309477, 6.028800082061815, 3.935375522589837, 2.004200455797478, 1.3911676100050978, 0.0, 3.8742990209734054, 1.8814440908873893, 1.20762565360444, 1.699430866172943, 7.151088694020873, 5.302089485987312, 3.804618931505508, 3.1979659784637984, 5.011307743895973, 3.6936221067200865, 3.4002017762714916, 6.282673568882096, 6.767290277810462, 5.858827243345513, 5.6784139087843934, 10.201249257960356, 8.778338687033228, 8.098695516407803, 7.969152835753141, 10.595366603687683, 9.446474309190933, 8.694759868493046, 8.446934968152592], [5.317058501757444, 5.08472658502347, 4.6, 5.08472658502347, 6.319634307282168, 5.705786382345667, 4.089145523347281, 3.140063693621516, 3.5196275055434167, 4.929953797394499, 2.607762289915196, 2.645426133982267, 3.1598171536410846, 2.3, 3.1598171536410846, 4.905892149016097, 3.8742990209734054, 0.0, 2.166666666666667, 4.333333333333333, 3.8880514971440956, 3.425435900890734, 2.207374005464412, 2.720345157838942, 4.395104599943492, 2.3, 3.1598171536410846, 4.905892149016097, 3.2144896788917827, 4.6, 5.08472658502347, 6.319634307282168, 7.397371905691313, 6.9, 7.232181167838957, 8.147869523855778, 7.865819163387315, 7.416872656315464, 7.585366027936805, 8.333933311734889], [6.672414189115594, 6.319634307282169, 5.08472658502347, 4.6, 5.08472658502347, 4.188857843817248, 5.742047640964947, 4.089145523347281, 3.1400636936215163, 3.5196275055434167, 3.7938540318256004, 2.5547984090916462, 4.905892149016097, 3.1598171536410846, 2.3, 3.159817153641084, 1.8814440908873893, 2.166666666666667, 0.0, 2.166666666666666, 1.7889320215642002, 5.289953791018512, 3.4254359008907342, 2.207374005464412, 2.720345157838942, 3.1598171536410846, 2.3, 3.159817153641084, 4.42008678511804, 5.08472658502347, 4.6, 5.08472658502347, 8.42443535859295, 7.232181167838957, 6.9, 7.232181167838957, 8.838614773317769, 7.865819163387315, 7.416872656315464, 7.585366027936805], [8.37615663654877, 7.963039620647382, 6.319634307282168, 5.08472658502347, 4.6, 3.4533969825877526, 7.6557168181692825, 5.742047640964947, 4.089145523347281, 3.140063693621516, 5.601349976370327, 3.929961740364267, 6.8949256703752795, 4.905892149016097, 3.159817153641084, 2.3, 1.20762565360444, 4.333333333333333, 2.166666666666666, 0.0, 0.8200609733428366, 7.3227385587633815, 5.289953791018512, 3.425435900890734, 2.2073740054644118, 4.905892149016097, 3.159817153641084, 2.3, 6.174972013631913, 6.319634307282168, 5.08472658502347, 4.6, 9.829038610159186, 8.147869523855778, 7.232181167838957, 6.9, 10.186265262597475, 8.838614773317769, 7.865819163387315, 7.416872656315464], [8.355387483534201, 7.9726093595509875, 6.5005341660854645, 5.50820095655358, 5.273755777432247, 4.158483437676799, 7.504165509901817, 5.730643748984732, 4.330928820062095, 3.75, 5.506549842769781, 4.005739524501782, 6.685992820815769, 4.837038809482972, 3.3882558607309714, 2.992072860075436, 1.699430866172943, 3.8880514971440956, 1.7889320215642002, 0.8200609733428366, 0.0, 6.670832032063167, 4.585605497399202, 2.63523138347365, 1.5, 4.173361288511269, 2.345267101585185, 1.7240939649566662, 5.429085038310814, 5.504266022318002, 4.287222618173422, 3.9815198103236904, 9.017344398435716, 7.331912741191377, 6.468406123441676, 6.269968101992227, 9.370832406995657, 8.021239167222094, 7.089213245801289, 6.75], [6.75, 6.768493185340442, 7.257658789934335, 8.302024518821366, 9.724325169388361, 9.13026399915978, 5.25, 5.679519737129579, 6.807369372803107, 8.355387483534201, 5.0798566600496216, 5.936718802312566, 4.47800178651148, 5.187832987973988, 6.569901910311228, 8.29472724084403, 7.151088694020873, 3.425435900890734, 5.289953791018512, 7.3227385587633815, 6.670832032063167, 0.0, 2.1666666666666665, 4.333333333333333, 6.5, 2.670882084838474, 4.83566035936263, 7.0016069584060485, 1.8542451000723117, 3.6212720294271055, 5.4188200847704024, 7.416367035145981, 4.75, 5.4473489984680725, 6.776696179637325, 8.459462157844316, 5.25, 5.679519737129579, 6.807369372803107, 8.355387483534201], [7.089213245801289, 6.952717294538717, 6.768493185340442, 7.257658789934335, 8.302024518821366, 7.536358333674535, 5.679519737129579, 5.25, 5.679519737129579, 6.807369372803109, 4.6735738343574456, 4.81848420801779, 4.7518709765499505, 4.47800178651148, 5.187832987973988, 6.569901910311228, 5.302089485987312, 2.207374005464412, 3.4254359008907342, 5.289953791018512, 4.585605497399202, 2.1666666666666665, 0.0, 2.1666666666666665, 4.333333333333334, 0.5220153254455278, 2.6708820848384742, 4.83566035936263, 1.0425414274070626, 2.500499950009997, 3.6212720294271064, 5.4188200847704024, 5.220818369225695, 4.7762432936357, 5.4473489984680725, 6.776696179637325, 5.679519737129579, 5.25, 5.679519737129579, 6.807369372803109], [8.021239167222094, 7.762534666231414, 6.952717294538717, 6.768493185340442, 7.257658789934335, 6.294486640038803, 6.807369372803107, 5.679519737129579, 5.25, 5.679519737129579, 5.22192780231779, 4.536500730407855, 5.873409950313739, 4.7518709765499505, 4.47800178651148, 5.187832987973988, 3.804618931505508, 2.720345157838942, 2.207374005464412, 3.425435900890734, 2.63523138347365, 4.333333333333333, 2.1666666666666665, 0.0, 2.166666666666667, 1.673403052996431, 0.5220153254455282, 2.670882084838474, 2.850341953777936, 2.9631533503647383, 2.500499950009997, 3.6212720294271055, 6.429640563653444, 5.0339127701796516, 4.7762432936357, 5.4473489984680725, 6.807369372803107, 5.679519737129579, 5.25, 5.679519737129579], [9.370832406995657, 9.031195934094221, 7.762534666231414, 6.952717294538717, 6.768493185340442, 5.6421020974985225, 8.355387483534201, 6.807369372803109, 5.679519737129579, 5.25, 6.487191722844126, 5.227884522438696, 7.470107094279171, 5.873409950313739, 4.7518709765499505, 4.47800178651148, 3.1979659784637984, 4.395104599943492, 2.720345157838942, 2.2073740054644118, 1.5, 6.5, 4.333333333333334, 2.166666666666667, 0.0, 3.836266993373173, 1.673403052996431, 0.5220153254455274, 4.954885949036787, 4.5493894584267505, 2.9631533503647383, 2.500499950009997, 8.050621094052309, 6.103846692409996, 5.0339127701796516, 4.7762432936357, 8.355387483534201, 6.807369372803109, 5.679519737129579, 5.25], [7.397371905691312, 7.232181167838955, 6.8999999999999995, 7.232181167838955, 8.147869523855777, 7.3281084411973305, 6.022550216570312, 5.423098745182499, 5.651351854006063, 6.622268829067908, 4.8667056880072606, 4.811619426739863, 5.08472658502347, 4.6, 5.08472658502347, 6.319634307282168, 5.011307743895973, 2.3, 3.1598171536410846, 4.905892149016097, 4.173361288511269, 2.670882084838474, 0.5220153254455278, 1.673403052996431, 3.836266993373173, 0.0, 2.166666666666667, 4.333333333333333, 1.27777300996224, 2.3, 3.1598171536410846, 4.905892149016097, 5.317058501757444, 4.6000000000000005, 5.084726585023471, 6.319634307282169, 5.755094361616595, 5.1244511901275835, 5.365424286836762, 6.380003483105981], [8.42443535859295, 8.147869523855777, 7.232181167838955, 6.8999999999999995, 7.232181167838955, 6.220265679269302, 7.247145031742576, 6.022550216570312, 5.423098745182499, 5.651351854006063, 5.592649506966966, 4.762394039610886, 6.319634307282169, 5.08472658502347, 4.6, 5.08472658502347, 3.6936221067200865, 3.1598171536410846, 2.3, 3.159817153641084, 2.345267101585185, 4.83566035936263, 2.6708820848384742, 0.5220153254455282, 1.673403052996431, 2.166666666666667, 0.0, 2.166666666666666, 3.2919488387976656, 3.1598171536410846, 2.3, 3.159817153641084, 6.672414189115595, 5.084726585023471, 4.6000000000000005, 5.08472658502347, 7.026457934913659, 5.755094361616595, 5.1244511901275835, 5.365424286836762], [9.829038610159184, 9.479451460923253, 8.147869523855777, 7.232181167838955, 6.8999999999999995, 5.750750021026171, 8.840814442120138, 7.247145031742576, 6.022550216570312, 5.423098745182499, 6.946907344334049, 5.621209954996435, 7.963039620647382, 6.319634307282168, 5.08472658502347, 4.6, 3.4002017762714916, 4.905892149016097, 3.159817153641084, 2.3, 1.7240939649566662, 7.0016069584060485, 4.83566035936263, 2.670882084838474, 0.5220153254455274, 4.333333333333333, 2.166666666666666, 0.0, 5.424946021705978, 4.905892149016097, 3.159817153641084, 2.3, 8.37615663654877, 6.319634307282169, 5.08472658502347, 4.6000000000000005, 8.66083136886985, 7.026457934913659, 5.755094361616595, 5.1244511901275835], [7.812428433256772, 7.723864936270249, 7.711901448872999, 8.287197792342281, 9.341882006885177, 8.56265777626625, 6.352949585783812, 6.165114449564459, 6.711646057550648, 7.840448859365815, 5.574294322749297, 5.846150556855632, 5.458740653578551, 5.441799695543343, 6.230361724546094, 7.576972970774753, 6.282673568882096, 3.2144896788917827, 4.42008678511804, 6.174972013631913, 5.429085038310814, 1.8542451000723117, 1.0425414274070626, 2.850341953777936, 4.954885949036787, 1.27777300996224, 3.2919488387976656, 5.424946021705978, 0.0, 1.8741568328915612, 3.566046427985405, 5.595516000129897, 4.187223169499053, 3.9965264672663308, 5.017613685392054, 6.615856654810158, 4.652040556871108, 4.3920552227279, 5.131053079544012, 6.538665859301395], [9.578680029686298, 9.45169003112377, 9.2, 9.45169003112377, 10.16945317004694, 9.24263752458863, 8.148687692574253, 7.71621668954417, 7.878310591603873, 8.60142107122099, 7.151868591260658, 7.062937319926075, 7.232181167838955, 6.8999999999999995, 7.232181167838955, 8.147869523855777, 6.767290277810462, 4.6, 5.08472658502347, 6.319634307282168, 5.504266022318002, 3.6212720294271055, 2.500499950009997, 2.9631533503647383, 4.5493894584267505, 2.3, 3.1598171536410846, 4.905892149016097, 1.8741568328915612, 0.0, 2.166666666666667, 4.333333333333333, 3.52152113597393, 2.3000000000000007, 3.159817153641085, 4.905892149016097, 3.8666666666666676, 2.8442925306655793, 3.2584931759599836, 4.747045865003249], [10.392358303634026, 10.16945317004694, 9.45169003112377, 9.2, 9.45169003112377, 8.39147664035847, 9.091265649573282, 8.148687692574253, 7.71621668954417, 7.878310591603873, 7.664341367707752, 7.029494936760774, 8.147869523855777, 7.232181167838955, 6.8999999999999995, 7.232181167838955, 5.858827243345513, 5.08472658502347, 4.6, 5.08472658502347, 4.287222618173422, 5.4188200847704024, 3.6212720294271064, 2.500499950009997, 2.9631533503647383, 3.1598171536410846, 2.3, 3.159817153641084, 3.566046427985405, 2.166666666666667, 0.0, 2.166666666666666, 5.3526732677337145, 3.159817153641085, 2.3000000000000007, 3.1598171536410846, 5.585795477021256, 3.8666666666666676, 2.8442925306655793, 3.2584931759599836], [11.56027681329474, 11.26454615153225, 10.16945317004694, 9.45169003112377, 9.2, 8.049614952860713, 10.406248123122953, 9.091265649573282, 8.148687692574253, 7.71621668954417, 8.701949307123135, 7.637499815749594, 9.479451460923253, 8.147869523855777, 7.232181167838955, 6.8999999999999995, 5.6784139087843934, 6.319634307282168, 5.08472658502347, 4.6, 3.9815198103236904, 7.416367035145981, 5.4188200847704024, 3.6212720294271055, 2.500499950009997, 4.905892149016097, 3.159817153641084, 2.3, 5.595516000129897, 4.333333333333333, 2.166666666666666, 0.0, 7.368174807915459, 4.905892149016097, 3.1598171536410846, 2.3000000000000007, 7.539230729988306, 5.585795477021256, 3.8666666666666676, 2.844292530665579], [11.5, 11.510864433221338, 11.805130711309854, 12.47441826744282, 13.46291201783626, 12.613231307719774, 10.0, 10.232030318780552, 10.89852181618121, 11.926860441876563, 9.630025981294672, 10.033315356190073, 9.213576938409968, 9.578680029686298, 10.392358303634026, 11.56027681329474, 10.201249257960356, 7.397371905691313, 8.42443535859295, 9.829038610159186, 9.017344398435716, 4.75, 5.220818369225695, 6.429640563653444, 8.050621094052309, 5.317058501757444, 6.672414189115595, 8.37615663654877, 4.187223169499053, 3.52152113597393, 5.3526732677337145, 7.368174807915459, 0.0, 2.666666666666667, 4.833333333333334, 7.0, 0.5, 2.223610677354389, 4.362084109434133, 6.519202405202649], [11.805130711309854, 11.702326454361305, 11.5, 11.702326454361305, 12.289335937217185, 11.30183717348291, 10.349449797506683, 10.012492197250394, 10.137937550497032, 10.709549217611563, 9.444237631468154, 9.33801293973341, 9.45169003112377, 9.2, 9.45169003112377, 10.16945317004694, 8.778338687033228, 6.9, 7.232181167838957, 8.147869523855778, 7.331912741191377, 5.4473489984680725, 4.7762432936357, 5.0339127701796516, 6.103846692409996, 4.6000000000000005, 5.084726585023471, 6.319634307282169, 3.9965264672663308, 2.3000000000000007, 3.159817153641085, 4.905892149016097, 2.666666666666667, 0.0, 2.166666666666667, 4.333333333333333, 2.713136766016618, 0.7071067811865478, 1.7400510848184245, 3.865804501581067], [12.47441826744282, 12.289335937217185, 11.702326454361305, 11.5, 11.702326454361305, 10.617064344284072, 11.106804721030757, 10.349449797506683, 10.012492197250394, 10.137937550497032, 9.838014469075294, 9.312744017923475, 10.16945317004694, 9.45169003112377, 9.2, 9.45169003112377, 8.098695516407803, 7.232181167838957, 6.9, 7.232181167838957, 6.468406123441676, 6.776696179637325, 5.4473489984680725, 4.7762432936357, 5.0339127701796516, 5.084726585023471, 4.6000000000000005, 5.08472658502347, 5.017613685392054, 3.159817153641085, 2.3000000000000007, 3.1598171536410846, 4.833333333333334, 2.166666666666667, 0.0, 2.166666666666666, 4.859126579037751, 2.7131367660166186, 0.7071067811865481, 1.7400510848184245], [13.46291201783626, 13.209844813622906, 12.289335937217185, 11.702326454361305, 11.5, 10.348984296746474, 12.206555615733702, 11.106804721030757, 10.349449797506683, 10.012492197250394, 10.666223410219725, 9.779816231044384, 11.26454615153225, 10.16945317004694, 9.45169003112377, 9.2, 7.969152835753141, 8.147869523855778, 7.232181167838957, 6.9, 6.269968101992227, 8.459462157844316, 6.776696179637325, 5.4473489984680725, 4.7762432936357, 6.319634307282169, 5.08472658502347, 4.6000000000000005, 6.615856654810158, 4.905892149016097, 3.1598171536410846, 2.3000000000000007, 7.0, 4.333333333333333, 2.166666666666666, 0.0, 7.0178344238090995, 4.859126579037751, 2.713136766016618, 0.7071067811865476], [12.0, 12.010412149464313, 12.292725943057183, 12.936812246883353, 13.892443989449804, 13.026526060866365, 10.5, 10.721214690716927, 11.359039474259157, 12.349089035228468, 10.119679943543352, 10.496619750378006, 9.712878049270463, 10.059876297008383, 10.837486383433712, 11.96202324023825, 10.595366603687683, 7.865819163387315, 8.838614773317769, 10.186265262597475, 9.370832406995657, 5.25, 5.679519737129579, 6.807369372803107, 8.355387483534201, 5.755094361616595, 7.026457934913659, 8.66083136886985, 4.652040556871108, 3.8666666666666676, 5.585795477021256, 7.539230729988306, 0.5, 2.713136766016618, 4.859126579037751, 7.0178344238090995, 0.0, 2.1666666666666665, 4.333333333333333, 6.5], [12.194033149226899, 12.115187896924166, 12.010412149464313, 12.292725943057183, 12.936812246883353, 11.963501053354868, 10.721214690716927, 10.5, 10.721214690716927, 11.359039474259157, 9.921959023211778, 9.907178514047828, 9.842142946420651, 9.712878049270463, 10.059876297008383, 10.837486383433712, 9.446474309190933, 7.416872656315464, 7.865819163387315, 8.838614773317769, 8.021239167222094, 5.679519737129579, 5.25, 5.679519737129579, 6.807369372803109, 5.1244511901275835, 5.755094361616595, 7.026457934913659, 4.3920552227279, 2.8442925306655793, 3.8666666666666676, 5.585795477021256, 2.223610677354389, 0.7071067811865478, 2.7131367660166186, 4.859126579037751, 2.1666666666666665, 0.0, 2.1666666666666665, 4.333333333333334], [12.758439472669759, 12.597398320464606, 12.115187896924166, 12.010412149464313, 12.292725943057183, 11.222710126422424, 11.359039474259157, 10.721214690716927, 10.5, 10.721214690716927, 10.19173726337775, 9.773138437742766, 10.429978161264023, 9.842142946420651, 9.712878049270463, 10.059876297008383, 8.694759868493046, 7.585366027936805, 7.416872656315464, 7.865819163387315, 7.089213245801289, 6.807369372803107, 5.679519737129579, 5.25, 5.679519737129579, 5.365424286836762, 5.1244511901275835, 5.755094361616595, 5.131053079544012, 3.2584931759599836, 2.8442925306655793, 3.8666666666666676, 4.362084109434133, 1.7400510848184245, 0.7071067811865481, 2.713136766016618, 4.333333333333333, 2.1666666666666665, 0.0, 2.166666666666667], [13.647344063956181, 13.416407864998739, 12.597398320464606, 12.115187896924166, 12.010412149464313, 10.870233511690293, 12.349089035228468, 11.359039474259157, 10.721214690716927, 10.5, 10.894339581729605, 10.112624418332176, 11.405700329221348, 10.429978161264023, 9.842142946420651, 9.712878049270463, 8.446934968152592, 8.333933311734889, 7.585366027936805, 7.416872656315464, 6.75, 8.355387483534201, 6.807369372803109, 5.679519737129579, 5.25, 6.380003483105981, 5.365424286836762, 5.1244511901275835, 6.538665859301395, 4.747045865003249, 3.2584931759599836, 2.844292530665579, 6.519202405202649, 3.865804501581067, 1.7400510848184245, 0.7071067811865476, 6.5, 4.333333333333334, 2.166666666666667, 0.0]];