totalHoles = 40;
zeroHoleID = 40;
C = [[0.0, 2.833333333333333, 5.666666666666666, 8.5, 0.7071067811865476, 3.0413812651491097, 5.522680508593631, 8.0156097709407, 8.514693182963201, 3.0413812651491097, 4.242640687119285, 6.264982043070834, 8.54400374531753, 8.118333202263852, 4.592551107164025, 5.522680508593631, 6.264982043070834, 7.7781745930520225, 9.7082439194738, 9.179207538433593, 10.854146673046206, 7.539284869852618, 8.0156097709407, 8.54400374531753, 9.7082439194738, 11.313708498984761, 10.51189802081432, 10.920164833920778, 11.853269591129697, 13.200378782444085, 14.294795399661625, 12.5, 12.817089286486919, 13.724471250693453, 15.116216457830975, 13.009611831257688, 13.341664064126334, 14.115594213493104, 15.264337522473747, 15.532224567009067], [2.833333333333333, 0.0, 2.833333333333333, 5.666666666666667, 2.3863035105460586, 0.52704627669473, 2.713136766016618, 5.190803834132479, 5.688682721958671, 3.8005847503304597, 3.0046260628866577, 4.013864859597432, 5.97448277631164, 5.820111728490975, 4.702085557686145, 5.97448277631164, 5.50252467307306, 6.112373606964083, 7.54615428178118, 7.242439159985207, 8.81326336331277, 7.723329295529886, 8.333333333333334, 8.00173592277187, 8.432740427115679, 9.523363084774434, 10.756135200175034, 10.501322668015575, 10.833333333333334, 11.702326454361305, 12.730200272128293, 12.817089286486919, 12.5, 12.817089286486919, 13.724471250693453, 13.2077418374393, 13.001068332170929, 13.270686158262922, 13.989083045162197, 14.181364924121764], [5.666666666666666, 2.833333333333333, 0.0, 2.833333333333334, 5.1908038341324785, 2.7131367660166172, 0.5270462766947297, 2.3863035105460595, 2.877112750272012, 5.97448277631164, 4.013864859597431, 3.0046260628866577, 3.80058475033046, 4.230321812440791, 6.259652312009294, 7.54615428178118, 6.112373606964082, 5.50252467307306, 5.974482776311641, 6.058345854611962, 7.320538079798355, 8.860833483434122, 9.523363084774434, 8.432740427115679, 8.00173592277187, 8.333333333333334, 11.702326454361305, 10.833333333333334, 10.501322668015575, 10.756135200175034, 11.654629036325389, 13.724471250693453, 12.817089286486919, 12.5, 12.817089286486919, 13.989083045162197, 13.270686158262922, 13.001068332170929, 13.2077418374393, 13.305178607511355], [8.5, 5.666666666666667, 2.833333333333334, 0.0, 8.0156097709407, 5.522680508593631, 3.0413812651491097, 0.7071067811865476, 0.5, 8.54400374531753, 6.264982043070834, 4.242640687119285, 3.0413812651491097, 4.239469341446171, 8.503672212535095, 9.7082439194738, 7.7781745930520225, 6.264982043070834, 5.522680508593631, 6.083563064328025, 6.75, 10.650562435414384, 11.313708498984761, 9.7082439194738, 8.54400374531753, 8.0156097709407, 13.200378782444085, 11.853269591129697, 10.920164833920778, 10.51189802081432, 11.209741858570073, 15.116216457830975, 13.724471250693453, 12.817089286486919, 12.5, 15.264337522473747, 14.115594213493104, 13.341664064126334, 13.009611831257688, 13.0], [0.7071067811865476, 2.3863035105460586, 5.1908038341324785, 8.0156097709407, 0.0, 2.5, 5.0, 7.5, 8.0, 2.5, 3.5355339059327378, 5.5901699437494745, 7.905694150420948, 7.439541638007763, 3.9914533489078474, 5.0, 5.5901699437494745, 7.0710678118654755, 9.013878188659973, 8.474988730005055, 10.151970252123476, 6.995500833778392, 7.5, 7.905694150420948, 9.013878188659973, 10.606601717798213, 10.0, 10.307764064044152, 11.180339887498949, 12.5, 13.592623683537779, 12.010412149464313, 12.224747213928167, 13.06500839817734, 14.422205101855956, 12.5, 12.747548783981962, 13.46291201783626, 14.577379737113251, 14.84082207965583], [3.0413812651491097, 0.52704627669473, 2.7131367660166172, 5.522680508593631, 2.5, 0.0, 2.5, 5.0, 5.5, 3.5355339059327378, 2.5, 3.5355339059327378, 5.5901699437494745, 5.36176050923401, 4.300776088323858, 5.5901699437494745, 5.0, 5.5901699437494745, 7.0710678118654755, 6.740098708359137, 8.325412902673357, 7.285755085301962, 7.905694150420948, 7.5, 7.905694150420948, 9.013878188659973, 10.307764064044152, 10.0, 10.307764064044152, 11.180339887498949, 12.211363563420514, 12.36931687685298, 12.001157351596461, 12.292725943057183, 13.200378782444085, 12.747548783981962, 12.5, 12.747548783981962, 13.46291201783626, 13.656500283747663], [5.522680508593631, 2.713136766016618, 0.5270462766947297, 3.0413812651491097, 5.0, 2.5, 0.0, 2.5, 3.0, 5.5901699437494745, 3.5355339059327378, 2.5, 3.5355339059327378, 3.8275542756584744, 5.793241759782589, 7.0710678118654755, 5.5901699437494745, 5.0, 5.5901699437494745, 5.6153741837153035, 6.932712311931024, 8.350294749924258, 9.013878188659973, 7.905694150420948, 7.5, 7.905694150420948, 11.180339887498949, 10.307764064044152, 10.0, 10.307764064044152, 11.223875514001222, 13.200378782444085, 12.292725943057183, 12.001157351596461, 12.36931687685298, 13.46291201783626, 12.747548783981962, 12.5, 12.747548783981962, 12.854960132182441], [8.0156097709407, 5.190803834132479, 2.3863035105460595, 0.7071067811865476, 7.5, 5.0, 2.5, 0.0, 0.5, 7.905694150420948, 5.5901699437494745, 3.5355339059327378, 2.5, 3.612736872212199, 7.818351822006955, 9.013878188659973, 7.0710678118654755, 5.5901699437494745, 5.0, 5.489619645098203, 6.269968101992227, 9.943471107124607, 10.606601717798213, 9.013878188659973, 7.905694150420948, 7.5, 12.5, 11.180339887498949, 10.307764064044152, 10.0, 10.739337178315903, 14.422205101855956, 13.06500839817734, 12.224747213928167, 12.010412149464313, 14.577379737113251, 13.46291201783626, 12.747548783981962, 12.5, 12.509996003196804], [8.514693182963201, 5.688682721958671, 2.877112750272012, 0.5, 8.0, 5.5, 3.0, 0.5, 0.0, 8.381527307120106, 6.041522986797286, 3.905124837953327, 2.5495097567963922, 3.7725597281935253, 8.254672630562498, 9.433981132056603, 7.433034373659253, 5.830951894845301, 5.024937810560445, 5.599698489453738, 6.25, 10.305418803122157, 10.965856099730654, 9.300537618869138, 8.077747210701755, 7.516648189186454, 12.806248474865697, 11.412712210513327, 10.44030650891055, 10.012492197250394, 10.710040117791836, 14.705441169852742, 13.270686158262922, 12.32995449212112, 12.0, 14.84082207965583, 13.656500283747663, 12.854960132182441, 12.509996003196804, 12.5], [3.0413812651491097, 3.8005847503304597, 5.97448277631164, 8.54400374531753, 2.5, 3.5355339059327378, 5.5901699437494745, 7.905694150420948, 8.381527307120106, 0.0, 2.5, 5.0, 7.5, 6.643968152563582, 1.6023718463851957, 2.5, 3.5355339059327378, 5.5901699437494745, 7.905694150420948, 7.145617681445324, 8.835298523536146, 4.5025453357865155, 5.0, 5.5901699437494745, 7.0710678118654755, 9.013878188659973, 7.5, 7.905694150420948, 9.013878188659973, 10.606601717798213, 11.725726098921756, 9.513148795220223, 9.782353727219459, 10.814085465005556, 12.419742348374221, 10.0, 10.307764064044152, 11.180339887498949, 12.5, 12.806248474865697], [4.242640687119285, 3.0046260628866577, 4.013864859597431, 6.264982043070834, 3.5355339059327378, 2.5, 3.5355339059327378, 5.5901699437494745, 6.041522986797286, 2.5, 0.0, 2.5, 5.0, 4.188556885970305, 2.2655177464496936, 3.5355339059327378, 2.5, 3.5355339059327378, 5.5901699437494745, 4.9662207637292815, 6.656763477847174, 4.941468379785722, 5.5901699437494745, 5.0, 5.5901699437494745, 7.0710678118654755, 7.905694150420948, 7.5, 7.905694150420948, 9.013878188659973, 10.092107511451552, 9.962429422585638, 9.50146187582615, 9.867173410410457, 10.977249200050075, 10.307764064044152, 10.0, 10.307764064044152, 11.180339887498949, 11.412712210513327], [6.264982043070834, 4.013864859597432, 3.0046260628866577, 4.242640687119285, 5.5901699437494745, 3.5355339059327378, 2.5, 3.5355339059327378, 3.905124837953327, 5.0, 2.5, 0.0, 2.5, 1.8562609627257094, 4.494167974705562, 5.5901699437494745, 3.5355339059327378, 2.5, 3.5355339059327378, 3.2812871405604906, 4.802343178074636, 6.408065620452974, 7.0710678118654755, 5.5901699437494745, 5.0, 5.5901699437494745, 9.013878188659973, 7.905694150420948, 7.5, 7.905694150420948, 8.871787615720907, 10.977249200050075, 9.867173410410457, 9.50146187582615, 9.962429422585638, 11.180339887498949, 10.307764064044152, 10.0, 10.307764064044152, 10.44030650891055], [8.54400374531753, 5.97448277631164, 3.80058475033046, 3.0413812651491097, 7.905694150420948, 5.5901699437494745, 3.5355339059327378, 2.5, 2.5495097567963922, 7.5, 5.0, 2.5, 0.0, 1.359191206736378, 6.911043402429166, 7.905694150420948, 5.5901699437494745, 3.5355339059327378, 2.5, 3.0611014232657237, 3.783186487605389, 8.379051273482014, 9.013878188659973, 7.0710678118654755, 5.5901699437494745, 5.0, 10.606601717798213, 9.013878188659973, 7.905694150420948, 7.5, 8.25024829773146, 12.419742348374221, 10.814085465005556, 9.782353727219459, 9.513148795220223, 12.5, 11.180339887498949, 10.307764064044152, 10.0, 10.012492197250394], [8.118333202263852, 5.820111728490975, 4.230321812440791, 4.239469341446171, 7.439541638007763, 5.36176050923401, 3.8275542756584744, 3.612736872212199, 3.7725597281935253, 6.643968152563582, 4.188556885970305, 1.8562609627257094, 1.359191206736378, 0.0, 5.848626793431098, 6.740760034366085, 4.340454102468677, 2.1774383551244996, 1.7728321311103883, 1.9126488715494319, 3.1078190864909394, 7.071073867922958, 7.6963224249985105, 5.71271168923, 4.305435032490352, 4.1156368636852925, 9.248184248714061, 7.6766273761915125, 6.695692932596529, 6.575256635474635, 7.435800393125692, 11.062775380803823, 9.50533353834876, 8.623994885199775, 8.62848569797746, 11.150087216106911, 9.885653286531998, 9.144825688675045, 9.057015670240453, 9.121944532057139], [4.592551107164025, 4.702085557686145, 6.259652312009294, 8.503672212535095, 3.9914533489078474, 4.300776088323858, 5.793241759782589, 7.818351822006955, 8.254672630562498, 1.6023718463851957, 2.2655177464496936, 4.494167974705562, 6.911043402429166, 5.848626793431098, 0.0, 1.3051786205987788, 2.066026707731226, 4.396980950885428, 6.848241862539605, 5.978458356241677, 7.626720099866532, 3.0762802009373513, 3.652312545394816, 3.988027338752702, 5.565010079059117, 7.650772007151968, 6.121705859221643, 6.327737174710972, 7.4232898958352544, 9.09231587677201, 10.215996941415943, 8.171352651783831, 8.233412845211989, 9.212096697014445, 10.862408553637756, 8.608784950526342, 8.756492074443933, 9.57815893453382, 10.92273334383755, 11.239176959442304], [5.522680508593631, 5.97448277631164, 7.54615428178118, 9.7082439194738, 5.0, 5.5901699437494745, 7.0710678118654755, 9.013878188659973, 9.433981132056603, 2.5, 3.5355339059327378, 5.5901699437494745, 7.905694150420948, 6.740760034366085, 1.3051786205987788, 0.0, 2.5, 5.0, 7.5, 6.5417329603901875, 8.097067370350823, 2.027016794758155, 2.5, 3.5355339059327378, 5.5901699437494745, 7.905694150420948, 5.0, 5.5901699437494745, 7.0710678118654755, 9.013878188659973, 10.135377964910706, 7.0178344238090995, 7.378647873726218, 8.700255424092125, 10.63014581273465, 7.5, 7.905694150420948, 9.013878188659973, 10.606601717798213, 10.965856099730654], [6.264982043070834, 5.50252467307306, 6.112373606964082, 7.7781745930520225, 5.5901699437494745, 5.0, 5.5901699437494745, 7.0710678118654755, 7.433034373659253, 3.5355339059327378, 2.5, 3.5355339059327378, 5.5901699437494745, 4.340454102468677, 2.066026707731226, 2.5, 0.0, 2.5, 5.0, 4.049415605956885, 5.640257086339239, 2.8729762153280785, 3.5355339059327378, 2.5, 3.5355339059327378, 5.5901699437494745, 5.5901699437494745, 5.0, 5.5901699437494745, 7.0710678118654755, 8.190474221152247, 7.615773105863909, 7.001983845866668, 7.49073501808141, 8.902246907382429, 7.905694150420948, 7.5, 7.905694150420948, 9.013878188659973, 9.300537618869138], [7.7781745930520225, 6.112373606964083, 5.50252467307306, 6.264982043070834, 7.0710678118654755, 5.5901699437494745, 5.0, 5.5901699437494745, 5.830951894845301, 5.5901699437494745, 3.5355339059327378, 2.5, 3.5355339059327378, 2.1774383551244996, 4.396980950885428, 5.0, 2.5, 0.0, 2.5, 1.5815382937124767, 3.25, 4.9899085744580605, 5.5901699437494745, 3.5355339059327378, 2.5, 3.5355339059327378, 7.0710678118654755, 5.5901699437494745, 5.0, 5.5901699437494745, 6.628864868370868, 8.902246907382429, 7.490735018081411, 7.001983845866668, 7.615773105863909, 9.013878188659973, 7.905694150420948, 7.5, 7.905694150420948, 8.077747210701755], [9.7082439194738, 7.54615428178118, 5.974482776311641, 5.522680508593631, 9.013878188659973, 7.0710678118654755, 5.5901699437494745, 5.0, 5.024937810560445, 7.905694150420948, 5.5901699437494745, 3.5355339059327378, 2.5, 1.7728321311103883, 6.848241862539605, 7.5, 5.0, 2.5, 0.0, 1.0510756391386737, 1.346291201783626, 7.351488477108517, 7.905694150420948, 5.5901699437494745, 3.5355339059327378, 2.5, 9.013878188659973, 7.0710678118654755, 5.5901699437494745, 5.0, 5.770600568301668, 10.63014581273465, 8.700255424092125, 7.378647873726218, 7.0178344238090995, 10.606601717798213, 9.013878188659973, 7.905694150420948, 7.5, 7.516648189186454], [9.179207538433593, 7.242439159985207, 6.058345854611962, 6.083563064328025, 8.474988730005055, 6.740098708359137, 5.6153741837153035, 5.489619645098203, 5.599698489453738, 7.145617681445324, 4.9662207637292815, 3.2812871405604906, 3.0611014232657237, 1.9126488715494319, 5.978458356241677, 6.5417329603901875, 4.049415605956885, 1.5815382937124767, 1.0510756391386737, 0.0, 1.6971058782435458, 6.30930176061559, 6.8577465832973665, 4.542266485515629, 2.595319142254051, 2.3106661539179782, 7.985180416020544, 6.112822825921739, 4.8445948773681415, 4.698254585538489, 5.613527627847162, 9.640017708074645, 7.818248868157363, 6.7361446594064915, 6.758833474499342, 9.643522403772876, 8.160944858089728, 7.259787710497668, 7.162961274934045, 7.247669525519711], [10.854146673046206, 8.81326336331277, 7.320538079798355, 6.75, 10.151970252123476, 8.325412902673357, 6.932712311931024, 6.269968101992227, 6.25, 8.835298523536146, 6.656763477847174, 4.802343178074636, 3.783186487605389, 3.1078190864909394, 7.626720099866532, 8.097067370350823, 5.640257086339239, 3.25, 1.346291201783626, 1.6971058782435458, 0.0, 7.614385278621676, 8.097067370350823, 5.640257086339239, 3.25, 1.346291201783626, 8.835298523536146, 6.656763477847174, 4.802343178074636, 3.783186487605389, 4.469400875550019, 10.262187875886896, 8.073017472488903, 6.410169871210729, 5.75, 10.151970252123476, 8.325412902673357, 6.932712311931024, 6.269968101992227, 6.25], [7.539284869852618, 7.723329295529886, 8.860833483434122, 10.650562435414384, 6.995500833778392, 7.285755085301962, 8.350294749924258, 9.943471107124607, 10.305418803122157, 4.5025453357865155, 4.941468379785722, 6.408065620452974, 8.379051273482014, 7.071073867922958, 3.0762802009373513, 2.027016794758155, 2.8729762153280785, 4.9899085744580605, 7.351488477108517, 6.30930176061559, 7.614385278621676, 0.0, 0.6668430637341471, 2.142399337019027, 4.60815257634432, 7.09790570622617, 3.046401525910375, 3.664117561525324, 5.483698820348134, 7.695202921294326, 8.784260734240739, 5.101002771601109, 5.3692856446908985, 6.906068559480197, 9.089218509737433, 5.533212886062471, 5.895900278167619, 7.169856019314909, 8.975078305247006, 9.374490366672596], [8.0156097709407, 8.333333333333334, 9.523363084774434, 11.313708498984761, 7.5, 7.905694150420948, 9.013878188659973, 10.606601717798213, 10.965856099730654, 5.0, 5.5901699437494745, 7.0710678118654755, 9.013878188659973, 7.6963224249985105, 3.652312545394816, 2.5, 3.5355339059327378, 5.5901699437494745, 7.905694150420948, 6.8577465832973665, 8.097067370350823, 0.6668430637341471, 0.0, 2.5, 5.0, 7.5, 2.5, 3.5355339059327378, 5.5901699437494745, 7.905694150420948, 8.969900804148292, 4.527692569068709, 5.068968775248516, 6.851601597031489, 9.17877987534291, 5.0, 5.5901699437494745, 7.0710678118654755, 9.013878188659973, 9.433981132056603], [8.54400374531753, 8.00173592277187, 8.432740427115679, 9.7082439194738, 7.905694150420948, 7.5, 7.905694150420948, 9.013878188659973, 9.300537618869138, 5.5901699437494745, 5.0, 5.5901699437494745, 7.0710678118654755, 5.71271168923, 3.988027338752702, 3.5355339059327378, 2.5, 3.5355339059327378, 5.5901699437494745, 4.542266485515629, 5.640257086339239, 2.142399337019027, 2.5, 0.0, 2.5, 5.0, 3.5355339059327378, 2.5, 3.5355339059327378, 5.5901699437494745, 6.694557633781503, 5.408326913195984, 4.503085362035432, 5.2307849421584045, 7.106335201775948, 5.5901699437494745, 5.0, 5.5901699437494745, 7.0710678118654755, 7.433034373659253], [9.7082439194738, 8.432740427115679, 8.00173592277187, 8.54400374531753, 9.013878188659973, 7.905694150420948, 7.5, 7.905694150420948, 8.077747210701755, 7.0710678118654755, 5.5901699437494745, 5.0, 5.5901699437494745, 4.305435032490352, 5.565010079059117, 5.5901699437494745, 3.5355339059327378, 2.5, 3.5355339059327378, 2.595319142254051, 3.25, 4.60815257634432, 5.0, 2.5, 0.0, 2.5, 5.5901699437494745, 3.5355339059327378, 2.5, 3.5355339059327378, 4.655650694348128, 7.106335201775948, 5.230784942158405, 4.503085362035432, 5.408326913195984, 7.0710678118654755, 5.5901699437494745, 5.0, 5.5901699437494745, 5.830951894845301], [11.313708498984761, 9.523363084774434, 8.333333333333334, 8.0156097709407, 10.606601717798213, 9.013878188659973, 7.905694150420948, 7.5, 7.516648189186454, 9.013878188659973, 7.0710678118654755, 5.5901699437494745, 5.0, 4.1156368636852925, 7.650772007151968, 7.905694150420948, 5.5901699437494745, 3.5355339059327378, 2.5, 2.3106661539179782, 1.346291201783626, 7.09790570622617, 7.5, 5.0, 2.5, 0.0, 7.905694150420948, 5.5901699437494745, 3.5355339059327378, 2.5, 3.321605765822641, 9.17877987534291, 6.851601597031489, 5.068968775248517, 4.527692569068709, 9.013878188659973, 7.0710678118654755, 5.5901699437494745, 5.0, 5.024937810560445], [10.51189802081432, 10.756135200175034, 11.702326454361305, 13.200378782444085, 10.0, 10.307764064044152, 11.180339887498949, 12.5, 12.806248474865697, 7.5, 7.905694150420948, 9.013878188659973, 10.606601717798213, 9.248184248714061, 6.121705859221643, 5.0, 5.5901699437494745, 7.0710678118654755, 9.013878188659973, 7.985180416020544, 8.835298523536146, 3.046401525910375, 2.5, 3.5355339059327378, 5.5901699437494745, 7.905694150420948, 0.0, 2.5, 5.0, 7.5, 8.407874545979077, 2.0615528128088303, 3.0731814857642954, 5.5402567128648865, 8.246211251235321, 2.5, 3.5355339059327378, 5.5901699437494745, 7.905694150420948, 8.381527307120106], [10.920164833920778, 10.501322668015575, 10.833333333333334, 11.853269591129697, 10.307764064044152, 10.0, 10.307764064044152, 11.180339887498949, 11.412712210513327, 7.905694150420948, 7.5, 7.905694150420948, 9.013878188659973, 7.6766273761915125, 6.327737174710972, 5.5901699437494745, 5.0, 5.5901699437494745, 7.0710678118654755, 6.112822825921739, 6.656763477847174, 3.664117561525324, 3.5355339059327378, 2.5, 3.5355339059327378, 5.5901699437494745, 2.5, 0.0, 2.5, 5.0, 5.9203324109955915, 3.605551275463989, 2.0069324297987157, 3.3333333333333326, 5.852349955359813, 3.5355339059327378, 2.5, 3.5355339059327378, 5.5901699437494745, 6.041522986797286], [11.853269591129697, 10.833333333333334, 10.501322668015575, 10.920164833920778, 11.180339887498949, 10.307764064044152, 10.0, 10.307764064044152, 10.44030650891055, 9.013878188659973, 7.905694150420948, 7.5, 7.905694150420948, 6.695692932596529, 7.4232898958352544, 7.0710678118654755, 5.5901699437494745, 5.0, 5.5901699437494745, 4.8445948773681415, 4.802343178074636, 5.483698820348134, 5.5901699437494745, 3.5355339059327378, 2.5, 3.5355339059327378, 5.0, 2.5, 0.0, 2.5, 3.450842988669129, 5.852349955359813, 3.3333333333333335, 2.0069324297987157, 3.605551275463989, 5.5901699437494745, 3.5355339059327378, 2.5, 3.5355339059327378, 3.905124837953327], [13.200378782444085, 11.702326454361305, 10.756135200175034, 10.51189802081432, 12.5, 11.180339887498949, 10.307764064044152, 10.0, 10.012492197250394, 10.606601717798213, 9.013878188659973, 7.905694150420948, 7.5, 6.575256635474635, 9.09231587677201, 9.013878188659973, 7.0710678118654755, 5.5901699437494745, 5.0, 4.698254585538489, 3.783186487605389, 7.695202921294326, 7.905694150420948, 5.5901699437494745, 3.5355339059327378, 2.5, 7.5, 5.0, 2.5, 0.0, 1.125299430466797, 8.246211251235321, 5.540256712864887, 3.0731814857642963, 2.0615528128088303, 7.905694150420948, 5.5901699437494745, 3.5355339059327378, 2.5, 2.5495097567963922], [14.294795399661625, 12.730200272128293, 11.654629036325389, 11.209741858570073, 13.592623683537779, 12.211363563420514, 11.223875514001222, 10.739337178315903, 10.710040117791836, 11.725726098921756, 10.092107511451552, 8.871787615720907, 8.25024829773146, 7.435800393125692, 10.215996941415943, 10.135377964910706, 8.190474221152247, 6.628864868370868, 5.770600568301668, 5.613527627847162, 4.469400875550019, 8.784260734240739, 8.969900804148292, 6.694557633781503, 4.655650694348128, 3.321605765822641, 8.407874545979077, 5.9203324109955915, 3.450842988669129, 1.125299430466797, 0.0, 8.972588547431593, 6.182569748236461, 3.463603282374048, 1.3507339705106423, 8.568873223801688, 6.146834128341805, 3.82642800495574, 1.9998831848064473, 1.8360634651405656], [12.5, 12.817089286486919, 13.724471250693453, 15.116216457830975, 12.010412149464313, 12.36931687685298, 13.200378782444085, 14.422205101855956, 14.705441169852742, 9.513148795220223, 9.962429422585638, 10.977249200050075, 12.419742348374221, 11.062775380803823, 8.171352651783831, 7.0178344238090995, 7.615773105863909, 8.902246907382429, 10.63014581273465, 9.640017708074645, 10.262187875886896, 5.101002771601109, 4.527692569068709, 5.408326913195984, 7.106335201775948, 9.17877987534291, 2.0615528128088303, 3.605551275463989, 5.852349955359813, 8.246211251235321, 8.972588547431593, 0.0, 2.833333333333333, 5.666666666666666, 8.5, 0.7071067811865476, 3.0413812651491097, 5.522680508593631, 8.0156097709407, 8.514693182963201], [12.817089286486919, 12.5, 12.817089286486919, 13.724471250693453, 12.224747213928167, 12.001157351596461, 12.292725943057183, 13.06500839817734, 13.270686158262922, 9.782353727219459, 9.50146187582615, 9.867173410410457, 10.814085465005556, 9.50533353834876, 8.233412845211989, 7.378647873726218, 7.001983845866668, 7.490735018081411, 8.700255424092125, 7.818248868157363, 8.073017472488903, 5.3692856446908985, 5.068968775248516, 4.503085362035432, 5.230784942158405, 6.851601597031489, 3.0731814857642954, 2.0069324297987157, 3.3333333333333335, 5.540256712864887, 6.182569748236461, 2.833333333333333, 0.0, 2.833333333333333, 5.666666666666667, 2.3863035105460586, 0.52704627669473, 2.713136766016618, 5.190803834132479, 5.688682721958671], [13.724471250693453, 12.817089286486919, 12.5, 12.817089286486919, 13.06500839817734, 12.292725943057183, 12.001157351596461, 12.224747213928167, 12.32995449212112, 10.814085465005556, 9.867173410410457, 9.50146187582615, 9.782353727219459, 8.623994885199775, 9.212096697014445, 8.700255424092125, 7.49073501808141, 7.001983845866668, 7.378647873726218, 6.7361446594064915, 6.410169871210729, 6.906068559480197, 6.851601597031489, 5.2307849421584045, 4.503085362035432, 5.068968775248517, 5.5402567128648865, 3.3333333333333326, 2.0069324297987157, 3.0731814857642963, 3.463603282374048, 5.666666666666666, 2.833333333333333, 0.0, 2.833333333333334, 5.1908038341324785, 2.7131367660166172, 0.5270462766947297, 2.3863035105460595, 2.877112750272012], [15.116216457830975, 13.724471250693453, 12.817089286486919, 12.5, 14.422205101855956, 13.200378782444085, 12.36931687685298, 12.010412149464313, 12.0, 12.419742348374221, 10.977249200050075, 9.962429422585638, 9.513148795220223, 8.62848569797746, 10.862408553637756, 10.63014581273465, 8.902246907382429, 7.615773105863909, 7.0178344238090995, 6.758833474499342, 5.75, 9.089218509737433, 9.17877987534291, 7.106335201775948, 5.408326913195984, 4.527692569068709, 8.246211251235321, 5.852349955359813, 3.605551275463989, 2.0615528128088303, 1.3507339705106423, 8.5, 5.666666666666667, 2.833333333333334, 0.0, 8.0156097709407, 5.522680508593631, 3.0413812651491097, 0.7071067811865476, 0.5], [13.009611831257688, 13.2077418374393, 13.989083045162197, 15.264337522473747, 12.5, 12.747548783981962, 13.46291201783626, 14.577379737113251, 14.84082207965583, 10.0, 10.307764064044152, 11.180339887498949, 12.5, 11.150087216106911, 8.608784950526342, 7.5, 7.905694150420948, 9.013878188659973, 10.606601717798213, 9.643522403772876, 10.151970252123476, 5.533212886062471, 5.0, 5.5901699437494745, 7.0710678118654755, 9.013878188659973, 2.5, 3.5355339059327378, 5.5901699437494745, 7.905694150420948, 8.568873223801688, 0.7071067811865476, 2.3863035105460586, 5.1908038341324785, 8.0156097709407, 0.0, 2.5, 5.0, 7.5, 8.0], [13.341664064126334, 13.001068332170929, 13.270686158262922, 14.115594213493104, 12.747548783981962, 12.5, 12.747548783981962, 13.46291201783626, 13.656500283747663, 10.307764064044152, 10.0, 10.307764064044152, 11.180339887498949, 9.885653286531998, 8.756492074443933, 7.905694150420948, 7.5, 7.905694150420948, 9.013878188659973, 8.160944858089728, 8.325412902673357, 5.895900278167619, 5.5901699437494745, 5.0, 5.5901699437494745, 7.0710678118654755, 3.5355339059327378, 2.5, 3.5355339059327378, 5.5901699437494745, 6.146834128341805, 3.0413812651491097, 0.52704627669473, 2.7131367660166172, 5.522680508593631, 2.5, 0.0, 2.5, 5.0, 5.5], [14.115594213493104, 13.270686158262922, 13.001068332170929, 13.341664064126334, 13.46291201783626, 12.747548783981962, 12.5, 12.747548783981962, 12.854960132182441, 11.180339887498949, 10.307764064044152, 10.0, 10.307764064044152, 9.144825688675045, 9.57815893453382, 9.013878188659973, 7.905694150420948, 7.5, 7.905694150420948, 7.259787710497668, 6.932712311931024, 7.169856019314909, 7.0710678118654755, 5.5901699437494745, 5.0, 5.5901699437494745, 5.5901699437494745, 3.5355339059327378, 2.5, 3.5355339059327378, 3.82642800495574, 5.522680508593631, 2.713136766016618, 0.5270462766947297, 3.0413812651491097, 5.0, 2.5, 0.0, 2.5, 3.0], [15.264337522473747, 13.989083045162197, 13.2077418374393, 13.009611831257688, 14.577379737113251, 13.46291201783626, 12.747548783981962, 12.5, 12.509996003196804, 12.5, 11.180339887498949, 10.307764064044152, 10.0, 9.057015670240453, 10.92273334383755, 10.606601717798213, 9.013878188659973, 7.905694150420948, 7.5, 7.162961274934045, 6.269968101992227, 8.975078305247006, 9.013878188659973, 7.0710678118654755, 5.5901699437494745, 5.0, 7.905694150420948, 5.5901699437494745, 3.5355339059327378, 2.5, 1.9998831848064473, 8.0156097709407, 5.190803834132479, 2.3863035105460595, 0.7071067811865476, 7.5, 5.0, 2.5, 0.0, 0.5], [15.532224567009067, 14.181364924121764, 13.305178607511355, 13.0, 14.84082207965583, 13.656500283747663, 12.854960132182441, 12.509996003196804, 12.5, 12.806248474865697, 11.412712210513327, 10.44030650891055, 10.012492197250394, 9.121944532057139, 11.239176959442304, 10.965856099730654, 9.300537618869138, 8.077747210701755, 7.516648189186454, 7.247669525519711, 6.25, 9.374490366672596, 9.433981132056603, 7.433034373659253, 5.830951894845301, 5.024937810560445, 8.381527307120106, 6.041522986797286, 3.905124837953327, 2.5495097567963922, 1.8360634651405656, 8.514693182963201, 5.688682721958671, 2.877112750272012, 0.5, 8.0, 5.5, 3.0, 0.5, 0.0]];