totalHoles = 40;
zeroHoleID = 12;
C = [[0.0, 2.1666666666666665, 3.3333333333333335, 4.333333333333333, 5.166666666666667, 6.5, 7.0, 3.809909384342008, 1.75, 2.7851291611780673, 4.6733582976033174, 6.73145600891813, 3.5, 4.1163630117428225, 5.570258322356135, 7.3824115301167, 5.25, 5.679519737129579, 6.807369372803107, 7.36593133584915, 8.355387483534201, 8.75, 6.661127623840359, 7.0, 7.327649312326869, 8.232726023485645, 9.5524865872714, 8.177004269048187, 8.850993338729838, 8.75, 9.014263388898975, 9.764234623245068, 10.90011467829582, 10.5, 10.721214690716927, 11.359039474259157, 11.702326454361305, 12.349089035228468, 12.619429464123963, 14.831175954308675], [2.1666666666666665, 0.0, 1.166666666666667, 2.1666666666666665, 3.0000000000000004, 4.333333333333334, 4.833333333333334, 1.670825210277048, 2.7851291611780673, 1.75, 2.7851291611780673, 4.673358297603318, 4.1163630117428225, 3.5, 4.1163630117428225, 5.570258322356135, 5.679519737129579, 5.25, 5.679519737129579, 6.046693311223912, 6.807369372803109, 7.136078132357515, 5.858909569291034, 7.327649312326869, 7.0, 7.327649312326869, 8.232726023485647, 8.065165303182535, 8.309504828496344, 9.014263388898975, 8.75, 9.014263388898975, 9.76423462324507, 10.721214690716927, 10.5, 10.721214690716927, 10.920164833920778, 11.359039474259157, 11.559027256266468, 13.929926682049821], [3.3333333333333335, 1.166666666666667, 0.0, 0.9999999999999996, 1.8333333333333335, 3.1666666666666665, 3.6666666666666665, 0.6064288025444396, 3.764785666025506, 2.1032382440206607, 2.0155644370746373, 3.6180488910154014, 4.833333333333334, 3.689323936863109, 3.640054944640259, 4.719934086168766, 6.218811068935212, 5.378067600087517, 5.344389581607987, 5.560900206900957, 6.131091075638803, 6.403666484479375, 5.727784064946614, 7.753135566408671, 7.096556285347924, 7.0710678118654755, 7.68295371441074, 8.243643664137275, 8.242163568999981, 9.363418772601763, 8.827435137745908, 8.806957476904268, 9.305389716598535, 11.016401913107162, 10.564615994493654, 10.547511554864494, 10.65885130354632, 10.9671225842414, 11.121800413801914, 13.563713587213776], [4.333333333333333, 2.1666666666666665, 0.9999999999999996, 0.0, 0.8333333333333339, 2.166666666666667, 2.666666666666667, 0.6758647339418379, 4.6733582976033174, 2.7851291611780673, 1.75, 2.7851291611780673, 5.570258322356135, 4.1163630117428225, 3.5, 4.116363011742823, 6.807369372803107, 5.679519737129579, 5.25, 5.315726144605687, 5.679519737129579, 5.888430275643171, 5.802750240192996, 8.232726023485645, 7.327649312326869, 7.0, 7.327649312326869, 8.521694245170705, 8.315320005643619, 9.764234623245068, 9.014263388898975, 8.75, 9.014263388898975, 11.359039474259157, 10.721214690716927, 10.5, 10.533016872883307, 10.721214690716927, 10.833333333333334, 13.323318784589375], [5.166666666666667, 3.0000000000000004, 1.8333333333333335, 0.8333333333333339, 0.0, 1.333333333333333, 1.833333333333333, 1.4348409742510517, 5.454992616351047, 3.4731109973624514, 1.938283891602168, 2.2000631304073472, 6.240548408949685, 4.609772228646444, 3.5978388574871505, 3.745367509040705, 7.36593133584915, 6.046693311223912, 5.315726144605687, 5.25, 5.416666666666667, 5.560900206900957, 5.993331419781537, 8.700255424092125, 7.615773105863909, 7.0494286608522, 7.125852775477317, 8.833556883179844, 8.466506362669524, 10.161542424476927, 9.25, 8.789592962387077, 8.851004337236411, 11.702326454361305, 10.920164833920778, 10.533016872883307, 10.5, 10.584317539538285, 10.65885130354632, 13.177721686496378], [6.5, 4.333333333333334, 3.1666666666666665, 2.166666666666667, 1.333333333333333, 0.0, 0.5, 2.7405872149530457, 6.73145600891813, 4.673358297603318, 2.7851291611780673, 1.75, 7.3824115301167, 5.570258322356135, 4.116363011742823, 3.5, 8.355387483534201, 6.807369372803109, 5.679519737129579, 5.416666666666667, 5.25, 5.273755777432247, 6.5119803629831825, 9.5524865872714, 8.232726023485647, 7.327649312326869, 7.0, 9.464699844029944, 8.867362177479775, 10.90011467829582, 9.76423462324507, 9.014263388898975, 8.75, 12.349089035228468, 11.359039474259157, 10.721214690716927, 10.584317539538285, 10.5, 10.51189802081432, 13.052497017551453], [7.0, 4.833333333333334, 3.6666666666666665, 2.666666666666667, 1.833333333333333, 0.5, 0.0, 3.236047523205763, 7.215434844830906, 5.140390171097046, 3.1896098681674396, 1.8200274723201295, 7.826237921249264, 5.9675045966560525, 4.400126260814695, 3.5355339059327378, 8.75, 7.136078132357515, 5.888430275643171, 5.560900206900957, 5.273755777432247, 5.25, 6.764226115546922, 9.899494936611665, 8.506533436783231, 7.490735018081411, 7.0178344238090995, 9.737967743718377, 9.063797322442662, 11.205467415507485, 9.996179825869037, 9.147328085900883, 8.764274071479052, 12.619429464123963, 11.559027256266468, 10.833333333333334, 10.65885130354632, 10.51189802081432, 10.5, 13.040421528454074], [3.809909384342008, 1.670825210277048, 0.6064288025444396, 0.6758647339418379, 1.4348409742510517, 2.7405872149530457, 3.236047523205763, 0.0, 4.022018143001388, 2.1101841884139816, 1.4553396731764388, 3.0285373876673742, 4.895186448784904, 3.4984421868550872, 3.1470992977750694, 4.118040691182417, 6.154191319263839, 5.11373817872038, 4.880108033209036, 5.041570181857513, 5.556030917837767, 5.816413400855484, 5.341105591464723, 7.6098811567486, 6.79606787681211, 6.622059712923646, 7.134823052164939, 7.972271729529181, 7.861172813171903, 9.169051840052626, 8.505748586219351, 8.367370869470376, 8.778776703586853, 10.786924124666283, 10.229075199533314, 10.114302531217684, 10.19318846955161, 10.457205211583746, 10.59784535303551, 13.057597538801872], [1.75, 2.7851291611780673, 3.764785666025506, 4.6733582976033174, 5.454992616351047, 6.73145600891813, 7.215434844830906, 4.022018143001388, 0.0, 2.1666666666666665, 4.333333333333333, 6.5, 1.75, 2.7851291611780673, 4.6733582976033174, 6.73145600891813, 3.5, 4.1163630117428225, 5.570258322356135, 6.240548408949685, 7.3824115301167, 7.826237921249264, 5.233285918659156, 5.25, 5.679519737129579, 6.807369372803107, 8.355387483534201, 6.464803935975557, 7.249646909806505, 7.0, 7.327649312326869, 8.232726023485645, 9.5524865872714, 8.75, 9.014263388898975, 9.764234623245068, 10.161542424476927, 10.90011467829582, 11.205467415507485, 13.318610036644436], [2.7851291611780673, 1.75, 2.1032382440206607, 2.7851291611780673, 3.4731109973624514, 4.673358297603318, 5.140390171097046, 2.1101841884139816, 2.1666666666666665, 0.0, 2.1666666666666665, 4.333333333333334, 2.7851291611780673, 1.75, 2.7851291611780673, 4.673358297603318, 4.1163630117428225, 3.5, 4.1163630117428225, 4.609772228646444, 5.570258322356135, 5.9675045966560525, 4.164550591177533, 5.679519737129579, 5.25, 5.679519737129579, 6.807369372803109, 6.322751179845071, 6.577626299010236, 7.327649312326869, 7.0, 7.327649312326869, 8.232726023485647, 9.014263388898975, 8.75, 9.014263388898975, 9.25, 9.76423462324507, 9.996179825869037, 12.307089440148943], [4.6733582976033174, 2.7851291611780673, 2.0155644370746373, 1.75, 1.938283891602168, 2.7851291611780673, 3.1896098681674396, 1.4553396731764388, 4.333333333333333, 2.1666666666666665, 0.0, 2.166666666666667, 4.6733582976033174, 2.7851291611780673, 1.75, 2.7851291611780673, 5.570258322356135, 4.1163630117428225, 3.5, 3.5978388574871505, 4.116363011742823, 4.400126260814695, 4.085164701135923, 6.807369372803107, 5.679519737129579, 5.25, 5.679519737129579, 6.895619183419884, 6.584971072896527, 8.232726023485645, 7.327649312326869, 7.0, 7.327649312326869, 9.764234623245068, 9.014263388898975, 8.75, 8.789592962387077, 9.014263388898975, 9.147328085900883, 11.616041346187357], [6.73145600891813, 4.673358297603318, 3.6180488910154014, 2.7851291611780673, 2.2000631304073472, 1.75, 1.8200274723201295, 3.0285373876673742, 6.5, 4.333333333333334, 2.166666666666667, 0.0, 6.73145600891813, 4.673358297603318, 2.7851291611780673, 1.75, 7.3824115301167, 5.570258322356135, 4.116363011742823, 3.745367509040705, 3.5, 3.5355339059327378, 5.042077799203982, 8.355387483534201, 6.807369372803109, 5.679519737129579, 5.25, 8.03186368485878, 7.2696223575386565, 9.5524865872714, 8.232726023485647, 7.327649312326869, 7.0, 10.90011467829582, 9.76423462324507, 9.014263388898975, 8.851004337236411, 8.75, 8.764274071479052, 11.304391691450348], [3.5, 4.1163630117428225, 4.833333333333334, 5.570258322356135, 6.240548408949685, 7.3824115301167, 7.826237921249264, 4.895186448784904, 1.75, 2.7851291611780673, 4.6733582976033174, 6.73145600891813, 0.0, 2.1666666666666665, 4.333333333333333, 6.5, 1.75, 2.7851291611780673, 4.6733582976033174, 5.454992616351047, 6.73145600891813, 7.215434844830906, 4.065580129794922, 3.5, 4.1163630117428225, 5.570258322356135, 7.3824115301167, 4.780060778397892, 5.735824051650647, 5.25, 5.679519737129579, 6.807369372803107, 8.355387483534201, 7.0, 7.327649312326869, 8.232726023485645, 8.700255424092125, 9.5524865872714, 9.899494936611665, 11.871477011254665], [4.1163630117428225, 3.5, 3.689323936863109, 4.1163630117428225, 4.609772228646444, 5.570258322356135, 5.9675045966560525, 3.4984421868550872, 2.7851291611780673, 1.75, 2.7851291611780673, 4.673358297603318, 2.1666666666666665, 0.0, 2.1666666666666665, 4.333333333333334, 2.7851291611780673, 1.75, 2.7851291611780673, 3.4731109973624514, 4.673358297603318, 5.140390171097046, 2.5465941788640434, 4.1163630117428225, 3.5, 4.1163630117428225, 5.570258322356135, 4.586117486153733, 4.858751379115639, 5.679519737129579, 5.25, 5.679519737129579, 6.807369372803109, 7.327649312326869, 7.0, 7.327649312326869, 7.615773105863909, 8.232726023485647, 8.506533436783231, 10.724320193297462], [5.570258322356135, 4.1163630117428225, 3.640054944640259, 3.5, 3.5978388574871505, 4.116363011742823, 4.400126260814695, 3.1470992977750694, 4.6733582976033174, 2.7851291611780673, 1.75, 2.7851291611780673, 4.333333333333333, 2.1666666666666665, 0.0, 2.166666666666667, 4.6733582976033174, 2.7851291611780673, 1.75, 1.938283891602168, 2.7851291611780673, 3.1896098681674396, 2.414587111858682, 5.570258322356135, 4.1163630117428225, 3.5, 4.116363011742823, 5.3483506838390005, 4.868689892107638, 6.807369372803107, 5.679519737129579, 5.25, 5.679519737129579, 8.232726023485645, 7.327649312326869, 7.0, 7.0494286608522, 7.327649312326869, 7.490735018081411, 9.923659087094654], [7.3824115301167, 5.570258322356135, 4.719934086168766, 4.116363011742823, 3.745367509040705, 3.5, 3.5355339059327378, 4.118040691182417, 6.73145600891813, 4.673358297603318, 2.7851291611780673, 1.75, 6.5, 4.333333333333334, 2.166666666666667, 0.0, 6.73145600891813, 4.673358297603318, 2.7851291611780673, 2.2000631304073472, 1.75, 1.8200274723201295, 3.816308270904325, 7.3824115301167, 5.570258322356135, 4.116363011742823, 3.5, 6.750268540341641, 5.761050811774961, 8.355387483534201, 6.807369372803109, 5.679519737129579, 5.25, 9.5524865872714, 8.232726023485647, 7.327649312326869, 7.125852775477317, 7.0, 7.0178344238090995, 9.556979890858502], [5.25, 5.679519737129579, 6.218811068935212, 6.807369372803107, 7.36593133584915, 8.355387483534201, 8.75, 6.154191319263839, 3.5, 4.1163630117428225, 5.570258322356135, 7.3824115301167, 1.75, 2.7851291611780673, 4.6733582976033174, 6.73145600891813, 0.0, 2.1666666666666665, 4.333333333333333, 5.166666666666667, 6.5, 7.0, 3.4344726053835966, 1.75, 2.7851291611780673, 4.6733582976033174, 6.73145600891813, 3.1669026129249143, 4.4007925179586795, 3.5, 4.1163630117428225, 5.570258322356135, 7.3824115301167, 5.25, 5.679519737129579, 6.807369372803107, 7.36593133584915, 8.355387483534201, 8.75, 10.516822692681004], [5.679519737129579, 5.25, 5.378067600087517, 5.679519737129579, 6.046693311223912, 6.807369372803109, 7.136078132357515, 5.11373817872038, 4.1163630117428225, 3.5, 4.1163630117428225, 5.570258322356135, 2.7851291611780673, 1.75, 2.7851291611780673, 4.673358297603318, 2.1666666666666665, 0.0, 2.1666666666666665, 3.0000000000000004, 4.333333333333334, 4.833333333333334, 1.323556646755749, 2.7851291611780673, 1.75, 2.7851291611780673, 4.673358297603318, 2.865792161231835, 3.174076589921101, 4.1163630117428225, 3.5, 4.1163630117428225, 5.570258322356135, 5.679519737129579, 5.25, 5.679519737129579, 6.046693311223912, 6.807369372803109, 7.136078132357515, 9.2023169217817], [6.807369372803107, 5.679519737129579, 5.344389581607987, 5.25, 5.315726144605687, 5.679519737129579, 5.888430275643171, 4.880108033209036, 5.570258322356135, 4.1163630117428225, 3.5, 4.116363011742823, 4.6733582976033174, 2.7851291611780673, 1.75, 2.7851291611780673, 4.333333333333333, 2.1666666666666665, 0.0, 0.8333333333333339, 2.166666666666667, 2.666666666666667, 1.0473257402074783, 4.6733582976033174, 2.7851291611780673, 1.75, 2.7851291611780673, 3.973052498003758, 3.189269273695485, 5.570258322356135, 4.1163630117428225, 3.5, 4.116363011742823, 6.807369372803107, 5.679519737129579, 5.25, 5.315726144605687, 5.679519737129579, 5.888430275643171, 8.255337836661708], [7.36593133584915, 6.046693311223912, 5.560900206900957, 5.315726144605687, 5.25, 5.416666666666667, 5.560900206900957, 5.041570181857513, 6.240548408949685, 4.609772228646444, 3.5978388574871505, 3.745367509040705, 5.454992616351047, 3.4731109973624514, 1.938283891602168, 2.2000631304073472, 5.166666666666667, 3.0000000000000004, 0.8333333333333339, 0.0, 1.333333333333333, 1.833333333333333, 1.828934761926145, 5.454992616351047, 3.4731109973624514, 1.938283891602168, 2.2000631304073472, 4.604085202523124, 3.564915383708939, 6.240548408949685, 4.609772228646444, 3.5978388574871505, 3.745367509040705, 7.36593133584915, 6.046693311223912, 5.315726144605687, 5.25, 5.416666666666667, 5.560900206900957, 8.018237225748765], [8.355387483534201, 6.807369372803109, 6.131091075638803, 5.679519737129579, 5.416666666666667, 5.25, 5.273755777432247, 5.556030917837767, 7.3824115301167, 5.570258322356135, 4.116363011742823, 3.5, 6.73145600891813, 4.673358297603318, 2.7851291611780673, 1.75, 6.5, 4.333333333333334, 2.166666666666667, 1.333333333333333, 0.0, 0.5, 3.135421678804918, 6.73145600891813, 4.673358297603318, 2.7851291611780673, 1.75, 5.722448469081995, 4.433621960708871, 7.3824115301167, 5.570258322356135, 4.116363011742823, 3.5, 8.355387483534201, 6.807369372803109, 5.679519737129579, 5.416666666666667, 5.25, 5.273755777432247, 7.810727095143951], [8.75, 7.136078132357515, 6.403666484479375, 5.888430275643171, 5.560900206900957, 5.273755777432247, 5.25, 5.816413400855484, 7.826237921249264, 5.9675045966560525, 4.400126260814695, 3.5355339059327378, 7.215434844830906, 5.140390171097046, 3.1896098681674396, 1.8200274723201295, 7.0, 4.833333333333334, 2.666666666666667, 1.833333333333333, 0.5, 0.0, 3.6303905848115394, 7.215434844830906, 5.140390171097046, 3.1896098681674396, 1.8200274723201295, 6.163918325336405, 4.814489963246356, 7.826237921249264, 5.9675045966560525, 4.400126260814695, 3.5355339059327378, 8.75, 7.136078132357515, 5.888430275643171, 5.560900206900957, 5.273755777432247, 5.25, 7.790530983276736], [6.661127623840359, 5.858909569291034, 5.727784064946614, 5.802750240192996, 5.993331419781537, 6.5119803629831825, 6.764226115546922, 5.341105591464723, 5.233285918659156, 4.164550591177533, 4.085164701135923, 5.042077799203982, 4.065580129794922, 2.5465941788640434, 2.414587111858682, 3.816308270904325, 3.4344726053835966, 1.323556646755749, 1.0473257402074783, 1.828934761926145, 3.135421678804918, 3.6303905848115394, 0.0, 3.6314270421526413, 1.7729812414457222, 1.5775143395380704, 3.350004386454881, 2.990420036665883, 2.520079385671013, 4.550156332240089, 3.264984344199143, 3.1631016070931595, 4.328878570093418, 5.860510466944979, 4.929683869500416, 4.8628049582666195, 5.088711351552878, 5.690417380119065, 5.977433952318465, 8.17940709774285], [7.0, 7.327649312326869, 7.753135566408671, 8.232726023485645, 8.700255424092125, 9.5524865872714, 9.899494936611665, 7.6098811567486, 5.25, 5.679519737129579, 6.807369372803107, 8.355387483534201, 3.5, 4.1163630117428225, 5.570258322356135, 7.3824115301167, 1.75, 2.7851291611780673, 4.6733582976033174, 5.454992616351047, 6.73145600891813, 7.215434844830906, 3.6314270421526413, 0.0, 2.1666666666666665, 4.333333333333333, 6.5, 1.8260786604972552, 3.4582180412385997, 1.75, 2.7851291611780673, 4.6733582976033174, 6.73145600891813, 3.5, 4.1163630117428225, 5.570258322356135, 6.240548408949685, 7.3824115301167, 7.826237921249264, 9.295168243223584], [7.327649312326869, 7.0, 7.096556285347924, 7.327649312326869, 7.615773105863909, 8.232726023485647, 8.506533436783231, 6.79606787681211, 5.679519737129579, 5.25, 5.679519737129579, 6.807369372803109, 4.1163630117428225, 3.5, 4.1163630117428225, 5.570258322356135, 2.7851291611780673, 1.75, 2.7851291611780673, 3.4731109973624514, 4.673358297603318, 5.140390171097046, 1.7729812414457222, 2.1666666666666665, 0.0, 2.1666666666666665, 4.333333333333334, 1.2320940816149673, 1.6331134171612847, 2.7851291611780673, 1.75, 2.7851291611780673, 4.673358297603318, 4.1163630117428225, 3.5, 4.1163630117428225, 4.609772228646444, 5.570258322356135, 5.9675045966560525, 7.77683932259449], [8.232726023485645, 7.327649312326869, 7.0710678118654755, 7.0, 7.0494286608522, 7.327649312326869, 7.490735018081411, 6.622059712923646, 6.807369372803107, 5.679519737129579, 5.25, 5.679519737129579, 5.570258322356135, 4.1163630117428225, 3.5, 4.116363011742823, 4.6733582976033174, 2.7851291611780673, 1.75, 1.938283891602168, 2.7851291611780673, 3.1896098681674396, 1.5775143395380704, 4.333333333333333, 2.1666666666666665, 0.0, 2.166666666666667, 3.0150352015302735, 1.6624487164316282, 4.6733582976033174, 2.7851291611780673, 1.75, 2.7851291611780673, 5.570258322356135, 4.1163630117428225, 3.5, 3.5978388574871505, 4.116363011742823, 4.400126260814695, 6.629268128380425], [9.5524865872714, 8.232726023485647, 7.68295371441074, 7.327649312326869, 7.125852775477317, 7.0, 7.0178344238090995, 7.134823052164939, 8.355387483534201, 6.807369372803109, 5.679519737129579, 5.25, 7.3824115301167, 5.570258322356135, 4.116363011742823, 3.5, 6.73145600891813, 4.673358297603318, 2.7851291611780673, 2.2000631304073472, 1.75, 1.8200274723201295, 3.350004386454881, 6.5, 4.333333333333334, 2.166666666666667, 0.0, 5.104087342108445, 3.4999001307333066, 6.73145600891813, 4.673358297603318, 2.7851291611780673, 1.75, 7.3824115301167, 5.570258322356135, 4.116363011742823, 3.745367509040705, 3.5, 3.5355339059327378, 6.066634229567329], [8.177004269048187, 8.065165303182535, 8.243643664137275, 8.521694245170705, 8.833556883179844, 9.464699844029944, 9.737967743718377, 7.972271729529181, 6.464803935975557, 6.322751179845071, 6.895619183419884, 8.03186368485878, 4.780060778397892, 4.586117486153733, 5.3483506838390005, 6.750268540341641, 3.1669026129249143, 2.865792161231835, 3.973052498003758, 4.604085202523124, 5.722448469081995, 6.163918325336405, 2.990420036665883, 1.8260786604972552, 1.2320940816149673, 3.0150352015302735, 5.104087342108445, 0.0, 1.737148589913731, 1.6627851301043821, 0.9738310636467845, 2.919028670814916, 5.047969761245055, 2.8844662423868033, 2.5502231382952014, 3.7518021663744867, 4.414575165948676, 5.571112081534284, 6.023683463225499, 7.4811030165258], [8.850993338729838, 8.309504828496344, 8.242163568999981, 8.315320005643619, 8.466506362669524, 8.867362177479775, 9.063797322442662, 7.861172813171903, 7.249646909806505, 6.577626299010236, 6.584971072896527, 7.2696223575386565, 5.735824051650647, 4.858751379115639, 4.868689892107638, 5.761050811774961, 4.4007925179586795, 3.174076589921101, 3.189269273695485, 3.564915383708939, 4.433621960708871, 4.814489963246356, 2.520079385671013, 3.4582180412385997, 1.6331134171612847, 1.6624487164316282, 3.4999001307333066, 1.737148589913731, 0.0, 3.2675019901103624, 1.1765868722449906, 1.2169769798119476, 3.311585445029927, 3.939399254962896, 2.4953264120283523, 2.514623272782476, 2.9766614515066667, 3.9760401650839876, 4.39672665855873, 6.1444134261852605], [8.75, 9.014263388898975, 9.363418772601763, 9.764234623245068, 10.161542424476927, 10.90011467829582, 11.205467415507485, 9.169051840052626, 7.0, 7.327649312326869, 8.232726023485645, 9.5524865872714, 5.25, 5.679519737129579, 6.807369372803107, 8.355387483534201, 3.5, 4.1163630117428225, 5.570258322356135, 6.240548408949685, 7.3824115301167, 7.826237921249264, 4.550156332240089, 1.75, 2.7851291611780673, 4.6733582976033174, 6.73145600891813, 1.6627851301043821, 3.2675019901103624, 0.0, 2.1666666666666665, 4.333333333333333, 6.5, 1.75, 2.7851291611780673, 4.6733582976033174, 5.454992616351047, 6.73145600891813, 7.215434844830906, 8.265696933131188], [9.014263388898975, 8.75, 8.827435137745908, 9.014263388898975, 9.25, 9.76423462324507, 9.996179825869037, 8.505748586219351, 7.327649312326869, 7.0, 7.327649312326869, 8.232726023485647, 5.679519737129579, 5.25, 5.679519737129579, 6.807369372803109, 4.1163630117428225, 3.5, 4.1163630117428225, 4.609772228646444, 5.570258322356135, 5.9675045966560525, 3.264984344199143, 2.7851291611780673, 1.75, 2.7851291611780673, 4.673358297603318, 0.9738310636467845, 1.1765868722449906, 2.1666666666666665, 0.0, 2.1666666666666665, 4.333333333333334, 2.7851291611780673, 1.75, 2.7851291611780673, 3.4731109973624514, 4.673358297603318, 5.140390171097046, 6.511591431439324], [9.764234623245068, 9.014263388898975, 8.806957476904268, 8.75, 8.789592962387077, 9.014263388898975, 9.147328085900883, 8.367370869470376, 8.232726023485645, 7.327649312326869, 7.0, 7.327649312326869, 6.807369372803107, 5.679519737129579, 5.25, 5.679519737129579, 5.570258322356135, 4.1163630117428225, 3.5, 3.5978388574871505, 4.116363011742823, 4.400126260814695, 3.1631016070931595, 4.6733582976033174, 2.7851291611780673, 1.75, 2.7851291611780673, 2.919028670814916, 1.2169769798119476, 4.333333333333333, 2.1666666666666665, 0.0, 2.166666666666667, 4.6733582976033174, 2.7851291611780673, 1.75, 1.938283891602168, 2.7851291611780673, 3.1896098681674396, 5.0861369464951105], [10.90011467829582, 9.76423462324507, 9.305389716598535, 9.014263388898975, 8.851004337236411, 8.75, 8.764274071479052, 8.778776703586853, 9.5524865872714, 8.232726023485647, 7.327649312326869, 7.0, 8.355387483534201, 6.807369372803109, 5.679519737129579, 5.25, 7.3824115301167, 5.570258322356135, 4.116363011742823, 3.745367509040705, 3.5, 3.5355339059327378, 4.328878570093418, 6.73145600891813, 4.673358297603318, 2.7851291611780673, 1.75, 5.047969761245055, 3.311585445029927, 6.5, 4.333333333333334, 2.166666666666667, 0.0, 6.73145600891813, 4.673358297603318, 2.7851291611780673, 2.2000631304073472, 1.75, 1.8200274723201295, 4.327313715909685], [10.5, 10.721214690716927, 11.016401913107162, 11.359039474259157, 11.702326454361305, 12.349089035228468, 12.619429464123963, 10.786924124666283, 8.75, 9.014263388898975, 9.764234623245068, 10.90011467829582, 7.0, 7.327649312326869, 8.232726023485645, 9.5524865872714, 5.25, 5.679519737129579, 6.807369372803107, 7.36593133584915, 8.355387483534201, 8.75, 5.860510466944979, 3.5, 4.1163630117428225, 5.570258322356135, 7.3824115301167, 2.8844662423868033, 3.939399254962896, 1.75, 2.7851291611780673, 4.6733582976033174, 6.73145600891813, 0.0, 2.1666666666666665, 4.333333333333333, 5.166666666666667, 6.5, 7.0, 7.507885115724429], [10.721214690716927, 10.5, 10.564615994493654, 10.721214690716927, 10.920164833920778, 11.359039474259157, 11.559027256266468, 10.229075199533314, 9.014263388898975, 8.75, 9.014263388898975, 9.76423462324507, 7.327649312326869, 7.0, 7.327649312326869, 8.232726023485647, 5.679519737129579, 5.25, 5.679519737129579, 6.046693311223912, 6.807369372803109, 7.136078132357515, 4.929683869500416, 4.1163630117428225, 3.5, 4.1163630117428225, 5.570258322356135, 2.5502231382952014, 2.4953264120283523, 2.7851291611780673, 1.75, 2.7851291611780673, 4.673358297603318, 2.1666666666666665, 0.0, 2.1666666666666665, 3.0000000000000004, 4.333333333333334, 4.833333333333334, 5.517917731403408], [11.359039474259157, 10.721214690716927, 10.547511554864494, 10.5, 10.533016872883307, 10.721214690716927, 10.833333333333334, 10.114302531217684, 9.764234623245068, 9.014263388898975, 8.75, 9.014263388898975, 8.232726023485645, 7.327649312326869, 7.0, 7.327649312326869, 6.807369372803107, 5.679519737129579, 5.25, 5.315726144605687, 5.679519737129579, 5.888430275643171, 4.8628049582666195, 5.570258322356135, 4.1163630117428225, 3.5, 4.116363011742823, 3.7518021663744867, 2.514623272782476, 4.6733582976033174, 2.7851291611780673, 1.75, 2.7851291611780673, 4.333333333333333, 2.1666666666666665, 0.0, 0.8333333333333339, 2.166666666666667, 2.666666666666667, 3.7303327142554874], [11.702326454361305, 10.920164833920778, 10.65885130354632, 10.533016872883307, 10.5, 10.584317539538285, 10.65885130354632, 10.19318846955161, 10.161542424476927, 9.25, 8.789592962387077, 8.851004337236411, 8.700255424092125, 7.615773105863909, 7.0494286608522, 7.125852775477317, 7.36593133584915, 6.046693311223912, 5.315726144605687, 5.25, 5.416666666666667, 5.560900206900957, 5.088711351552878, 6.240548408949685, 4.609772228646444, 3.5978388574871505, 3.745367509040705, 4.414575165948676, 2.9766614515066667, 5.454992616351047, 3.4731109973624514, 1.938283891602168, 2.2000631304073472, 5.166666666666667, 3.0000000000000004, 0.8333333333333339, 0.0, 1.333333333333333, 1.833333333333333, 3.1712627721476423], [12.349089035228468, 11.359039474259157, 10.9671225842414, 10.721214690716927, 10.584317539538285, 10.5, 10.51189802081432, 10.457205211583746, 10.90011467829582, 9.76423462324507, 9.014263388898975, 8.75, 9.5524865872714, 8.232726023485647, 7.327649312326869, 7.0, 8.355387483534201, 6.807369372803109, 5.679519737129579, 5.416666666666667, 5.25, 5.273755777432247, 5.690417380119065, 7.3824115301167, 5.570258322356135, 4.116363011742823, 3.5, 5.571112081534284, 3.9760401650839876, 6.73145600891813, 4.673358297603318, 2.7851291611780673, 1.75, 6.5, 4.333333333333334, 2.166666666666667, 1.333333333333333, 0.0, 0.5, 2.6023522275899134], [12.619429464123963, 11.559027256266468, 11.121800413801914, 10.833333333333334, 10.65885130354632, 10.51189802081432, 10.5, 10.59784535303551, 11.205467415507485, 9.996179825869037, 9.147328085900883, 8.764274071479052, 9.899494936611665, 8.506533436783231, 7.490735018081411, 7.0178344238090995, 8.75, 7.136078132357515, 5.888430275643171, 5.560900206900957, 5.273755777432247, 5.25, 5.977433952318465, 7.826237921249264, 5.9675045966560525, 4.400126260814695, 3.5355339059327378, 6.023683463225499, 4.39672665855873, 7.215434844830906, 5.140390171097046, 3.1896098681674396, 1.8200274723201295, 7.0, 4.833333333333334, 2.666666666666667, 1.833333333333333, 0.5, 0.0, 2.5410927497872033], [14.831175954308675, 13.929926682049821, 13.563713587213776, 13.323318784589375, 13.177721686496378, 13.052497017551453, 13.040421528454074, 13.057597538801872, 13.318610036644436, 12.307089440148943, 11.616041346187357, 11.304391691450348, 11.871477011254665, 10.724320193297462, 9.923659087094654, 9.556979890858502, 10.516822692681004, 9.2023169217817, 8.255337836661708, 8.018237225748765, 7.810727095143951, 7.790530983276736, 8.17940709774285, 9.295168243223584, 7.77683932259449, 6.629268128380425, 6.066634229567329, 7.4811030165258, 6.1444134261852605, 8.265696933131188, 6.511591431439324, 5.0861369464951105, 4.327313715909685, 7.507885115724429, 5.517917731403408, 3.7303327142554874, 3.1712627721476423, 2.6023522275899134, 2.5410927497872033, 0.0]];