totalHoles = 40;
zeroHoleID = 15;
C = [[0.0, 1.1666666666666667, 2.3333333333333335, 3.5, 0.9166666666666665, 1.4837078178970713, 2.5069348260818876, 3.6180488910154014, 7.110937439725086, 1.833333333333333, 2.1730674684008826, 2.9674156357941426, 3.9510898637098992, 4.284932544218996, 2.75, 2.98724138815582, 3.606514168063734, 4.451123453691214, 3.666666666666666, 3.8477987935383977, 4.346134936801765, 5.068968775248516, 4.14587998014925, 4.583333333333333, 4.729487874554237, 5.143091374736491, 5.766883425598652, 7.138053976983268, 5.5, 5.622375931144333, 5.97448277631164, 6.519202405202649, 6.0, 6.437735971942655, 7.096556285347924, 7.826237921249264, 7.5, 7.8545811119654525, 8.579691784155834, 11.091627225637302], [1.1666666666666667, 0.0, 1.1666666666666667, 2.333333333333333, 1.4837078178970713, 0.9166666666666665, 1.4837078178970713, 2.506934826081887, 5.979333818075219, 2.1730674684008826, 1.833333333333333, 2.1730674684008826, 2.967415635794142, 3.3835239843980958, 2.98724138815582, 2.75, 2.98724138815582, 3.6065141680637334, 3.8477987935383977, 3.666666666666666, 3.8477987935383977, 4.346134936801765, 4.080196829117693, 4.729487874554237, 4.583333333333333, 4.729487874554237, 5.143091374736491, 6.4413851058382745, 5.622375931144333, 5.5, 5.622375931144333, 5.97448277631164, 6.112373606964083, 6.112373606964083, 7.0, 7.378647873726218, 7.5901983578238, 7.5901983578238, 8.5, 10.645470023522197], [2.3333333333333335, 1.1666666666666667, 0.0, 1.1666666666666665, 2.5069348260818876, 1.4837078178970713, 0.9166666666666665, 1.483707817897071, 4.864324903467512, 2.9674156357941426, 2.1730674684008826, 1.833333333333333, 2.1730674684008826, 2.694075800661422, 3.606514168063734, 2.98724138815582, 2.75, 2.98724138815582, 4.346134936801765, 3.8477987935383977, 3.666666666666666, 3.8477987935383977, 4.339344851599608, 5.143091374736491, 4.729487874554237, 4.583333333333333, 4.729487874554237, 5.89519226211715, 5.97448277631164, 5.622375931144333, 5.5, 5.622375931144333, 6.437735971942655, 6.0, 7.096556285347924, 7.096556285347924, 7.8545811119654525, 7.5, 8.579691784155834, 10.312618084324805], [3.5, 2.333333333333333, 1.1666666666666665, 0.0, 3.6180488910154014, 2.506934826081887, 1.483707817897071, 0.9166666666666665, 3.7806220185615858, 3.9510898637098992, 2.967415635794142, 2.1730674684008826, 1.833333333333333, 2.4062577810043577, 4.451123453691214, 3.6065141680637334, 2.98724138815582, 2.75, 5.068968775248516, 4.346134936801765, 3.8477987935383977, 3.666666666666666, 4.87175979909603, 5.766883425598652, 5.143091374736491, 4.729487874554237, 4.583333333333333, 5.544128764301826, 6.519202405202649, 5.97448277631164, 5.622375931144333, 5.5, 6.946221994724902, 6.112373606964083, 7.378647873726218, 7.0, 8.276472678623424, 7.5901983578238, 8.814445214784902, 10.104275021336193], [0.9166666666666665, 1.4837078178970713, 2.5069348260818876, 3.6180488910154014, 0.0, 1.1666666666666667, 2.3333333333333335, 3.5, 6.964023634325734, 0.9166666666666665, 1.4837078178970713, 2.5069348260818876, 3.6180488910154014, 3.845809552091202, 1.8333333333333335, 2.173067468400883, 2.967415635794143, 3.9510898637098992, 2.7499999999999996, 2.98724138815582, 3.6065141680637334, 4.451123453691213, 3.2520900621353506, 3.6666666666666665, 3.847798793538398, 4.346134936801766, 5.068968775248516, 6.46870914951689, 4.583333333333334, 4.729487874554238, 5.143091374736492, 5.766883425598652, 5.083333333333334, 5.593274731516612, 6.194195311382711, 7.018329177549629, 6.583333333333334, 6.984606089266754, 7.672552088813445, 10.27034170905908], [1.4837078178970713, 0.9166666666666665, 1.4837078178970713, 2.506934826081887, 1.1666666666666667, 0.0, 1.1666666666666667, 2.333333333333333, 5.8038458642301505, 1.4837078178970713, 0.9166666666666665, 1.4837078178970713, 2.506934826081887, 2.80674878737767, 2.173067468400883, 1.8333333333333335, 2.173067468400883, 2.967415635794142, 2.98724138815582, 2.7499999999999996, 2.98724138815582, 3.606514168063733, 3.1679291543182013, 3.847798793538398, 3.6666666666666665, 3.847798793538398, 4.346134936801765, 5.690678831601029, 4.729487874554238, 4.583333333333334, 4.729487874554238, 5.143091374736492, 5.215495076106284, 5.215495076106284, 6.083333333333334, 6.51547303646396, 6.685909727844738, 6.685909727844738, 7.583333333333334, 9.786815433533508], [2.5069348260818876, 1.4837078178970713, 0.9166666666666665, 1.483707817897071, 2.3333333333333335, 1.1666666666666667, 0.0, 1.1666666666666665, 4.646918406240598, 2.5069348260818876, 1.4837078178970713, 0.9166666666666665, 1.483707817897071, 1.9203251344911194, 2.967415635794143, 2.173067468400883, 1.8333333333333335, 2.173067468400883, 3.6065141680637334, 2.98724138815582, 2.7499999999999996, 2.9872413881558195, 3.495380194419655, 4.346134936801766, 3.847798793538398, 3.6666666666666665, 3.847798793538398, 5.06415593066039, 5.143091374736492, 4.729487874554238, 4.583333333333334, 4.729487874554238, 5.593274731516612, 5.083333333333334, 6.194195311382711, 6.19419531138271, 6.984606089266754, 6.583333333333334, 7.672552088813445, 9.423683784034932], [3.6180488910154014, 2.506934826081887, 1.483707817897071, 0.9166666666666665, 3.5, 2.333333333333333, 1.1666666666666665, 0.0, 3.4964691840478324, 3.6180488910154014, 2.506934826081887, 1.483707817897071, 0.9166666666666665, 1.4898592923806167, 3.9510898637098992, 2.967415635794142, 2.173067468400883, 1.8333333333333335, 4.451123453691213, 3.606514168063733, 2.9872413881558195, 2.7499999999999996, 4.137851193859605, 5.068968775248516, 4.346134936801765, 3.847798793538398, 3.6666666666666665, 4.650779207603365, 5.766883425598652, 5.143091374736492, 4.729487874554238, 4.583333333333334, 6.171732153761842, 5.215495076106284, 6.51547303646396, 6.083333333333334, 7.455888798646194, 6.685909727844738, 7.934191130095676, 9.19522147722057], [7.110937439725086, 5.979333818075219, 4.864324903467512, 3.7806220185615858, 6.964023634325734, 5.8038458642301505, 4.646918406240598, 3.4964691840478324, 0.0, 6.936164260076776, 5.77038787942894, 4.605062446653319, 3.440646191969629, 3.4837475314275754, 7.028775118158281, 5.8813843011603115, 4.743406492854182, 3.623720634539818, 7.237232912935099, 6.12899191322399, 5.0471542210320175, 4.013129927079332, 6.600027827812373, 7.5519505007684415, 6.497611715265134, 5.488914451953771, 4.556273470897618, 4.472936579101951, 7.960334669572501, 6.968064988782176, 6.0384727826171565, 5.205247316616823, 8.21770652226858, 6.373925476576097, 7.908555303688837, 6.409829711525848, 9.111641882215766, 7.491211069283706, 9.002031120537062, 8.721677665640405], [1.833333333333333, 2.1730674684008826, 2.9674156357941426, 3.9510898637098992, 0.9166666666666665, 1.4837078178970713, 2.5069348260818876, 3.6180488910154014, 6.936164260076776, 0.0, 1.1666666666666667, 2.3333333333333335, 3.5, 3.5917141964471986, 0.916666666666667, 1.4837078178970715, 2.5069348260818876, 3.618048891015402, 1.833333333333333, 2.1730674684008826, 2.9674156357941426, 3.9510898637098992, 2.375797611378592, 2.75, 2.98724138815582, 3.606514168063734, 4.451123453691214, 5.866612063134563, 3.666666666666667, 3.8477987935383986, 4.346134936801766, 5.068968775248517, 4.166666666666667, 4.775516260631468, 5.296749527356901, 6.240548408949685, 5.666666666666667, 6.128258770283412, 6.767980168082318, 9.466583263497665], [2.1730674684008826, 1.833333333333333, 2.1730674684008826, 2.967415635794142, 1.4837078178970713, 0.9166666666666665, 1.4837078178970713, 2.506934826081887, 5.77038787942894, 1.1666666666666667, 0.0, 1.1666666666666667, 2.333333333333333, 2.4470387233246704, 1.4837078178970715, 0.916666666666667, 1.4837078178970715, 2.506934826081887, 2.1730674684008826, 1.833333333333333, 2.1730674684008826, 2.967415635794142, 2.259225452399993, 2.98724138815582, 2.75, 2.98724138815582, 3.6065141680637334, 4.995674589352723, 3.8477987935383986, 3.666666666666667, 3.8477987935383986, 4.346134936801766, 4.32691832858239, 4.32691832858239, 5.166666666666667, 5.669117117231649, 5.785518319236594, 5.785518319236594, 6.666666666666667, 8.939688819748994], [2.9674156357941426, 2.1730674684008826, 1.833333333333333, 2.1730674684008826, 2.5069348260818876, 1.4837078178970713, 0.9166666666666665, 1.483707817897071, 4.605062446653319, 2.3333333333333335, 1.1666666666666667, 0.0, 1.1666666666666665, 1.340823769241412, 2.5069348260818876, 1.4837078178970715, 0.916666666666667, 1.4837078178970715, 2.9674156357941426, 2.1730674684008826, 1.833333333333333, 2.1730674684008826, 2.6992604953086508, 3.606514168063734, 2.98724138815582, 2.75, 2.98724138815582, 4.268326876929092, 4.346134936801766, 3.8477987935383986, 3.666666666666667, 3.8477987935383986, 4.775516260631468, 4.166666666666667, 5.296749527356901, 5.296749527356901, 6.128258770283412, 5.666666666666667, 6.767980168082318, 8.540614493429525], [3.9510898637098992, 2.967415635794142, 2.1730674684008826, 1.833333333333333, 3.6180488910154014, 2.506934826081887, 1.483707817897071, 0.9166666666666665, 3.440646191969629, 3.5, 2.333333333333333, 1.1666666666666665, 0.0, 0.5743173940403362, 3.618048891015402, 2.506934826081887, 1.4837078178970715, 0.916666666666667, 3.9510898637098992, 2.967415635794142, 2.1730674684008826, 1.833333333333333, 3.4914376724378275, 4.451123453691214, 3.6065141680637334, 2.98724138815582, 2.75, 3.7686451512643413, 5.068968775248517, 4.346134936801766, 3.8477987935383986, 3.666666666666667, 5.441609239104836, 4.32691832858239, 5.669117117231649, 5.166666666666667, 6.660413734229362, 5.785518319236594, 7.06320670013903, 8.287845189132938], [4.284932544218996, 3.3835239843980958, 2.694075800661422, 2.4062577810043577, 3.845809552091202, 2.80674878737767, 1.9203251344911194, 1.4898592923806167, 3.4837475314275754, 3.5917141964471986, 2.4470387233246704, 1.340823769241412, 0.5743173940403362, 0.0, 3.5624606920666944, 2.4038955524336743, 1.2603664918279578, 0.34721143797007803, 3.7632960356097196, 2.6925795617076798, 1.7492268471636934, 1.261676127923791, 3.195418158341117, 4.161036346429446, 3.225183889454522, 2.492312377594212, 2.1779929009167702, 3.211643214415647, 4.706018004272141, 3.903100447211631, 3.3232518664308226, 3.0945169343001635, 5.048839817854606, 3.79317558485717, 5.173657048015977, 4.594406295282585, 6.2067155288297124, 5.236479272089054, 6.542114444118748, 7.71505264227651], [2.75, 2.98724138815582, 3.606514168063734, 4.451123453691214, 1.8333333333333335, 2.173067468400883, 2.967415635794143, 3.9510898637098992, 7.028775118158281, 0.916666666666667, 1.4837078178970715, 2.5069348260818876, 3.618048891015402, 3.5624606920666944, 0.0, 1.1666666666666667, 2.3333333333333335, 3.5, 0.9166666666666661, 1.483707817897071, 2.506934826081887, 3.6180488910154014, 1.5470275898575612, 1.833333333333333, 2.1730674684008826, 2.9674156357941426, 3.9510898637098992, 5.354496399582689, 2.75, 2.98724138815582, 3.606514168063734, 4.451123453691214, 3.25, 4.000867961385935, 4.407222607392451, 5.50567888638631, 4.75, 5.292158769769142, 5.867163804693978, 8.685219289355055], [2.98724138815582, 2.75, 2.98724138815582, 3.6065141680637334, 2.173067468400883, 1.8333333333333335, 2.173067468400883, 2.967415635794142, 5.8813843011603115, 1.4837078178970715, 0.916666666666667, 1.4837078178970715, 2.506934826081887, 2.4038955524336743, 1.1666666666666667, 0.0, 1.1666666666666667, 2.333333333333333, 1.483707817897071, 0.9166666666666661, 1.483707817897071, 2.5069348260818867, 1.361241976402514, 2.1730674684008826, 1.833333333333333, 2.1730674684008826, 2.967415635794142, 4.382950968985679, 2.98724138815582, 2.75, 2.98724138815582, 3.6065141680637334, 3.45305822585011, 3.45305822585011, 4.25, 4.848396069262952, 4.891176863609729, 4.891176863609729, 5.75, 8.107704460166033], [3.606514168063734, 2.98724138815582, 2.75, 2.98724138815582, 2.967415635794143, 2.173067468400883, 1.8333333333333335, 2.173067468400883, 4.743406492854182, 2.5069348260818876, 1.4837078178970715, 0.916666666666667, 1.4837078178970715, 1.2603664918279578, 2.3333333333333335, 1.1666666666666667, 0.0, 1.1666666666666665, 2.506934826081887, 1.483707817897071, 0.9166666666666661, 1.4837078178970708, 2.008702888702601, 2.9674156357941426, 2.1730674684008826, 1.833333333333333, 2.1730674684008826, 3.531587309149139, 3.606514168063734, 2.98724138815582, 2.75, 2.98724138815582, 4.000867961385935, 3.25, 4.407222607392451, 4.407222607392451, 5.292158769769142, 4.75, 5.867163804693978, 7.6654374529331], [4.451123453691214, 3.6065141680637334, 2.98724138815582, 2.75, 3.9510898637098992, 2.967415635794142, 2.173067468400883, 1.8333333333333335, 3.623720634539818, 3.618048891015402, 2.506934826081887, 1.4837078178970715, 0.916666666666667, 0.34721143797007803, 3.5, 2.333333333333333, 1.1666666666666665, 0.0, 3.6180488910154014, 2.5069348260818867, 1.4837078178970708, 0.9166666666666661, 2.9898189065671423, 3.9510898637098992, 2.967415635794142, 2.1730674684008826, 1.833333333333333, 2.907951318364224, 4.451123453691214, 3.6065141680637334, 2.98724138815582, 2.75, 4.7762432936357, 3.45305822585011, 4.848396069262952, 4.25, 5.900211860602973, 4.891176863609729, 6.205396397043821, 7.3827646108002805], [3.666666666666666, 3.8477987935383977, 4.346134936801765, 5.068968775248516, 2.7499999999999996, 2.98724138815582, 3.6065141680637334, 4.451123453691213, 7.237232912935099, 1.833333333333333, 2.1730674684008826, 2.9674156357941426, 3.9510898637098992, 3.7632960356097196, 0.9166666666666661, 1.483707817897071, 2.506934826081887, 3.6180488910154014, 0.0, 1.1666666666666667, 2.3333333333333335, 3.5, 0.9070446476796619, 0.916666666666667, 1.4837078178970715, 2.5069348260818876, 3.618048891015402, 4.960310659880845, 1.833333333333334, 2.1730674684008835, 2.967415635794143, 3.9510898637098997, 2.333333333333334, 3.2998316455372225, 3.5316033500695156, 4.833333333333334, 3.833333333333334, 4.487637339278754, 4.972144630058766, 7.932869914425153], [3.8477987935383977, 3.666666666666666, 3.8477987935383977, 4.346134936801765, 2.98724138815582, 2.7499999999999996, 2.98724138815582, 3.606514168063733, 6.12899191322399, 2.1730674684008826, 1.833333333333333, 2.1730674684008826, 2.967415635794142, 2.6925795617076798, 1.483707817897071, 0.9166666666666661, 1.483707817897071, 2.5069348260818867, 1.1666666666666667, 0.0, 1.1666666666666667, 2.333333333333333, 0.5314276502253626, 1.4837078178970715, 0.916666666666667, 1.4837078178970715, 2.506934826081887, 3.8915690082428274, 2.1730674684008835, 1.833333333333334, 2.1730674684008835, 2.967415635794143, 2.6087459737497554, 2.6087459737497554, 3.333333333333334, 4.068851871911234, 4.00693842672377, 4.00693842672377, 4.833333333333334, 7.296044311022433], [4.346134936801765, 3.8477987935383977, 3.666666666666666, 3.8477987935383977, 3.6065141680637334, 2.98724138815582, 2.7499999999999996, 2.9872413881558195, 5.0471542210320175, 2.9674156357941426, 2.1730674684008826, 1.833333333333333, 2.1730674684008826, 1.7492268471636934, 2.506934826081887, 1.483707817897071, 0.9166666666666661, 1.4837078178970708, 2.3333333333333335, 1.1666666666666667, 0.0, 1.1666666666666665, 1.5698162071357276, 2.5069348260818876, 1.4837078178970715, 0.916666666666667, 1.4837078178970715, 2.899337695324023, 2.967415635794143, 2.1730674684008835, 1.833333333333334, 2.1730674684008835, 3.2998316455372225, 2.333333333333334, 3.5316033500695156, 3.5316033500695156, 4.487637339278754, 3.833333333333334, 4.972144630058766, 6.8012000646824164], [5.068968775248516, 4.346134936801765, 3.8477987935383977, 3.666666666666666, 4.451123453691213, 3.606514168063733, 2.9872413881558195, 2.7499999999999996, 4.013129927079332, 3.9510898637098992, 2.967415635794142, 2.1730674684008826, 1.833333333333333, 1.261676127923791, 3.6180488910154014, 2.5069348260818867, 1.4837078178970708, 0.9166666666666661, 3.5, 2.333333333333333, 1.1666666666666665, 0.0, 2.7144894037682614, 3.618048891015402, 2.506934826081887, 1.4837078178970715, 0.916666666666667, 2.095287813012759, 3.9510898637098997, 2.967415635794143, 2.1730674684008835, 1.833333333333334, 4.2064764880413215, 2.608745973749755, 4.068851871911234, 3.333333333333334, 5.190803834132479, 4.006938426723769, 5.367080729368206, 6.480941619355294], [4.14587998014925, 4.080196829117693, 4.339344851599608, 4.87175979909603, 3.2520900621353506, 3.1679291543182013, 3.495380194419655, 4.137851193859605, 6.600027827812373, 2.375797611378592, 2.259225452399993, 2.6992604953086508, 3.4914376724378275, 3.195418158341117, 1.5470275898575612, 1.361241976402514, 2.008702888702601, 2.9898189065671423, 0.9070446476796619, 0.5314276502253626, 1.5698162071357276, 2.7144894037682614, 0.0, 0.9657749103925325, 0.626423604347276, 1.6044669235747377, 2.7346743696150653, 4.0579640449535965, 1.6502326859442102, 1.477482071735008, 2.089224939794737, 3.0445017076763965, 2.0995864138898956, 2.4596455111850393, 2.956000481595959, 3.977936176328331, 3.5303326591538373, 3.7556413055016162, 4.448923962273655, 7.138667034153217], [4.583333333333333, 4.729487874554237, 5.143091374736491, 5.766883425598652, 3.6666666666666665, 3.847798793538398, 4.346134936801766, 5.068968775248516, 7.5519505007684415, 2.75, 2.98724138815582, 3.606514168063734, 4.451123453691214, 4.161036346429446, 1.833333333333333, 2.1730674684008826, 2.9674156357941426, 3.9510898637098992, 0.916666666666667, 1.4837078178970715, 2.5069348260818876, 3.618048891015402, 0.9657749103925325, 0.0, 1.1666666666666667, 2.3333333333333335, 3.5, 4.713733928370019, 0.916666666666667, 1.4837078178970715, 2.5069348260818876, 3.618048891015402, 1.416666666666667, 2.7297232256932005, 2.6835403646841036, 4.2532667183916155, 2.916666666666667, 3.7351558051691622, 4.086733278413076, 7.218612859113161], [4.729487874554237, 4.583333333333333, 4.729487874554237, 5.143091374736491, 3.847798793538398, 3.6666666666666665, 3.847798793538398, 4.346134936801765, 6.497611715265134, 2.98724138815582, 2.75, 2.98724138815582, 3.6065141680637334, 3.225183889454522, 2.1730674684008826, 1.833333333333333, 2.1730674684008826, 2.967415635794142, 1.4837078178970715, 0.916666666666667, 1.4837078178970715, 2.506934826081887, 0.626423604347276, 1.1666666666666667, 0.0, 1.1666666666666667, 2.333333333333333, 3.571962352944831, 1.4837078178970715, 0.916666666666667, 1.4837078178970715, 2.506934826081887, 1.8352262954621035, 1.8352262954621035, 2.416666666666667, 3.359274061791062, 3.1413461374951277, 3.1413461374951277, 3.916666666666667, 6.51231211774781], [5.143091374736491, 4.729487874554237, 4.583333333333333, 4.729487874554237, 4.346134936801766, 3.847798793538398, 3.6666666666666665, 3.847798793538398, 5.488914451953771, 3.606514168063734, 2.98724138815582, 2.75, 2.98724138815582, 2.492312377594212, 2.9674156357941426, 2.1730674684008826, 1.833333333333333, 2.1730674684008826, 2.5069348260818876, 1.4837078178970715, 0.916666666666667, 1.4837078178970715, 1.6044669235747377, 2.3333333333333335, 1.1666666666666667, 0.0, 1.1666666666666665, 2.4537246741364296, 2.5069348260818876, 1.4837078178970715, 0.916666666666667, 1.4837078178970715, 2.7297232256932005, 1.416666666666667, 2.6835403646841036, 2.683540364684103, 3.7351558051691622, 2.916666666666667, 4.086733278413076, 5.952669052651782], [5.766883425598652, 5.143091374736491, 4.729487874554237, 4.583333333333333, 5.068968775248516, 4.346134936801765, 3.847798793538398, 3.6666666666666665, 4.556273470897618, 4.451123453691214, 3.6065141680637334, 2.98724138815582, 2.75, 2.1779929009167702, 3.9510898637098992, 2.967415635794142, 2.1730674684008826, 1.833333333333333, 3.618048891015402, 2.506934826081887, 1.4837078178970715, 0.916666666666667, 2.7346743696150653, 3.5, 2.333333333333333, 1.1666666666666665, 0.0, 1.415922570022422, 3.618048891015402, 2.506934826081887, 1.4837078178970715, 0.916666666666667, 3.7758369197363972, 1.8352262954621035, 3.359274061791062, 2.416666666666667, 4.555978977612216, 3.1413461374951277, 4.559026455529977, 5.583954763790067], [7.138053976983268, 6.4413851058382745, 5.89519226211715, 5.544128764301826, 6.46870914951689, 5.690678831601029, 5.06415593066039, 4.650779207603365, 4.472936579101951, 5.866612063134563, 4.995674589352723, 4.268326876929092, 3.7686451512643413, 3.211643214415647, 5.354496399582689, 4.382950968985679, 3.531587309149139, 2.907951318364224, 4.960310659880845, 3.8915690082428274, 2.899337695324023, 2.095287813012759, 4.0579640449535965, 4.713733928370019, 3.571962352944831, 2.4537246741364296, 1.415922570022422, 0.0, 4.638367041099844, 3.4718980848161203, 2.3056292063036925, 1.1401745413723152, 4.673149328559812, 2.374826704418302, 3.8112601365588965, 1.9420673268367046, 5.080349610429592, 3.1002305387166595, 4.636521470423277, 4.602942386516229], [5.5, 5.622375931144333, 5.97448277631164, 6.519202405202649, 4.583333333333334, 4.729487874554238, 5.143091374736492, 5.766883425598652, 7.960334669572501, 3.666666666666667, 3.8477987935383986, 4.346134936801766, 5.068968775248517, 4.706018004272141, 2.75, 2.98724138815582, 3.606514168063734, 4.451123453691214, 1.833333333333334, 2.1730674684008835, 2.967415635794143, 3.9510898637098997, 1.6502326859442102, 0.916666666666667, 1.4837078178970715, 2.5069348260818876, 3.618048891015402, 4.638367041099844, 0.0, 1.1666666666666667, 2.3333333333333335, 3.5, 0.5, 2.386303510546059, 1.90029237516523, 3.8078865529319543, 2.0, 3.0731814857642963, 3.2188679859713276, 6.554912180637634], [5.622375931144333, 5.5, 5.622375931144333, 5.97448277631164, 4.729487874554238, 4.583333333333334, 4.729487874554238, 5.143091374736492, 6.968064988782176, 3.8477987935383986, 3.666666666666667, 3.8477987935383986, 4.346134936801766, 3.903100447211631, 2.98724138815582, 2.75, 2.98724138815582, 3.6065141680637334, 2.1730674684008835, 1.833333333333334, 2.1730674684008835, 2.967415635794143, 1.477482071735008, 1.4837078178970715, 0.916666666666667, 1.4837078178970715, 2.506934826081887, 3.4718980848161203, 1.1666666666666667, 0.0, 1.1666666666666667, 2.333333333333333, 1.2692955176439848, 1.2692955176439848, 1.5, 2.7738861628488727, 2.3154073315749675, 2.3154073315749675, 3.0, 5.767903536388475], [5.97448277631164, 5.622375931144333, 5.5, 5.622375931144333, 5.143091374736492, 4.729487874554238, 4.583333333333334, 4.729487874554238, 6.0384727826171565, 4.346134936801766, 3.8477987935383986, 3.666666666666667, 3.8477987935383986, 3.3232518664308226, 3.606514168063734, 2.98724138815582, 2.75, 2.98724138815582, 2.967415635794143, 2.1730674684008835, 1.833333333333334, 2.1730674684008835, 2.089224939794737, 2.5069348260818876, 1.4837078178970715, 0.916666666666667, 1.4837078178970715, 2.3056292063036925, 2.3333333333333335, 1.1666666666666667, 0.0, 1.1666666666666665, 2.386303510546059, 0.5, 1.90029237516523, 1.9002923751652299, 3.0731814857642963, 2.0, 3.2188679859713276, 5.1276477001170795], [6.519202405202649, 5.97448277631164, 5.622375931144333, 5.5, 5.766883425598652, 5.143091374736492, 4.729487874554238, 4.583333333333334, 5.205247316616823, 5.068968775248517, 4.346134936801766, 3.8477987935383986, 3.666666666666667, 3.0945169343001635, 4.451123453691214, 3.6065141680637334, 2.98724138815582, 2.75, 3.9510898637098997, 2.967415635794143, 2.1730674684008835, 1.833333333333334, 3.0445017076763965, 3.618048891015402, 2.506934826081887, 1.4837078178970715, 0.916666666666667, 1.1401745413723152, 3.5, 2.333333333333333, 1.1666666666666665, 0.0, 3.5355339059327378, 1.2692955176439846, 2.7738861628488727, 1.5, 4.031128874149275, 2.3154073315749675, 3.8005847503304597, 4.694576966050455], [6.0, 6.112373606964083, 6.437735971942655, 6.946221994724902, 5.083333333333334, 5.215495076106284, 5.593274731516612, 6.171732153761842, 8.21770652226858, 4.166666666666667, 4.32691832858239, 4.775516260631468, 5.441609239104836, 5.048839817854606, 3.25, 3.45305822585011, 4.000867961385935, 4.7762432936357, 2.333333333333334, 2.6087459737497554, 3.2998316455372225, 4.2064764880413215, 2.0995864138898956, 1.416666666666667, 1.8352262954621035, 2.7297232256932005, 3.7758369197363972, 4.673149328559812, 0.5, 1.2692955176439848, 2.386303510546059, 3.5355339059327378, 0.0, 2.3333333333333335, 1.5365907428821481, 3.640054944640259, 1.5, 2.773886162848873, 2.758824226207808, 6.220043041636819], [6.437735971942655, 6.112373606964083, 6.0, 6.112373606964083, 5.593274731516612, 5.215495076106284, 5.083333333333334, 5.215495076106284, 6.373925476576097, 4.775516260631468, 4.32691832858239, 4.166666666666667, 4.32691832858239, 3.79317558485717, 4.000867961385935, 3.45305822585011, 3.25, 3.45305822585011, 3.2998316455372225, 2.6087459737497554, 2.333333333333334, 2.608745973749755, 2.4596455111850393, 2.7297232256932005, 1.8352262954621035, 1.416666666666667, 1.8352262954621035, 2.374826704418302, 2.386303510546059, 1.2692955176439848, 0.5, 1.2692955176439846, 2.3333333333333335, 0.0, 1.5365907428821481, 1.5365907428821477, 2.773886162848873, 1.5, 2.758824226207808, 4.691996662451816], [7.096556285347924, 7.0, 7.096556285347924, 7.378647873726218, 6.194195311382711, 6.083333333333334, 6.194195311382711, 6.51547303646396, 7.908555303688837, 5.296749527356901, 5.166666666666667, 5.296749527356901, 5.669117117231649, 5.173657048015977, 4.407222607392451, 4.25, 4.407222607392451, 4.848396069262952, 3.5316033500695156, 3.333333333333334, 3.5316033500695156, 4.068851871911234, 2.956000481595959, 2.6835403646841036, 2.416666666666667, 2.6835403646841036, 3.359274061791062, 3.8112601365588965, 1.90029237516523, 1.5, 1.90029237516523, 2.7738861628488727, 1.5365907428821481, 1.5365907428821481, 0.0, 2.333333333333333, 1.2692955176439848, 1.2692955176439848, 1.5, 4.683470554718122], [7.826237921249264, 7.378647873726218, 7.096556285347924, 7.0, 7.018329177549629, 6.51547303646396, 6.19419531138271, 6.083333333333334, 6.409829711525848, 6.240548408949685, 5.669117117231649, 5.296749527356901, 5.166666666666667, 4.594406295282585, 5.50567888638631, 4.848396069262952, 4.407222607392451, 4.25, 4.833333333333334, 4.068851871911234, 3.5316033500695156, 3.333333333333334, 3.977936176328331, 4.2532667183916155, 3.359274061791062, 2.683540364684103, 2.416666666666667, 1.9420673268367046, 3.8078865529319543, 2.7738861628488727, 1.9002923751652299, 1.5, 3.640054944640259, 1.5365907428821477, 2.333333333333333, 0.0, 3.5355339059327378, 1.2692955176439846, 2.7738861628488727, 3.271886019102819], [7.5, 7.5901983578238, 7.8545811119654525, 8.276472678623424, 6.583333333333334, 6.685909727844738, 6.984606089266754, 7.455888798646194, 9.111641882215766, 5.666666666666667, 5.785518319236594, 6.128258770283412, 6.660413734229362, 6.2067155288297124, 4.75, 4.891176863609729, 5.292158769769142, 5.900211860602973, 3.833333333333334, 4.00693842672377, 4.487637339278754, 5.190803834132479, 3.5303326591538373, 2.916666666666667, 3.1413461374951277, 3.7351558051691622, 4.555978977612216, 5.080349610429592, 2.0, 2.3154073315749675, 3.0731814857642963, 4.031128874149275, 1.5, 2.773886162848873, 1.2692955176439848, 3.5355339059327378, 0.0, 2.3333333333333335, 1.5365907428821481, 5.37169625645788], [7.8545811119654525, 7.5901983578238, 7.5, 7.5901983578238, 6.984606089266754, 6.685909727844738, 6.583333333333334, 6.685909727844738, 7.491211069283706, 6.128258770283412, 5.785518319236594, 5.666666666666667, 5.785518319236594, 5.236479272089054, 5.292158769769142, 4.891176863609729, 4.75, 4.891176863609729, 4.487637339278754, 4.00693842672377, 3.833333333333334, 4.006938426723769, 3.7556413055016162, 3.7351558051691622, 3.1413461374951277, 2.916666666666667, 3.1413461374951277, 3.1002305387166595, 3.0731814857642963, 2.3154073315749675, 2.0, 2.3154073315749675, 2.773886162848873, 1.5, 1.2692955176439848, 1.2692955176439846, 2.3333333333333335, 0.0, 1.5365907428821481, 3.4901315035809137], [8.579691784155834, 8.5, 8.579691784155834, 8.814445214784902, 7.672552088813445, 7.583333333333334, 7.672552088813445, 7.934191130095676, 9.002031120537062, 6.767980168082318, 6.666666666666667, 6.767980168082318, 7.06320670013903, 6.542114444118748, 5.867163804693978, 5.75, 5.867163804693978, 6.205396397043821, 4.972144630058766, 4.833333333333334, 4.972144630058766, 5.367080729368206, 4.448923962273655, 4.086733278413076, 3.916666666666667, 4.086733278413076, 4.559026455529977, 4.636521470423277, 3.2188679859713276, 3.0, 3.2188679859713276, 3.8005847503304597, 2.758824226207808, 2.758824226207808, 1.5, 2.7738861628488727, 1.5365907428821481, 1.5365907428821481, 0.0, 3.8860110227250604], [11.091627225637302, 10.645470023522197, 10.312618084324805, 10.104275021336193, 10.27034170905908, 9.786815433533508, 9.423683784034932, 9.19522147722057, 8.721677665640405, 9.466583263497665, 8.939688819748994, 8.540614493429525, 8.287845189132938, 7.71505264227651, 8.685219289355055, 8.107704460166033, 7.6654374529331, 7.3827646108002805, 7.932869914425153, 7.296044311022433, 6.8012000646824164, 6.480941619355294, 7.138667034153217, 7.218612859113161, 6.51231211774781, 5.952669052651782, 5.583954763790067, 4.602942386516229, 6.554912180637634, 5.767903536388475, 5.1276477001170795, 4.694576966050455, 6.220043041636819, 4.691996662451816, 4.683470554718122, 3.271886019102819, 5.37169625645788, 3.4901315035809137, 3.8860110227250604, 0.0]];